1.068306570038167341e-01
1.090388759818316511e-01
1.112912115154986031e-01
1.135879239264861035e-01
1.159292040486097769e-01
1.183151638145970297e-01
1.207458254951641191e-01
1.232211093084533554e-01
1.257408190391068603e-01
1.283046252014868049e-01
1.309120451416095066e-01
1.335624192833999302e-01
1.362548824686143634e-01
1.389883289880362027e-01
1.417613694155564763e-01
1.445722766782144286e-01
1.474189178382525611e-01
1.502986666989979125e-01
1.532082903791709971e-01
1.561438001277196119e-01
1.591002524016910946e-01
1.620714798527441713e-01
1.650497221498858080e-01
1.680251115122521344e-01
1.709849440834760315e-01
1.739126301026670818e-01
1.767861531333256020e-01
1.795757632572965168e-01
1.822404475831099213e-01
1.847223997498888548e-01
1.869381225241352473e-01
1.887636872973631474e-01
1.900094957877118129e-01
1.903754310893606971e-01
1.893677212105653873e-01
1.861372033591018882e-01
1.791467297664190439e-01
1.654421173270674839e-01
1.389326635875189064e-01
8.598691803379401866e-02
-2.689431012677934163e-02
-2.906540065827530328e-01
-9.755766348010297406e-01
-2.740281965715945844e+00
-2.453755872680152272e+00
-9.991147141975298407e-01
-4.411271043766574751e-01
-2.174291869392358523e-01
-1.173259852505140199e-01
-6.759549114753360399e-02
-4.055227074482364857e-02
-2.468033879854714119e-02
-1.473893752815941260e-02
-8.146993879732666866e-03
-3.543955736123372002e-03
-1.694084462279810133e-04
2.424002856780738124e-03
4.511933518643485019e-03
6.271849048938904492e-03
7.823152534969568528e-03
9.250085690541143268e-03
1.061537311709043196e-02
1.196872810133486897e-02
1.335244406792596150e-02
1.480532893739283651e-02
1.636573283258729861e-02
1.807415220804436951e-02
1.997575842129428736e-02
2.212314392298742050e-02
2.457958120764835996e-02
2.742314209478025067e-02
3.075213434378160082e-02
3.469249900530962938e-02
3.940811351077888602e-02
4.511542947153285299e-02
5.210465691472948579e-02
6.077099175783923224e-02
7.166153259406599085e-02
8.554720277313143662e-02
1.035354007418289313e-01
1.272505481617827172e-01
1.591306357888495060e-01
2.029269899695330670e-01
2.645689408856995994e-01
3.536979637005666088e-01
4.864459879991913649e-01
6.905052140976626340e-01
1.014141367891528089e+00
1.540331376416096854e+00
2.398734153476405506e+00
3.725001098686476553e+00
5.403753196411973825e+00
6.565486405311263596e+00
6.100359118189334851e+00
4.448845082729255829e+00
2.830075506508431982e+00
1.706486847325086931e+00
1.010020960429401038e+00
5.870843278812246657e-01
3.263244015268718656e-01
1.611710275977097928e-01
5.352943471014726118e-02
-1.850200634333784566e-02
-6.779885067708776858e-02
-1.021466133118227038e-01
-1.263924039182734438e-01
-1.436401507005655720e-01
-1.559306003715143496e-01
-1.646385243590042236e-01
-1.707109470281129859e-01
-1.748136980957767928e-01
-1.774237485771797962e-01
-1.788886973278964176e-01
-1.794658939649942941e-01
-1.793486651682473787e-01
-1.786842088974874565e-01
-1.775860048479565301e-01
-1.761425531014506052e-01
-1.744236145724636922e-01
-1.724847262545997628e-01
-1.703705084586404628e-01
-1.681171151781041262e-01
-1.657540692628535761e-01
-1.633056508885767366e-01
-1.607919582024436023e-01
-1.582297249722705024e-01
-1.556329564132235832e-01
-1.530134277488648664e-01
-1.503810782667528434e-01
-1.477443251693629778e-01
-1.451103153984091843e-01
-1.424851291381899199e-01
-1.398739454105674407e-01
-1.372811777286022661e-01
-1.347105859467601641e-01
-1.321653690673926240e-01
-1.296482427175859597e-01
-1.271615042119845773e-01
-1.247070875035017068e-01
-1.222866098500075549e-01
-1.199014116560150750e-01
-1.175525906603781673e-01
-1.152410314148343967e-01
-1.129674308189867471e-01
-1.107323203359337760e-01
-1.085360853992571040e-01
-1.063789824317679655e-01
-1.042611538233065710e-01
-1.021826411562194725e-01
-1.001433969191249801e-01
-9.814329491087478430e-02
-9.618213950456715178e-02
-9.425967391547397656e-02
-9.237558759496856953e-02
-9.052952285478081673e-02
-8.872108081112459188e-02
-8.694982672549786407e-02
-8.521529480899829589e-02
-8.351699254785806270e-02
-8.185440460070278479e-02
-8.022699631169655232e-02
-7.863421687840048413e-02
-7.707550220857038725e-02
-7.555027749622753031e-02
-7.405795954388409708e-02
-7.259795885495481937e-02
-7.116968151774785700e-02
-6.977253090024435056e-02
-6.840590917300551355e-02
-6.706921867556356331e-02
-6.576186314056639559e-02
-6.448324878818596784e-02
-6.323278530236448036e-02
-6.200988669939121178e-02
-6.081397209816531702e-02
-5.964446640099260039e-02
-5.850080089263109268e-02
-5.738241376488387169e-02
-5.628875057330753190e-02
-5.521926463200151070e-02
-5.417341735208066472e-02
-5.315067852880208527e-02
-5.215052658198508773e-02
-5.117244875402892496e-02
-5.021594126932420188e-02
-4.928050945869575511e-02
-4.836566785215087871e-02
-4.747094024290435255e-02
-4.659585972545865484e-02
-4.573996871032194600e-02
-4.490281891760170702e-02
-4.408397135168325154e-02
-4.328299625893046454e-02
-4.249947307017700598e-02
-4.173299032973469547e-02
-4.098314561231598124e-02
-4.024954542938552482e-02
-3.953180512609048153e-02
-3.882954877002035843e-02
-3.814240903281083950e-02
