7.923134166729711714e-03
7.831004757067411282e-03
7.734690000915145358e-03
7.634055973504222381e-03
7.528965660400899207e-03
7.419279008078177862e-03
7.304852993568200503e-03
7.185541716376392385e-03
7.061196516503637222e-03
6.931666123211388530e-03
6.796796840276231322e-03
6.656432774813952902e-03
6.510416118595957480e-03
6.358587493129452817e-03
6.200786372988376094e-03
6.036851606152665584e-03
5.866622055988451878e-03
5.689937397556354970e-03
5.506639112181493934e-03
5.316571740144104830e-03
5.119584473992494500e-03
4.915533207989875031e-03
4.704283207610487905e-03
4.485712635503957824e-03
4.259717280604730094e-03
4.026217008036153677e-03
3.785164718112798976e-03
3.536559040985681746e-03
3.280462721146404359e-03
3.017029888436356666e-03
2.746547600551790813e-03
2.469501034310428444e-03
2.186679281701658928e-03
1.899353765033195973e-03
1.609592825124073201e-03
1.320846306582051932e-03
1.039102462873559007e-03
7.753611425574402638e-04
5.514596850802189199e-04
4.156416596983181222e-04
4.919313300260075295e-04
1.180442449399493610e-03
4.344053915705026192e-03
2.456631454588108221e-02
8.093460775479982550e-02
9.447245523191688532e-02
9.704737927903374362e-02
9.789430017342140578e-02
9.827810866493967568e-02
9.849087722276964052e-02
9.862666828978675082e-02
9.872283593881930885e-02
9.879648726112852386e-02
9.885630222065922013e-02
9.890703256914748498e-02
9.895143093913846832e-02
9.899115759626714306e-02
9.902723870233914871e-02
9.906031166691811607e-02
9.909076254416762652e-02
9.911880547424151144e-02
9.914452933079637154e-02
9.916792480015960976e-02
9.918889905675552787e-02
9.920728195180641973e-02
9.922282578365414218e-02
9.923519957689913573e-02
9.924397800336566544e-02
9.924862442406441609e-02
9.924846687924510080e-02
9.924266508540982579e-02
9.923016548361537903e-02
9.920963994775662542e-02
9.917940164252031510e-02
9.913728830063123221e-02
9.908049817813997795e-02
9.900535597394427567e-02
9.890697302660791945e-02
9.877874448482276692e-02
9.861158919960341662e-02
9.839277316917029170e-02
9.810403985862357901e-02
9.771855106843771455e-02
9.719571719144354249e-02
9.647214443489263158e-02
9.544516130729208125e-02
9.394162273455629319e-02
9.165660762865864009e-02
8.803023124753993345e-02
8.200671360523326126e-02
7.165106854446154361e-02
5.409180708041265440e-02
2.800439326927843531e-02
-9.098693749072148639e-04
-2.354584587818366742e-02
-3.760626819309356023e-02
-4.564053241991574555e-02
-5.020165776006149660e-02
-5.282030131871064821e-02
-5.432170958362989022e-02
-5.515206650045087478e-02
-5.556135311170113528e-02
-5.569582174732844171e-02
-5.564475052016518847e-02
-5.546480434889698719e-02
-5.519322619735652496e-02
-5.485526518008244923e-02
-5.446851709898824223e-02
-5.404554845781329997e-02
-5.359553243729838629e-02
-5.312529766847028795e-02
-5.264001769415570242e-02
-5.214367465349102615e-02
-5.163937763290584598e-02
-5.112958538776474215e-02
-5.061626486628707788e-02
-5.010100583910315208e-02
-4.958510500772420060e-02
-4.906962855981987504e-02
-4.855545928530923677e-02
-4.804333248565261644e-02
-4.753386364794827401e-02
-4.702756999771687263e-02
-4.652488745265064007e-02
-4.602618408604640388e-02
-4.553177091609560134e-02
-4.504191062785993516e-02
-4.455682468335614432e-02
-4.407669916455750347e-02
-4.360168961251981168e-02
-4.313192506522400826e-02
-4.266751145112322730e-02
-4.220853446098367379e-02
-4.175506199440875976e-02
-4.130714625726840394e-02
-4.086482557072862454e-02
-4.042812594051203856e-02
-3.999706242557132807e-02
-3.957164033788231755e-02
-3.915185629925906768e-02
-3.873769917635995486e-02
-3.832915091133928809e-02
-3.792618726262447781e-02
-3.752877846781339788e-02
-3.713688983880265859e-02
-3.675048229758307028e-02
-3.636951285990594473e-02
-3.599393507285572613e-02
-3.562369941158570474e-02
-3.525875363962655690e-02
-3.489904313666159635e-02
-3.454451119707598050e-02
-3.419509930220718252e-02
-3.385074736882857233e-02
-3.351139397610446852e-02
-3.317697657300151121e-02
-3.284743166788862273e-02
-3.252269500190516083e-02
-3.220270170746675209e-02
-3.188738645318617976e-02
-3.157668357630057793e-02
-3.127052720365265659e-02
-3.096885136212582101e-02
-3.067159007936879483e-02
-3.037867747558907483e-02
-3.009004784708490393e-02
-2.980563574216590211e-02
-2.952537603004824762e-02
-2.924920396325354777e-02
-2.897705523399501937e-02
-2.870886602502811802e-02
-2.844457305536517849e-02
-2.818411362124591951e-02
-2.792742563272426759e-02
-2.767444764620548281e-02
-2.742511889323193813e-02
-2.717937930580907602e-02
-2.693716953853449864e-02
-2.669843098777766738e-02
-2.646310580812957086e-02
-2.623113692634275462e-02
-2.600246805295673702e-02
-2.577704369179079080e-02
-2.555480914746835475e-02
-2.533571053114398036e-02
-2.511969476456537426e-02
-2.490670958262435758e-02
-2.469670353449743977e-02
-2.448962598352870390e-02
-2.428542710593577930e-02
-2.408405788845627976e-02
-2.388547012502394151e-02
-2.368961641256444456e-02
-2.349645014599324733e-02
-2.330592551249588418e-02
-2.311799748514538344e-02
-2.293262181594682425e-02
-2.274975502834603036e-02
-2.256935440927890224e-02
-2.239137800079400026e-02
