-1.193343192711155687e-01
-1.217134772292409739e-01
-1.241342975467351478e-01
-1.265965217794199349e-01
-1.290997694813633967e-01
-1.316435223191979587e-01
-1.342271056636502591e-01
-1.368496670980052787e-01
-1.395101511284087270e-01
-1.422072691768103969e-01
-1.449394636676070436e-01
-1.477048646581841651e-01
-1.505012369794667682e-01
-1.533259151958229483e-01
-1.561757227972269124e-01
-1.590468708002922837e-01
-1.619348292153520441e-01
-1.648341624205335587e-01
-1.677383160521392358e-01
-1.706393380916981228e-01
-1.735275096644546267e-01
-1.763908505105611924e-01
-1.792144483292990587e-01
-1.819795373071643185e-01
-1.846622143400180049e-01
-1.872316237815251916e-01
-1.896473494361705925e-01
-1.918556023784364351e-01
-1.937835429867657000e-01
-1.953306484380936126e-01
-1.963552880807588330e-01
-1.966533175342438378e-01
-1.959229833228558482e-01
-1.937055652638966785e-01
-1.892814128705288257e-01
-1.814805308769767977e-01
-1.683217239824401634e-01
-1.462894697507408359e-01
-1.087998295302551044e-01
-4.273392119758956387e-02
7.993275847116004806e-02
3.235727585466778855e-01
8.446522484421188359e-01
2.009882135639490919e+00
4.226132079360198190e+00
4.925374591487311271e+00
2.752821798009609466e+00
1.325346292774792989e+00
6.722207650265010770e-01
3.692170310970729341e-01
2.177223770802245717e-01
1.357517710378104980e-01
8.815962054818143878e-02
5.880344919833080386e-02
3.972873160279677407e-02
2.675711619447046496e-02
1.756707262610174292e-02
1.080387040533048459e-02
5.641989384971790589e-03
1.558405758029068888e-03
-1.790473431428740714e-03
-4.638462750368999021e-03
-7.150552272566113032e-03
-9.447871209860791986e-03
-1.162346479742765171e-02
-1.375266682566733678e-02
-1.590025057736116354e-02
-1.812567024052086362e-02
-2.048722292809401768e-02
-2.304569613011792084e-02
-2.586792823584793677e-02
-2.903065588876624359e-02
-3.262503126139348897e-02
-3.676226080321687295e-02
-4.158095381143134261e-02
-4.725699803280503097e-02
-5.401714414281871823e-02
-6.215805617118963511e-02
-7.207349695173759230e-02
-8.429378036767182225e-02
-9.954400213432207378e-02
-1.188314943566425308e-01
-1.435795529994040032e-01
-1.758357366508910835e-01
-2.186024175472418563e-01
-2.763708262462192811e-01
-3.559974360985681541e-01
-4.681566268460381486e-01
-6.297428712982129362e-01
-8.677237227680031362e-01
-1.224714101017124968e+00
-1.764505805382199144e+00
-2.567253106225597215e+00
-3.679762820159128367e+00
-4.959758681549460313e+00
-5.881942643235973378e+00
-5.803862307690915046e+00
-4.762801344209504073e+00
-3.429004542057667138e+00
-2.303281278966352374e+00
-1.502744763888881119e+00
-9.690764148006908441e-01
-6.184575149695833440e-01
-3.862734604564413421e-01
-2.298896051292221576e-01
-1.224804176272800138e-01
-4.728746423885185624e-02
6.263766980192431166e-03
4.496222893530546494e-02
7.325482889952775190e-02
9.411508862933902486e-02
1.095717501296642610e-01
1.210357159408716882e-01
1.295059902869052371e-01
1.357018606433889885e-01
1.401493192971040025e-01
1.432385799045408359e-01
1.452630087002635129e-01
1.464458989955742529e-01
1.469591627406106882e-01
1.469365637733086039e-01
1.464832107748533230e-01
1.456824516168671313e-01
1.446009387275451474e-01
1.432923913615915812e-01
1.418004187325744014e-01
1.401606589552909510e-01
1.384024144310259663e-01
1.365499130392890947e-01
1.346232887279265045e-01
1.326393498679933614e-01
1.306121857685747234e-01
1.285536488218090301e-01
1.264737403667136051e-01
1.243809214918344674e-01
1.222823649267097967e-01
1.201841604001097630e-01
1.180914830159530693e-01
1.160087320635319469e-01
1.139396460570582525e-01
1.118873985588681730e-01
1.098546783858459081e-01
1.078437570596006839e-01
1.058565457851886465e-01
1.038946437929309241e-01
1.019593795229917776e-01
1.000518458524138621e-01
9.817293034114489558e-02
9.632334129575527426e-02
9.450363030704878042e-02
9.271421180257019556e-02
9.095538006225499517e-02
8.922732406980413145e-02
8.753014051090568515e-02
8.586384517892360624e-02
8.422838300733680172e-02
8.262363691395865906e-02
8.104943561377908612e-02
7.950556053373772358e-02
7.799175194312696346e-02
7.650771439705467136e-02
7.505312157650798066e-02
7.362762059713497120e-02
7.223083584906193899e-02
7.086237242148350768e-02
6.952181915943306256e-02
6.820875139334051096e-02
6.692273337721933724e-02
6.566332046713715953e-02
6.443006106736384742e-02
6.322249836866850048e-02
6.204017190028959794e-02
6.088261891459799402e-02
5.974937562148208148e-02
5.863997828742376767e-02
5.755396421276344487e-02
5.649087259915647197e-02
5.545024531794626177e-02
5.443162758909698973e-02
5.343456857934167359e-02
5.245862192734199875e-02
5.150334620285289960e-02
5.056830530622594827e-02
4.965306881390664506e-02
4.875721227534920293e-02
4.788031746553455398e-02
4.702197259785419192e-02
4.618177250088718877e-02
4.535931876261443951e-02
4.455421984535653385e-02
4.376609117413877287e-02
4.299455520125111674e-02
4.223924144931878732e-02
4.149978653505412979e-02
4.077583417569186075e-02
4.006703517989122776e-02
3.937304742476534225e-02
3.869353582047192763e-02
3.802817226384419547e-02
3.737663558217508425e-02
