-8.066696035798862074e-03
-8.280299895770185103e-03
-8.501169364522678795e-03
-8.729610003362323067e-03
-8.965943095519360306e-03
-9.210506645158794692e-03
-9.463656454274618768e-03
-9.725767284450029249e-03
-9.997234111070674167e-03
-1.027847347815809276e-02
-1.056992496261292824e-02
-1.087205275716229824e-02
-1.118534738177291710e-02
-1.151032753350496318e-02
-1.184754208473715043e-02
-1.219757223909793964e-02
-1.256103385307157094e-02
-1.293857992869425211e-02
-1.333090327827812782e-02
-1.373873935486026598e-02
-1.416286923042704704e-02
-1.460412268569642735e-02
-1.506338134659272743e-02
-1.554158175781138185e-02
-1.603971821357713656e-02
-1.655884505449015109e-02
-1.710007796151052917e-02
-1.766459348952514885e-02
-1.825362560675702905e-02
-1.886845720428127759e-02
-1.951040315701474404e-02
-2.018077906708054536e-02
-2.088084534011319660e-02
-2.161170775311919978e-02
-2.237413889675164691e-02
-2.316825010929905726e-02
-2.399286734593282511e-02
-2.484428624594743618e-02
-2.571363122841099913e-02
-2.658079331722845717e-02
-2.739903275274448158e-02
-2.805040498073228805e-02
-2.819287232293761492e-02
-2.661772205399225155e-02
-1.843895361928049592e-02
2.429772722956691222e-03
1.546779091611127227e-02
1.948801820750247632e-02
2.096228488662332801e-02
2.165506252079178739e-02
2.204502852469485824e-02
2.229500031315730102e-02
2.247160773780140092e-02
2.260610612876669256e-02
2.271473393709996791e-02
2.280661907324321724e-02
2.288722381806369832e-02
2.295998828805747433e-02
2.302717391098432070e-02
2.309032313641241202e-02
2.315052293315336684e-02
2.320856245811422913e-02
2.326503099726948826e-02
2.332038086389274373e-02
2.337496904259055153e-02
2.342908557418237753e-02
2.348297347626757126e-02
2.353684316721797731e-02
2.359088328857900790e-02
2.364526917701484376e-02
2.370016984525957077e-02
2.375575409368864410e-02
2.381219623447302508e-02
2.386968183752823103e-02
2.392841388493740368e-02
2.398861974108446038e-02
2.405055940939551662e-02
2.411453565980106739e-02
2.418090678706605323e-02
2.425010302051918559e-02
2.432264798218149865e-02
2.439918712651852756e-02
2.448052584513384089e-02
2.456768093511854656e-02
2.466195041085309653e-02
2.476500798667607972e-02
2.487902914673788962e-02
2.500685290515978348e-02
2.515216937905470629e-02
2.531967613585865695e-02
2.551500466840637971e-02
2.574381555289719653e-02
2.600837139044474833e-02
2.629728915075879581e-02
2.656050311212672377e-02
2.667121518610943848e-02
2.643859277671457841e-02
2.575228713003372555e-02
2.469098981555713224e-02
2.342465517766328248e-02
2.209265565592823805e-02
2.077576360173341574e-02
1.951293598790686951e-02
1.832005736422728098e-02
1.720150630077435516e-02
1.615622347093914613e-02
1.518072734320617678e-02
1.427058717225779261e-02
1.342113563348100447e-02
1.262780666344452685e-02
1.188628717004732577e-02
1.119257581829797427e-02
1.054299563577226068e-02
9.934184225915236588e-03
9.363073821166981170e-03
8.826867481038586094e-03
8.323014650935489644e-03
7.849187667799129020e-03
7.403259933927382186e-03
6.983286023058608849e-03
6.587483745128568102e-03
6.214218077734916246e-03
5.861986818811761035e-03
5.529407796385256424e-03
5.215207471083227464e-03
4.918210776031193415e-03
4.637332051857213921e-03
4.371566948921930956e-03
4.119985183182513916e-03
3.881724045468853967e-03
3.655982576141272172e-03
3.442016327992798719e-03
3.239132649871273584e-03
3.046686431929054861e-03
2.864076260777101424e-03
2.690740939214990995e-03
2.526156330788165844e-03
2.369832494256977895e-03
2.221311077270925888e-03
2.080162942197191778e-03
1.945986000225396334e-03
1.818403232655290552e-03
1.697060880680514861e-03
1.581626787102951431e-03
1.471788875249759737e-03
1.367253751998188244e-03
1.267745423222360612e-03
1.173004111233204999e-03
1.082785164887117152e-03
9.968580539943920626e-04
9.150054405452530404e-04
8.370223199939234859e-04
7.627152265487248395e-04
6.919014969967544892e-04
6.244085881224499535e-04
5.600734432621677639e-04
4.987419039537734078e-04
4.402681630194665852e-04
3.845142557552597151e-04
3.313495862141621617e-04
2.806504858209740716e-04
2.322998018279703869e-04
1.861865133178028375e-04
1.422053726678994268e-04
1.002565705725613765e-04
6.024542287078049618e-05
2.208207759426400463e-05
-1.431875926091036311e-05
-4.903808055410630029e-05
-8.215281866906856689e-05
-1.137360711630404364e-04
-1.438573124524326896e-04
-1.725825924937217370e-04
-1.999747233543298919e-04
-2.260934545013429386e-04
-2.509956375461239175e-04
-2.747353812233947756e-04
-2.973641970953171121e-04
-3.189311367902923633e-04
-3.394829211843287953e-04
-3.590640620828623730e-04
-3.777169769143759459e-04
-3.954820968391295488e-04
-4.123979687363429902e-04
-4.285013513825701448e-04
-4.438273062784860168e-04
-4.584092833741053308e-04
-4.722792020331219309e-04
-4.854675275578583526e-04
-4.980033434876900145e-04
-5.099144199647194509e-04
-5.212272784031191097e-04
-5.319672526517549294e-04
-5.421585468915884887e-04
-5.518242904352238520e-04
-5.609865896257192064e-04
-5.696665769906288090e-04
-5.778844578186725922e-04
-5.856595543029842477e-04
-5.930103473894450528e-04
