-8.166671652816565041e-03
-8.055073885079089280e-03
-7.938721586992353307e-03
-7.817473729844398589e-03
-7.691186886358808428e-03
-7.559715383757326101e-03
-7.422911488484701392e-03
-7.280625627829329094e-03
-7.132706654807974278e-03
-6.979002164082814819e-03
-6.819358868550895458e-03
-6.653623048564261122e-03
-6.481641088904505077e-03
-6.303260122649645414e-03
-6.118328806525324959e-03
-5.926698259583418338e-03
-5.728223206830501679e-03
-5.522763382871581639e-03
-5.310185269056522106e-03
-5.090364263453828197e-03
-4.863187419274189738e-03
-4.628556939375833013e-03
-4.386394689664313562e-03
-4.136648104631435174e-03
-3.879298023028193709e-03
-3.614369241378090347e-03
-3.341944958864168091e-03
-3.062186894702834117e-03
-2.775363837655364652e-03
-2.481893000885027067e-03
-2.182401288560481545e-03
-1.877818348910542667e-03
-1.569521888378166974e-03
-1.259571823617966491e-03
-9.511013081484054332e-04
-6.489972121013765083e-04
-3.611427507490272415e-04
-1.008200006017700989e-04
1.083141352159755488e-04
2.210134084260073628e-04
1.423445303339321288e-04
-3.529200461538373190e-04
-1.895607386477704548e-03
-6.677705896797919705e-03
-2.345979857507403399e-02
-6.248870907916301287e-02
-8.620713952982800299e-02
-9.337516505953211143e-02
-9.592395618386292955e-02
-9.706947779523411590e-02
-9.767943680166388254e-02
-9.804609964696756053e-02
-9.828738586790659870e-02
-9.845768587930459059e-02
-9.858473876296290628e-02
-9.868382571832050310e-02
-9.876388728724407040e-02
-9.883040694005797155e-02
-9.888687223669279103e-02
-9.893556030633696152e-02
-9.897798113486347416e-02
-9.901513783834550719e-02
-9.904768427198876179e-02
-9.907602249023825247e-02
-9.910036345064901497e-02
-9.912076422853598190e-02
-9.913714940678516885e-02
-9.914932105926999029e-02
-9.915695975820792984e-02
-9.915961772002318542e-02
-9.915670422876901591e-02
-9.914746263334184295e-02
-9.913093735256629790e-02
-9.910592830179353052e-02
-9.907092881677255491e-02
-9.902404128044176024e-02
-9.896286193700679079e-02
-9.888432230614797869e-02
-9.878446838154482379e-02
-9.865814907522388322e-02
-9.849856988867619623e-02
-9.829664263786414002e-02
-9.804002031529492067e-02
-9.771163535806262623e-02
-9.728743672418456445e-02
-9.673280317121911442e-02
-9.599671518870468712e-02
-9.500204096536701837e-02
-9.362894690275959386e-02
-9.168601092436615141e-02
-8.885962384953977056e-02
-8.462787783900278804e-02
-7.813157784872164224e-02
-6.806465510788572981e-02
-5.292216071171047115e-02
-3.236463767130437486e-02
-9.302363326019332315e-03
1.118380569865028845e-02
2.621210612013467542e-02
3.612210818266903267e-02
4.240564137951971513e-02
4.636557098055198167e-02
4.886725327076966302e-02
5.044210822084352341e-02
5.141309543421204026e-02
5.197959589036808825e-02
5.226784252190316837e-02
5.236000289287220943e-02
5.231103932592303524e-02
5.215866967240036928e-02
5.192939434070260180e-02
5.164223584588421845e-02
5.131111688990007413e-02
5.094640841296001199e-02
5.055595958197987155e-02
5.014579711409448276e-02
4.972060906458922180e-02
4.928408534373749511e-02
4.883916124882795723e-02
4.838819422570589390e-02
4.793309393522320050e-02
4.747541918542012851e-02
4.701645103174958984e-02
4.655724851871750891e-02
4.609869162840299350e-02
4.564151469636807540e-02
4.518633265085020279e-02
4.473366179635381024e-02
4.428393641202479913e-02
4.383752211159427231e-02
4.339472667702719277e-02
4.295580890609845826e-02
4.252098588709389559e-02
4.209043901909452490e-02
4.166431902510735891e-02
4.124275015133077593e-02
4.082583370471962875e-02
4.041365104933038188e-02
4.000626615744121151e-02
3.960372779243612196e-02
3.920607138540826986e-02
3.881332065579370938e-02
3.842548901690941848e-02
3.804258079992676317e-02
3.766459232383016081e-02
3.729151283411100831e-02
3.692332532915218457e-02
3.656000729002108207e-02
3.620153132691274200e-02
3.584786575333660796e-02
3.549897509744454754e-02
3.515482055844312143e-02
3.481536041489449035e-02
3.448055039067542821e-02
3.415034398358440804e-02
3.382469276088438670e-02
3.350354662546244089e-02
3.318685405586169201e-02
3.287456232294071884e-02
3.256661768563628989e-02
3.226296556797235426e-02
3.196355071918374063e-02
3.166831735863568503e-02
3.137720930700177435e-02
3.109017010502439227e-02
3.080714312099466778e-02
3.052807164801351475e-02
3.025289899195515025e-02
2.998156855096442697e-02
2.971402388723764360e-02
2.945020879177327744e-02
2.919006734268079356e-02
2.893354395762513104e-02
2.868058344089183948e-02
2.843113102552812660e-02
2.818513241097751060e-02
2.794253379658687142e-02
2.770328191132499090e-02
2.746732404003478928e-02
2.723460804648666217e-02
2.700508239353281714e-02
2.677869616056498953e-02
2.655539905852340177e-02
2.633514144265239332e-02
2.611787432319050833e-02
2.590354937416368408e-02
2.569211894045544953e-02
2.548353604327385780e-02
2.527775438418203985e-02
2.507472834779092552e-02
2.487441300324401416e-02
2.467676410459215819e-02
2.448173809016480906e-02
2.428929208101816839e-02
2.409938387855272562e-02
2.391197196137261061e-02
2.372701548145888378e-02
2.354447425972358565e-02
2.336430878100790448e-02
2.318648018857333293e-02
