1.106157693892921567e-02
1.132321316768891695e-02
1.159386467660580844e-02
1.187393875571562951e-02
1.216386612722951399e-02
1.246410264555200542e-02
1.277513115007666844e-02
1.309746348713890229e-02
1.343164271954513933e-02
1.377824554432867388e-02
1.413788494194440082e-02
1.451121308297634305e-02
1.489892452165748893e-02
1.530175970907748928e-02
1.572050886294222571e-02
1.615601623510257157e-02
1.660918482275773600e-02
1.708098157416092222e-02
1.757244314458125678e-02
1.808468226282433644e-02
1.861889477205712351e-02
1.917636740986800037e-02
1.975848638927438228e-02
2.036674683128962549e-02
2.100276307455359315e-02
2.166827983774020916e-02
2.236518411729231104e-02
2.309551753245006611e-02
2.386148851917417602e-02
2.466548320580905229e-02
2.551007274436858929e-02
2.639801285159164290e-02
2.733222733783152725e-02
2.831575925781168457e-02
2.935165580987075806e-02
3.044271320437563766e-02
3.159091006967279514e-02
3.279609730715639382e-02
3.405273699826404099e-02
3.534083411993339807e-02
3.659632160722790795e-02
3.758818614876742459e-02
3.717482215314302230e-02
2.599650221449954779e-02
-1.014947472060628852e-02
-1.937626918014702382e-02
-2.124715050483330647e-02
-2.191034665099931417e-02
-2.223718954486555988e-02
-2.243479061820786991e-02
-2.257198774752388476e-02
-2.267707055584199105e-02
-2.276347397109405174e-02
-2.283828340859043321e-02
-2.290554609709512246e-02
-2.296772499952003110e-02
-2.302639925565475032e-02
-2.308262752520438138e-02
-2.313714823377214375e-02
-2.319049569363256652e-02
-2.324307046473205601e-02
-2.329518369262532224e-02
-2.334708608824275639e-02
-2.339898756700996285e-02
-2.345107107901597820e-02
-2.350350278325360337e-02
-2.355643993207357650e-02
-2.361003737458468310e-02
-2.366445332194416079e-02
-2.371985486909251178e-02
-2.377642369703315134e-02
-2.383436236725530039e-02
-2.389390165839268970e-02
-2.395530948716999287e-02
-2.401890211325274915e-02
-2.408505857434275338e-02
-2.415423967331887384e-02
-2.422701340758352806e-02
-2.430408959418942777e-02
-2.438636776525786309e-02
-2.447500444233671052e-02
-2.457150903920159862e-02
-2.467788245981869522e-02
-2.479681964569813851e-02
-2.493200723095896632e-02
-2.508855799120660729e-02
-2.527362235674156243e-02
-2.549715098772389194e-02
-2.577244566988919766e-02
-2.611473870517787288e-02
-2.653067602932458746e-02
-2.697526453929015300e-02
-2.724886379059368591e-02
-2.700193510695862026e-02
-2.611840955366667022e-02
-2.484027486595503237e-02
-2.342975282231451323e-02
-2.202745599286736605e-02
-2.069020865791071362e-02
-1.943614732365951669e-02
-1.826765243756455631e-02
-1.718111638990835882e-02
-1.617092151270659722e-02
-1.523103721771649349e-02
-1.435564348772729037e-02
-1.353935245408213750e-02
-1.277726359041773257e-02
-1.206495154716854395e-02
-1.139842891794935753e-02
-1.077410204032785285e-02
-1.018872739679017869e-02
-9.639371532673891851e-03
-9.123375359950613994e-03
-8.638322837481456073e-03
-8.182013670586997522e-03
-7.752439564163694785e-03
-7.347763559688746948e-03
-6.966302024909727664e-03
-6.606508917058571961e-03
-6.266961993450920199e-03
-5.946350691943248779e-03
-5.643465446328696511e-03
-5.357188238084960308e-03
-5.086484216593072094e-03
-4.830394245606585424e-03
-4.588028255244149672e-03
-4.358559296710275838e-03
-4.141218211965298074e-03
-3.935288843139116144e-03
-3.740103717060030974e-03
-3.555040149184521270e-03
-3.379516718739764697e-03
-3.212990073290532267e-03
-3.054952026374558455e-03
-2.904926916485403576e-03
-2.762469199663702274e-03
-2.627161251361545546e-03
-2.498611356175867854e-03
-2.376451866598381507e-03
-2.260337514107802620e-03
-2.149943857838811784e-03
-2.044965857735135673e-03
-1.945116560523513227e-03
-1.850125888112969658e-03
-1.759739519146857195e-03
-1.673717855391700093e-03
-1.591835065517112346e-03
-1.513878199571917771e-03
-1.439646368132572324e-03
-1.368949980692864971e-03
-1.301610038391135676e-03
-1.237457476633868625e-03
-1.176332553602641579e-03
-1.118084280988956153e-03
-1.062569893653702441e-03
-1.009654355175314960e-03
-9.592098965443621172e-04
-9.111155855456992692e-04
-8.652569244129056092e-04
-8.215254738052485406e-04
-7.798185010782984761e-04
-7.400386511379891674e-04
-7.020936382419774857e-04
-6.658959572717650099e-04
-6.313626130998728492e-04
-5.984148667958558154e-04
-5.669779975118575954e-04
-5.369810789718730548e-04
-5.083567695808345610e-04
-4.810411152306390270e-04
-4.549733639665383411e-04
-4.300957917226753968e-04
-4.063535384015888596e-04
-3.836944536296620079e-04
-3.620689515566287431e-04
-3.414298741234757240e-04
-3.217323622562995311e-04
-3.029337344886626204e-04
-2.849933725396006090e-04
-2.678726134202683018e-04
-2.515346476568910972e-04
-2.359444232598768842e-04
-2.210685550806737454e-04
-2.068752392325526324e-04
-1.933341722672246576e-04
-1.804164748203315738e-04
-1.680946194600706212e-04
-1.563423624848236937e-04
-1.451346794416018271e-04
-1.344477041407138307e-04
-1.242586709651639920e-04
-1.145458602824882266e-04
-1.052885467736040803e-04
-9.646695052160925155e-05
-8.806219069010939871e-05
-8.005624164943159204e-05
-7.243189141074510284e-05
-6.517270223644483496e-05
-5.826297330402407937e-05
-5.168770530906627303e-05
