-2.995826800304899895e-01
-4.682822833895630144e-01
-6.610131953351809919e-01
-1.293466672636588211e+00
-2.060352109781006025e+00
-1.776792966628638393e+00
-3.024563231621171244e-01
1.085980178792956607e+00
1.589294699240805686e+00
1.401281247021675336e+00
7.729487601986524403e-01
4.322048096951362772e-02
-5.462866729340547511e-01
-5.886010169542340575e-01
2.890716384403355099e-01
1.220614130311168388e+00
1.340999737920386847e+00
9.875960586610499359e-01
5.187333584353904792e-01
1.021052916637815028e-01
-3.481315231568111734e-01
-1.343667927935946471e+00
-2.889042702565605580e+00
-3.794486261576762942e+00
-3.253811398228093399e+00
-2.286371205676804408e+00
-1.863694901431585116e+00
-1.739579551293279680e+00
-1.448551199287616331e+00
-5.304440266925175562e-01
1.009338189000448471e+00
2.539433084353793113e+00
2.977478462243225543e+00
2.035694822194197062e+00
8.246544970318093748e-01
2.344408059268729694e-01
3.262281807771159059e-01
1.013297487157281740e+00
1.783635533412740282e+00
1.631828068763887307e+00
5.325972553693902878e-01
-2.435871507895314980e-01
1.055403313608127974e-01
1.067413279887852395e+00
2.006596186234554491e+00
2.334709804646460718e+00
1.597465469087961720e+00
8.405193373499064702e-01
9.677626463989066341e-01
1.219724797481828604e+00
8.048103832384206902e-01
2.416471040007420190e-01
5.300179458128535803e-02
1.935088319575244409e-01
5.179657580218943735e-01
5.543289837097979955e-01
1.082851517298415861e-01
-2.268015520090925219e-01
-2.345476690050560253e-01
-1.290013579883344738e-02
2.146706300751962393e-01
-1.980477498051905899e-02
-6.150179093131530328e-01
-1.249751617989358854e+00
-1.618933027121263413e+00
-1.409856448996284817e+00
-7.601617239921795166e-01
1.884038951397370709e-01
7.728332520727981825e-01
1.656748866795799136e-01
-1.305055461272509820e+00
-2.368041094264145663e+00
-2.229641633736761275e+00
-1.390300542184512711e+00
-6.384141528653858311e-01
-6.282787208863587214e-01
-8.236119980565739240e-01
-4.551970918898260443e-01
-7.267850689159827127e-02
-1.077792937069000090e-01
-3.431240086642435849e-01
-2.946163616422652343e-01
6.169605003710656455e-01
2.151203674192664561e+00
2.792486341541040140e+00
1.635499226506755610e+00
-5.553534806123843620e-02
-8.678820431815887915e-01
-6.377291469221993969e-01
4.719025533975843706e-02
8.051358882604701117e-01
1.155952352671040018e+00
5.422203900717603720e-01
-5.547474096681692668e-01
-9.325770859551737457e-01
4.864852971049012098e-02
1.364435676789867991e+00
1.593533201639037111e+00
7.617750354872954155e-01
-1.696879479392035261e-01
-4.682118455112370681e-01
4.690626593087498380e-02
7.441541069186464741e-01
9.180991504442872486e-01
7.084914549411491791e-01
5.301084829024372835e-01
5.203999960182987827e-01
6.564236013925687230e-01
3.387707785760997181e-01
-5.040178842845761675e-01
-8.268169242495765348e-01
-7.102587453470694534e-01
-7.549514085742436986e-01
-5.419753431027680701e-01
2.964462681980773451e-01
9.650189849392631913e-01
7.623581527448644035e-01
2.591025370098825054e-01
-1.056733898870634153e-02
-2.167888850247464416e-01
-4.489946984783352302e-01
-2.950865030741420814e-01
7.751840186992506321e-02
-2.652183301334039983e-02
-2.032097557293803536e-01
-1.113437005367124560e-01
1.140829306950741882e-02
8.219377758158943545e-03
-3.085800005115807432e-01
-6.540103349352444084e-01
-3.876803228517215483e-01
2.344364161629597931e-01
5.238910594978304358e-01
3.675870169954474354e-01
1.714069178490907341e-01
1.898504830133611598e-01
2.920522727192095269e-01
3.102295727428701078e-01
2.138669870875270773e-01
5.185858848380278663e-02
4.676086192103690031e-03
2.409613167162404923e-01
7.783356816785235166e-01
1.161734430971746557e+00
1.073502800009150882e+00
1.097569927041236904e+00
1.212456347579577542e+00
8.197583534592567389e-01
2.711522003746177911e-01
-4.878610562087514792e-03
-2.044953531619293219e-01
-4.563032469175323236e-01
-3.205150008559737862e-01
3.472194912927366595e-01
7.554498153394972881e-01
5.805875454843083538e-01
2.324845382921443826e-01
-1.888647628245335164e-02
-1.738565123624608577e-01
-1.586596228422077204e-01
6.899526759505673901e-02
1.562994470402551822e-02
-7.369273841788064328e-01
-1.614772379869835017e+00
-1.701149762939943688e+00
-9.650466834437506636e-01
-3.577331503790524558e-01
-5.597696957951229235e-01
-1.014570557637868964e+00
-8.135202851229771381e-01
-2.519907985433618158e-01
8.307950346572290368e-02
9.697180423821598338e-02
5.553401229487409801e-02
2.419399900756331323e-01
5.872469291552698256e-02
-6.026273035133062894e-01
-7.284338150914733134e-01
-4.682966786723204433e-01
-5.284272889509363802e-01
-6.979251343735293212e-01
-7.009224371608437920e-01
-9.804526924755480044e-01
-1.632092346480370271e+00
-1.951102960941637043e+00
-1.746009605195055325e+00
-1.257123452055464385e+00
-2.864947153212585307e-01
8.843852197757674505e-01
1.515818919380218510e+00
1.306806659472170340e+00
6.564025210768399399e-01
1.767306629161722598e-01
1.049395543292005149e-02
-1.844540411954719017e-02
-2.431663042144184550e-02
-5.872712980195003707e-02
-2.118286181130469292e-01
-4.448730158880122021e-01
-3.728961322950401502e-01
-6.203621935699789314e-02
1.928133041719657104e-01
6.666772914863476895e-01
1.087634728095563608e+00
1.231305071536520801e+00
1.056564915894309564e+00
6.757362315986684687e-01
5.254387389299776112e-01
4.916486016948584115e-01
5.232347304981387059e-02
-7.631129911035834379e-01
-1.216158946922938133e+00
-7.957765125812988893e-01
-8.578634921873365404e-02
4.103302584594946123e-01
9.384665015932047716e-01
1.471352272250767923e+00
1.412339258245183915e+00
7.886392161212879559e-01
3.461303788293464967e-01
3.843739228032370669e-01
5.378908522306443674e-01
5.803587969371580835e-01
7.822949188443698576e-01
9.584668053762905870e-01
6.731156381522306331e-01
3.138159344967450526e-01
2.977295968595604636e-01
4.110607706194320810e-01
4.688936326521063180e-01
5.578640761229187728e-01
2.919354966202063473e-01
-4.284772190609454356e-01
-7.920599240582190115e-01
-5.955626545411996098e-01
-2.002273417964482161e-01
-1.239579487648303502e-01
-6.521920158652784183e-01
-1.186980248905913138e+00
-1.213295349897869579e+00
-9.422258747366636378e-01
-5.377316430038955319e-01
-1.915567664974176798e-01
-5.045844235805897054e-02
-2.337440711627729317e-02
-1.839030531299074359e-02
7.369434852604209683e-03
1.220483895337036717e-01
2.907386609595004612e-01
2.016666905752147188e-01
2.035925012273865145e-02
2.965732834363464243e-01
3.853317571941890507e-01
-1.916878606763399995e-01
-7.666442698898723318e-01
-1.278870122603267934e+00
-1.657937663087875491e+00
-1.215355939375788230e+00
-5.485654845477290209e-01
-6.200618172433232100e-01
-4.350480537661241542e-01
2.316923366579098365e-01
3.859899057402452205e-01
5.285376608157744682e-01
1.184944014556853720e+00
1.435170174141271904e+00
9.793239523640714372e-01
6.330634195279264409e-01
5.863430203340957991e-01
5.433243514812607922e-01
7.493433178312206566e-01
1.252363729511017709e+00
1.482263855260409269e+00
1.430359807566886854e+00
1.611439061760131075e+00
1.591778721309649480e+00
7.630767902880616349e-01
-3.566083802043373829e-01
-9.259382798711567331e-01
-8.048202356951509318e-01
-9.466516801745151755e-01
-2.195192998258448824e+00
-3.552609785146594756e+00
-3.248425575833096435e+00
-1.886380817317051983e+00
-1.206162846342551553e+00
-5.600956308471541911e-01
7.618986984025541975e-01
8.974758238125656318e-01
-1.046464164947540076e-01
-3.327938277864037064e-01
-8.445303110330508456e-02
-1.985566604571923077e-01
-3.415099704088476740e-01
-3.047992563788758380e-01
-2.812883934425083887e-01
-4.304445355337242485e-01
-4.128273870422938252e-01
1.044217310428314643e-01
3.032180211736927311e-01
