3.107040027304217578e-01
3.107491323384216075e-01
3.108845658089898767e-01
3.111104375501097530e-01
3.114269731551580489e-01
3.118344918420627998e-01
3.123334100089564802e-01
3.129242460516645785e-01
3.136076266389029588e-01
3.143842946950998751e-01
3.152551194043596294e-01
3.162211086190871434e-01
3.172834241384542842e-01
3.184434004126453499e-01
3.197025673335100460e-01
3.210626778861849218e-01
3.225257415632800106e-01
3.240940645787180330e-01
3.257702980588718100e-01
3.275574955270033062e-01
3.294591811255065950e-01
3.314794301174424085e-01
3.336229632594298611e-01
3.358952566047817001e-01
3.383026681403656921e-01
3.408525823307173019e-01
3.435535730644082575e-01
3.464155845941312428e-01
3.494501287353309338e-01
3.526704947302145010e-01
3.560919656983302928e-01
3.597320323842219114e-01
3.636105909449738327e-01
3.677501068147279173e-01
3.721757214051765184e-01
3.769152728786537287e-01
3.672755827985620392e-01
3.625694821325161632e-01
3.581797279103660081e-01
3.540762790304099461e-01
3.502319817884178565e-01
3.466225829996170127e-01
3.432266374779818774e-01
3.400253434014554044e-01
3.370023331138390921e-01
3.341434409898961233e-01
3.314364645807706955e-01
3.288709305972652430e-01
3.264378734670804749e-01
3.241296311917624684e-01
3.219396609598767500e-01
3.198623753209821619e-01
3.178929985862121166e-01
3.160274423811527122e-01
3.142621988334062810e-01
3.125942496586754937e-01
3.110209893407461235e-01
3.095401606381253390e-01
3.081498007514573145e-01
3.068481966242631587e-01
3.056338480062789631e-01
3.045054370683831779e-01
3.034618035135675518e-01
3.025019242738812841e-01
3.016248970155140929e-01
3.008299267928702947e-01
3.001163152966573877e-01
2.994834522318649550e-01
2.989308084404596610e-01
2.984579304504992314e-01
2.980644361916902629e-01
2.977500116663660545e-01
2.975144084076485340e-01
2.973574415924233327e-01
2.972789887093423844e-01
2.972789887093362782e-01
2.973574415924408187e-01
2.975144084076360995e-01
2.977500116663724383e-01
2.980644361917055285e-01
2.984579304505102781e-01
2.989308084404566079e-01
2.994834522318699510e-01
3.001163152966450642e-01
3.008299267928814524e-01
3.016248970155100961e-01
3.025019242738840042e-01
3.034618035135737135e-01
3.045054370683831224e-01
3.056338480062976148e-01
3.068481966242698200e-01
3.081498007514510418e-01
3.095401606381169013e-01
3.110209893407346327e-01
3.125942496586912589e-01
3.142621988334208250e-01
3.160274423811460509e-01
3.178929985862117835e-01
3.198623753209411391e-01
3.219396609598969006e-01
3.241296311917754025e-01
3.264378734670591031e-01
3.288709305972707941e-01
3.314364645807285070e-01
3.341434409898945690e-01
3.370023331137947942e-01
3.400253434014542941e-01
3.432266374779253670e-01
3.466225829995726038e-01
3.502319817884490538e-01
3.540762790305019836e-01
3.581797279103863252e-01
3.625694821324833006e-01
3.672755827986182720e-01
3.769152728787154016e-01
3.721757214050012141e-01
3.677501068148202878e-01
3.636105909449603990e-01
3.597320323842156942e-01
3.560919656981996750e-01
3.526704947302425341e-01
3.494501287352447250e-01
3.464155845941398471e-01
3.435535730644399544e-01
3.408525823307956282e-01
3.383026681403565883e-01
3.358952566048199473e-01
3.336229632594525651e-01
3.314794301174279201e-01
3.294591811254834468e-01
3.275574955269815458e-01
3.257702980588799146e-01
3.240940645787490082e-01
3.225257415632964419e-01
3.210626778861822572e-01
3.197025673334880080e-01
3.184434004126451279e-01
3.172834241384621667e-01
3.162211086191014098e-01
3.152551194043504701e-01
3.143842946950888284e-01
3.136076266389023481e-01
3.129242460516661883e-01
3.123334100089431575e-01
3.118344918420700163e-01
3.114269731551603804e-01
3.111104375501155817e-01
3.108845658089876562e-01
3.107491323384198312e-01
3.107040027304204810e-01
