3.761534328001400751e-04
4.193479165422904498e-04
4.649087971205292935e-04
5.129736729160908060e-04
5.636895317723128462e-04
6.172135098973241529e-04
6.737137219161651314e-04
7.333701696229447120e-04
7.963757378654512387e-04
8.629372870038454213e-04
9.332768525131540649e-04
1.007632963585629315e-03
1.086262094040654769e-03
1.169440260494904182e-03
1.257464784618717024e-03
1.350656238427505595e-03
1.449360593974644007e-03
1.553951601562963969e-03
1.664833423753744879e-03
1.782443555987042738e-03
1.907256068791454706e-03
2.039785211199157677e-03
2.180589420368021780e-03
2.330275788584398877e-03
2.489505045873169342e-03
2.658997124570079695e-03
2.839537381566559215e-03
3.031983564685168664e-03
3.237273622056065225e-03
3.456434467653354825e-03
3.690591832679203377e-03
3.940981351536573807e-03
4.208961053171575428e-03
4.496025454050096848e-03
4.803821478482843410e-03
5.134166466077366708e-03
5.489068565504316710e-03
5.870749859217462563e-03
6.281672616356974437e-03
6.724569131568533531e-03
7.202475677145665778e-03
7.718771175933433759e-03
8.277221293594830276e-03
8.882028753069898253e-03
9.537890791422004577e-03
1.025006481104200062e-02
1.102444342309590042e-02
1.186764024026774889e-02
1.278708794535148019e-02
1.379115033727928985e-02
1.488925022692197397e-02
1.609201520721485756e-02
1.741144343176682929e-02
1.886109156726914482e-02
2.045628698377770227e-02
2.221436593325314124e-02
2.415493882445013396e-02
2.630018256371347007e-02
2.867515805762865799e-02
3.130814802905815264e-02
3.423100581643885587e-02
3.747949916880673193e-02
4.109362335971383784e-02
4.511784410253683042e-02
4.960121134065674509e-02
5.459725830866984930e-02
6.016356443344836324e-02
6.636081388712855578e-02
7.325112283900944710e-02
8.089533839517402958e-02
8.934893518352353403e-02
9.865606209442419339e-02
1.088412417920627401e-01
1.198982308482727521e-01
1.317756486226754065e-01
1.443592058191392469e-01
1.574506547135982593e-01
1.707435989923720698e-01
1.837947644763368860e-01
1.959817411982163471e-01
2.064070879179841500e-01
2.135725292434737521e-01
2.139191183704460542e-01
1.930275679739981709e-01
4.533462436877910839e-02
-2.002570765304528821e-01
2.379786998952982124e-01
2.827851796180552157e-01
2.832457000663418101e-01
2.730495266638439666e-01
2.585097998365005201e-01
2.417658588014692800e-01
2.239742458627153321e-01
2.059237758833580012e-01
1.881856607053168928e-01
1.711643625125687795e-01
1.551275929850479685e-01
1.402326039910199718e-01
1.265510746111154217e-01
1.140916819653572528e-01
1.028193471057755326e-01
9.267072977419889279e-02
8.356608317939627495e-02
7.541790770365060237e-02
6.813697862593508237e-02
6.163633044703595298e-02
5.583371816140132726e-02
5.065298560580577814e-02
4.602467782570492105e-02
4.188615086714017610e-02
3.818136333560129270e-02
3.486047991965220139e-02
3.187937623753699101e-02
2.919910447292434208e-02
2.678535793122081843e-02
2.460795776444982264e-02
2.264037496112620423e-02
2.085929394114070801e-02
1.924421972883064852e-02
1.777712796289813296e-02
1.644215540963073208e-02
1.522532780057888474e-02
1.411432145662507021e-02
1.309825510693808648e-02
1.216750844245485103e-02
1.131356417787929280e-02
1.052887068091497291e-02
9.806722528636679925e-03
9.141156648111763150e-03
8.526861979182023821e-03
7.959100855923335882e-03
7.433640536346465544e-03
6.946693517734130185e-03
6.494865458027722360e-03
6.075109683974927455e-03
5.684687406142016619e-03
5.321132881825042793e-03
4.982222871350298898e-03
4.665949823300194477e-03
4.370498301911829309e-03
4.094224235864148131e-03
3.835636627019786693e-03
3.593381403433300314e-03
3.366227147279833576e-03
3.153052461770347592e-03
2.952834773824172809e-03
2.764640395805470496e-03
2.587615692887512697e-03
2.420979222581019774e-03
2.264014730202490444e-03
