4.436484730828663299e-04
4.597901330112912858e-04
4.767191632146284587e-04
4.944838222378036569e-04
5.131359350616572935e-04
5.327312019185400944e-04
5.533295377779540863e-04
5.749954459383053995e-04
5.977984295890213361e-04
6.218134456944051335e-04
6.471214061050756337e-04
6.738097314351358062e-04
7.019729639649635502e-04
7.317134466539015197e-04
7.631420762925352971e-04
7.963791399046504186e-04
8.315552447524874723e-04
8.688123537250343458e-04
9.083049395326456624e-04
9.502012730223160369e-04
9.946848631138005027e-04
1.041956068379025230e-03
1.092233903207139468e-03
1.145758064880891217e-03
1.202791211812852777e-03
1.263621527748638989e-03
1.328565612043154740e-03
1.397971742286412047e-03
1.472223562746893723e-03
1.551744260487847738e-03
1.637001300808028133e-03
1.728511805101951102e-03
1.826848667611522328e-03
1.932647523189110535e-03
2.046614696482458931e-03
2.169536284339975730e-03
2.302288548218520050e-03
2.445849822512305601e-03
2.601314178652675523e-03
2.769907124194349521e-03
2.953003661615699778e-03
3.152149083832505964e-03
3.369082942991969906e-03
3.605766696208614897e-03
3.864415606223766016e-03
4.147535555347700922e-03
4.457965514745997927e-03
4.798926493011296084e-03
5.174077858919042677e-03
5.587581978087870563e-03
6.044178096955797434e-03
6.549266310271395150e-03
7.109002196916834951e-03
7.730402204426209400e-03
8.421458950730679668e-03
9.191264052991551456e-03
1.005013351758996323e-02
1.100972656096951136e-02
1.208314209884215305e-02
1.328496669172350014e-02
1.463123140546569723e-02
1.613920970178173847e-02
1.782694939470202966e-02
1.971237188022899323e-02
2.181168107538720632e-02
2.413668850163043500e-02
2.669046092977758744e-02
2.946041125084337270e-02
3.240756421404897281e-02
3.545024379715616680e-02
3.843993231301348623e-02
4.112682040624851543e-02
4.311331495500890509e-02
4.379709937474320081e-02
4.231444474088377761e-02
3.751485305604534970e-02
2.803701454497947720e-02
1.261711805360152261e-02
-9.171101148186477925e-03
-3.552245304710177631e-02
-6.034371953591072257e-02
-8.598423098757296268e-02
1.155420661494042101e-01
3.926750501084678158e-01
-1.436927297625140376e+00
-3.092126076597383477e+00
-1.248306904465461331e+00
-4.036233342265517776e-01
-1.660721420320407926e-01
-7.417716844094277007e-02
-2.871341969144561301e-02
-3.404754327184150720e-03
1.114707957876825972e-02
1.931213132959327949e-02
2.352007165665544186e-02
2.525729936018150656e-02
2.547167348412018861e-02
2.477562162741958618e-02
2.356445610304645777e-02
2.209105023786696320e-02
2.051464541035313144e-02
1.893314041680987936e-02
1.740450120833311048e-02
1.596093232994768435e-02
1.461822604394872813e-02
1.338190398632963657e-02
1.225123058459448577e-02
1.122181783240551803e-02
1.028730004988678490e-02
9.440396358550099537e-03
8.673571484411115098e-03
7.979434340355162983e-03
7.350966616383985963e-03
6.781642284829181994e-03
6.265478153945435932e-03
5.797041824277194416e-03
5.371434263406422126e-03
4.984258156572616942e-03
4.631579179861293645e-03
4.309884693599141600e-03
4.016042610935853172e-03
3.747262057208131797e-03
3.501056697710944361e-03
3.275211140054384851e-03
3.067750522376678970e-03
2.876913220062318234e-03
2.701126501054453444e-03
2.538984906481309058e-03
2.389231111243211164e-03
2.250739016543672113e-03
2.122498835279821010e-03
2.003603946595140448e-03
1.893239314466094777e-03
1.790671284825699240e-03
1.695238595170900364e-03
1.606344449082124353e-03
1.523449525217414335e-03
1.446065805937291364e-03
1.373751124738587176e-03
1.306104344166687543e-03
1.242761086925655472e-03
1.183389952635486523e-03
1.127689161220379790e-03
1.075383571377683950e-03
1.026222029093186005e-03
9.799750068514865090e-04
9.364324991401637259e-04
8.954021441535905436e-04
8.567075453542133488e-04
8.201867698138572832e-04
