5.076490012025596243e-01
5.073127725947682576e-01
5.063029680838059265e-01
5.046162665203152153e-01
5.022472500790592376e-01
4.991885840326309443e-01
4.954312756245532468e-01
4.909650190172072382e-01
4.857786349371687185e-01
4.798606149640644580e-01
4.731997812618142785e-01
4.657860727450308658e-01
4.576114679727007473e-01
4.486710531807461266e-01
4.389642404742253867e-01
4.284961359404534931e-01
4.172790499464637537e-01
4.053341318271914129e-01
3.926930983202573944e-01
3.794000094251797073e-01
3.655130271075736070e-01
3.511060720991043826e-01
3.362702731641032949e-01
3.211150834549207356e-01
3.057689224786300231e-01
2.903791928941935607e-01
2.751115224190161523e-01
2.601480961521168145e-01
2.456849766840665250e-01
2.319283602400030453e-01
2.190897864789389526e-01
2.073804043180169365e-01
1.970044899014296857e-01
1.881525061097895357e-01
1.809940740145950799e-01
1.756712828676423865e-01
1.722927853668428100e-01
1.709291015067731512e-01
1.716094853889144900e-01
1.743205997548400443e-01
1.790071040784004530e-01
1.855741101348227784e-01
1.938913126421313304e-01
2.037984794592222759e-01
2.151118995754966456e-01
2.276313453184267699e-01
2.411471085891326860e-01
2.554467140282057347e-01
2.703209847913207176e-01
2.855692267562874864e-01
3.010033921298657100e-01
3.164511729887693470e-01
3.317580515804676167e-01
3.467883928037508445e-01
3.614257038151520440e-01
3.755722072076070339e-01
3.891478803458045532e-01
4.020891077085804732e-01
4.143470791405787779e-01
4.258860481253338715e-01
4.366815433513285827e-01
4.467186060798501446e-01
4.559901065860879066e-01
4.644951761029605386e-01
4.722377766514501696e-01
4.792254199501926326e-01
4.854680380936196582e-01
4.909770025707059782e-01
4.957642841063055750e-01
4.998417433730849568e-01
5.032205414962239720e-01
5.059106591523463425e-01
5.079205136863411685e-01
5.092566648321082967e-01
5.099236011594555640e-01
5.099236011594644458e-01
5.092566648321187328e-01
5.079205136863517156e-01
5.059106591523336860e-01
5.032205414962150902e-01
4.998417433730789061e-01
4.957642841063122363e-01
4.909770025707083652e-01
4.854680380936333139e-01
4.792254199502253287e-01
4.722377766514618824e-01
4.644951761029721959e-01
4.559901065860734182e-01
4.467186060798312708e-01
4.366815433513188127e-01
4.258860481253601837e-01
4.143470791405566289e-01
4.020891077085870235e-01
3.891478803458148783e-01
3.755722072075977636e-01
3.614257038151597601e-01
3.467883928037459040e-01
3.317580515804743335e-01
3.164511729887755087e-01
3.010033921298562176e-01
2.855692267562839892e-01
2.703209847913188302e-01
2.554467140281971860e-01
2.411471085891317978e-01
2.276313453184249103e-01
2.151118995755000318e-01
2.037984794592334892e-01
1.938913126421321076e-01
1.855741101348268862e-01
1.790071040784061984e-01
1.743205997548397668e-01
1.716094853889112426e-01
1.709291015067719299e-01
1.722927853668390630e-01
1.756712828676369464e-01
1.809940740145997429e-01
1.881525061097914509e-01
1.970044899014230244e-01
2.073804043180280388e-01
2.190897864789389249e-01
2.319283602399952460e-01
2.456849766840722149e-01
2.601480961521068225e-01
2.751115224189953912e-01
2.903791928941874545e-01
3.057689224786182547e-01
3.211150834549099664e-01
3.362702731641083465e-01
3.511060720991014406e-01
3.655130271075768267e-01
3.794000094251714361e-01
3.926930983202668313e-01
4.053341318272056237e-01
4.172790499464523184e-01
4.284961359404622638e-01
4.389642404742361004e-01
4.486710531807380220e-01
4.576114679726908108e-01
4.657860727450279792e-01
4.731997812618039534e-01
4.798606149640682883e-01
4.857786349371646106e-01
4.909650190172125672e-01
4.954312756245551341e-01
4.991885840326225621e-01
5.022472500790788885e-01
5.046162665203259845e-01
5.063029680838146973e-01
5.073127725947602640e-01
5.076490012025586251e-01
