4.092836036865949399e-04
4.240696368458991578e-04
4.395721942607783064e-04
4.558349274909789979e-04
4.729046962639261911e-04
4.908318448784121900e-04
5.096705059365943136e-04
5.294789344540504900e-04
5.503198757758670425e-04
5.722609711586159817e-04
5.953752053669703753e-04
6.197414011936362970e-04
6.454447664479001645e-04
6.725774996873567536e-04
7.012394618006534755e-04
7.315389215044969511e-04
7.635933839141471283e-04
7.975305126058139862e-04
8.334891570381092706e-04
8.716204988687241417e-04
9.120893326286182677e-04
9.550754984397396771e-04
1.000775487036936143e-03
1.049404240334889452e-03
1.101197174239384145e-03
1.156412454418654940e-03
1.215333560419574761e-03
1.278272178952323014e-03
1.345571473502830528e-03
1.417609784828023980e-03
1.494804825526314593e-03
1.577618441954469364e-03
1.666562028594948362e-03
1.762202693748749459e-03
1.865170291616192327e-03
1.976165454715905333e-03
2.095968782698793501e-03
2.225451369419014294e-03
2.365586880216445989e-03
2.517465426335311653e-03
2.682309523916392817e-03
2.861492471644343574e-03
3.056559534462216163e-03
3.269252381059266008e-03
3.501537290004203690e-03
3.755637712531665652e-03
4.034071856994417456e-03
4.339696036580932385e-03
4.675754590528812329e-03
5.045937236770236568e-03
5.454444719380047851e-03
5.906063542827843030e-03
6.406250381749139730e-03
6.961226332437946140e-03
7.578080393494748129e-03
8.264880212930800218e-03
9.030785881672078602e-03
9.886158864135458427e-03
1.084265221738481624e-02
1.191325878579873460e-02
1.311227908326767153e-02
1.445514700523596596e-02
1.595801457579628865e-02
1.763693929426205301e-02
1.950642815278146383e-02
2.157695443343254568e-02
2.385085298817116867e-02
2.631568427208467315e-02
2.893369769212955633e-02
3.162538698640408874e-02
3.424432484632072143e-02
3.653965013394329386e-02
3.810231934055262337e-02
3.829304420121312780e-02
3.615730230839947490e-02
3.035335065946709321e-02
1.916551096874025140e-02
7.605173218959981885e-04
-2.604928698021469202e-02
-6.036907299023142048e-02
-9.992823644398024507e-02
-3.400345240549838555e-01
9.704025591298598430e-02
3.891667333967906983e-01
-1.509178800589971559e+00
-3.346440766158798930e+00
-1.183942621063891476e+00
-3.476604722448767282e-01
-1.220147287912911604e-01
-3.620013059512500186e-02
4.202566301692661765e-03
2.459714038097868261e-02
3.451604035994490505e-02
3.853581232834146775e-02
3.918526759451954056e-02
3.795377323013682247e-02
3.573717452483825968e-02
3.307336040877224825e-02
3.027986057185629715e-02
2.753805753309984672e-02
2.494567125037219432e-02
2.254962702483180245e-02
2.036660747644179759e-02
1.839583786031072365e-02
1.662697457280363361e-02
1.504491345633291594e-02
1.363266781940330845e-02
1.237304319481952013e-02
1.124956769798468245e-02
1.024696695049908714e-02
9.351364981669224238e-03
8.550324485401435831e-03
7.832796811651944816e-03
7.189024935135479924e-03
6.610425558843825017e-03
6.089465795307663111e-03
5.619543190832307702e-03
5.194873736222265469e-03
4.810390000880715097e-03
4.461650037477777123e-03
4.144756851148368240e-03
3.856287768632469214e-03
3.593232825513537759e-03
3.352941216723056509e-03
3.133074865833037227e-03
2.931568224340957984e-03
2.746593489856302087e-03
2.576530517773002477e-03
2.419940786498518855e-03
2.275544857120891194e-03
2.142202842287915798e-03
2.018897465205814375e-03
1.904719347981230666e-03
1.798854219418310248e-03
1.700571776470844766e-03
1.609215971537433180e-03
1.524196530405073175e-03
1.444981533574301409e-03
1.371090917574865420e-03
1.302090773269953816e-03
1.237588335547099624e-03
1.177227573645209984e-03
1.120685304042156206e-03
1.067667758654704821e-03
1.017907550348594141e-03
9.711609856725893306e-04
9.272056815004207225e-04
8.858384480698829663e-04
8.468734058886245170e-04
8.101403082545935008e-04
