1.833502700034944921e-01
1.833331490091657801e-01
1.832816300783234043e-01
1.831952450792414810e-01
1.830732128376025558e-01
1.829144377250299935e-01
1.827175077258380020e-01
1.824806920283219835e-01
1.822019382058820136e-01
1.818788690770417049e-01
1.815087793646569247e-01
1.810886323168545142e-01
1.806150565087567272e-01
1.800843431238709491e-01
1.794924441250029257e-01
1.788349718833622537e-01
1.781072010640062930e-01
1.773040739022714585e-01
1.764202105074831606e-01
1.754499265926253992e-01
1.743872622081295287e-01
1.732260269252334506e-01
1.719598699363897032e-01
1.705823885446064725e-01
1.690872969834867345e-01
1.674686921268750128e-01
1.657214782298931099e-01
1.638420579048413261e-01
1.618294753455320201e-01
1.596873316758667949e-01
1.574270040190283992e-01
1.458773238514920745e-01
1.462696396851336511e-01
1.464356855072564967e-01
1.464347062849428172e-01
1.463318220699238170e-01
1.461880147506942618e-01
1.460489212108715962e-01
1.459354735208595044e-01
1.458394085671483043e-01
1.457252528142790049e-01
1.455381364329753069e-01
1.452148497317056752e-01
1.446948640644541706e-01
1.439287232994935217e-01
1.428826448461217591e-01
1.645689875798700963e-01
1.668785792564609627e-01
1.690114673476937890e-01
1.709736100655151747e-01
1.727736516355423690e-01
1.744213482050351038e-01
1.759267381708756184e-01
1.772997105109192229e-01
1.785497844575627269e-01
1.796860015348052952e-01
1.807168776216931394e-01
1.816503872112046059e-01
1.824939648999166497e-01
1.832545159442547922e-01
1.839384313584330466e-01
1.845516050061174751e-01
1.850994512324629360e-01
1.855869222000572361e-01
1.860185244467901511e-01
1.863983343902909928e-01
1.867300126265142302e-01
1.870168169420376725e-01
1.872616140035597843e-01
1.874668897127076406e-01
1.876347582287815063e-01
1.877669696691058876e-01
1.878649164997644450e-01
1.879296386298594246e-01
1.879618272208672392e-01
1.879618272208620766e-01
1.879296386298493216e-01
1.878649164997694965e-01
1.877669696691046941e-01
1.876347582287846705e-01
1.874668897127127754e-01
1.872616140035630872e-01
1.870168169420386162e-01
1.867300126265124538e-01
1.863983343902979317e-01
1.860185244467847387e-01
1.855869222000641749e-01
1.850994512324649066e-01
1.845516050061163371e-01
1.839384313584436215e-01
1.832545159442643956e-01
1.824939648999201747e-01
1.816503872112184559e-01
1.807168776216941108e-01
1.796860015348029915e-01
1.785497844575560933e-01
1.772997105109142824e-01
1.759267381708779221e-01
1.744213482050304409e-01
1.727736516355530272e-01
1.709736100655069313e-01
1.690114673476887930e-01
1.668785792564586312e-01
1.645689875798764801e-01
1.428826448461227305e-01
1.439287232995080934e-01
1.446948640644510620e-01
1.452148497317058973e-01
1.455381364329868532e-01
1.457252528142801984e-01
1.458394085671375351e-01
1.459354735208667209e-01
1.460489212108703472e-01
1.461880147506878780e-01
1.463318220699166283e-01
1.464347062849437886e-01
1.464356855072634633e-01
1.462696396851218272e-01
1.458773238514620985e-01
1.574270040190379472e-01
1.596873316758811723e-01
1.618294753455352952e-01
1.638420579048413539e-01
1.657214782298948585e-01
1.674686921268765949e-01
1.690872969835024164e-01
1.705823885445901800e-01
1.719598699363971694e-01
1.732260269252222928e-01
1.743872622081408530e-01
1.754499265926282858e-01
1.764202105074700877e-01
1.773040739022684054e-01
1.781072010640254444e-01
1.788349718833594504e-01
1.794924441250011493e-01
1.800843431238648151e-01
1.806150565087608073e-01
1.810886323168573453e-01
1.815087793646640857e-01
1.818788690770408167e-01
1.822019382058867598e-01
1.824806920283156830e-01
1.827175077258346991e-01
1.829144377250324638e-01
1.830732128375948675e-01
1.831952450792395659e-01
1.832816300783229602e-01
1.833331490091677507e-01
1.833502700034972677e-01
