7.368184285799939115e-02
7.589182289253398883e-02
7.817972737561400265e-02
8.054837469489255219e-02
8.300065804030767880e-02
8.553954266772006987e-02
8.816806228493989650e-02
9.088931442940866023e-02
9.370645469016344875e-02
9.662268960770165060e-02
9.964126806444227602e-02
1.027654709545939571e-01
1.059985988949298380e-01
1.093439577096186055e-01
1.128048413840440356e-01
1.163845121485462403e-01
1.200861773048126774e-01
1.239129623589586976e-01
1.278678799668455657e-01
1.319537941298970507e-01
1.361733790022854607e-01
1.405290715791508438e-01
1.450230174289937612e-01
1.496570085061049160e-01
1.544324119276623830e-01
1.593500884167934339e-01
1.644102988899694973e-01
1.696125973926423391e-01
1.749557082462002700e-01
1.804373848418790449e-01
1.860542469757774375e-01
1.918015929270197595e-01
1.976731815886468291e-01
2.036609787985478315e-01
2.097548604934364735e-01
2.159422632900173111e-01
2.222077704051036717e-01
2.285326172041376447e-01
2.348940957566450771e-01
2.412648310655682304e-01
2.476118923877021760e-01
2.538956902097525559e-01
2.600685914261838816e-01
2.660731597755375821e-01
2.718398921881874930e-01
2.772842691820945893e-01
2.823028608843654030e-01
2.867681174055444204e-01
2.905213040172606731e-01
2.933627876274870760e-01
2.950384930101317971e-01
2.952207468212926789e-01
2.934807866417913358e-01
2.892487202586907502e-01
2.817543282084291056e-01
2.699382342321917094e-01
2.523166870989727029e-01
2.267730415553034784e-01
1.902329418528946325e-01
1.381561357081825259e-01
6.374695023492316093e-02
-4.323528920175356838e-02
-1.981200248590079260e-01
-4.230654575649485105e-01
-7.469986998962246938e-01
-1.197400844522020780e+00
-1.768760978698312059e+00
-2.353143557851858692e+00
-2.695577338894255437e+00
-2.573121032350443649e+00
-2.076938308630273511e+00
-1.483820953072105153e+00
-9.716789203196649627e-01
-5.839561561740556073e-01
-3.036583981079405969e-01
-1.016480570344939771e-01
4.686414227146817879e-02
1.596227224242444676e-01
2.485585172846468405e-01
3.215170045622673944e-01
3.836270016781078152e-01
4.382380216437278264e-01
4.875298650015770230e-01
5.329028240461164412e-01
5.752278859246287013e-01
6.150091949239943068e-01
6.524918475509109417e-01
6.877356872082371897e-01
7.206679913351904387e-01
7.511230958092213195e-01
7.788739439406069387e-01
8.036585767742656650e-01
8.252032772953700190e-01
8.432431996687296261e-01
8.575407188518852086e-01
8.679013514095743620e-01
8.741868846794677017e-01
8.763252833302626055e-01
8.743169976254445697e-01
8.682374504157408523e-01
-8.582356979299954336e-01
-8.445295059128832271e-01
-8.273973197916537625e-01
-8.071678018287062883e-01
-7.842077351421119502e-01
-7.589091416800600731e-01
-7.316764291816773014e-01
-7.029142824644747378e-01
-6.730168663691777908e-01
-6.423587341165998277e-01
-6.112876577715764537e-01
-5.801194352789837971e-01
-5.491345938544445193e-01
-5.185768090816793574e-01
-4.886527941572577638e-01
-4.595333814762977420e-01
-4.313555136521060041e-01
-4.042248763968573910e-01
-3.782189346831261179e-01
-3.533901701818958907e-01
-3.297693572231734649e-01
-3.073687528133379754e-01
-2.861851111585951291e-01
-2.662024633322602196e-01
-2.473946276286302370e-01
-2.297274358125294125e-01
-2.131606753036178747e-01
-1.976497579503000424e-01
-1.831471331535551861e-01
-1.696034673896983092e-01
-1.569686143092746400e-01
-1.451924001105663609e-01
-1.342252482807570479e-01
-1.240186664370263869e-01
-1.145256161832785557e-01
-1.057007848445535581e-01
-9.750077581162425178e-02
-8.988423213412877200e-02
-8.281190601448135125e-02
-7.624668502226755740e-02
-7.015358419059528061e-02
-6.449971168192430993e-02
-5.925421441782957599e-02
-5.438820894502430225e-02
-4.987470184790013250e-02
-4.568850319738071430e-02
-4.180613583519440790e-02
-3.820574271244614462e-02
-3.486699401904952422e-02
-3.177099544233805140e-02
