9.339625620372690173e-01
9.334810473793727637e-01
9.320368044366003080e-01
9.296307985515784855e-01
9.262648443054899428e-01
9.219419076159747206e-01
9.166665157070574832e-01
9.104452617161220562e-01
9.032873866256445616e-01
8.952054170728621640e-01
8.862158335333184533e-01
8.763397396306982223e-01
8.656035001801252182e-01
8.540393133864977449e-01
8.416856817627959009e-01
8.285877471776813552e-01
8.147974582802722798e-01
8.003735435790660935e-01
7.853812706706485569e-01
7.698919813494067288e-01
7.539824031399773308e-01
7.377337495564398884e-01
7.212306332704055967e-01
4.418055407829012959e-01
4.507262335523178898e-01
4.605928245808667554e-01
4.714676403574072361e-01
4.834093954360018652e-01
4.964712572982171168e-01
5.106987123555681851e-01
5.261272872399983536e-01
5.427802018723710820e-01
5.606660529544670313e-01
5.797766462213046479e-01
6.000851103507819362e-01
6.215444320758248820e-01
6.440865482733181269e-01
6.676221148207437395e-01
6.920410432032858550e-01
7.172138551318094635e-01
7.429938553867567741e-01
7.692200679077054737e-01
7.957208251182300573e-01
8.223178514216721302e-01
8.488306441668104219e-01
8.750809334247922067e-01
9.008969980305714387e-01
9.261176296913482542e-01
9.505955675064406973e-01
9.742002681061571190e-01
9.968199267635190486e-01
1.018362716848095317e+00
1.038757263859162672e+00
1.057952411969184769e+00
1.075916372873865656e+00
1.092635367580681027e+00
1.108111881723206071e+00
1.122362655252012731e+00
1.135416519811493385e+00
1.147312183961192833e+00
1.158096049852666232e+00
1.167820126995543495e+00
1.176540090952597595e+00
1.184313518370666563e+00
1.191198315442094646e+00
1.197251345093240049e+00
1.202527249013779498e+00
1.207077453958429025e+00
1.210949347324116410e+00
1.214185604506450522e+00
1.216823649629535264e+00
1.218895231584158134e+00
1.220426098608031751e+00
1.221435756639944081e+00
1.221937299174692404e+00
1.221937299174671310e+00
1.221435756639937420e+00
1.220426098608046850e+00
1.218895231584193661e+00
1.216823649629566795e+00
1.214185604506479832e+00
1.210949347324119518e+00
1.207077453958422808e+00
1.202527249013789934e+00
1.197251345093221397e+00
1.191198315442115518e+00
1.184313518370696094e+00
1.176540090952635120e+00
1.167820126995592345e+00
1.158096049852652243e+00
1.147312183961148646e+00
1.135416519811537350e+00
1.122362655252030494e+00
1.108111881723178760e+00
1.092635367580671701e+00
1.075916372873869875e+00
1.057952411969189876e+00
1.038757263859157121e+00
1.018362716848095095e+00
9.968199267635475813e-01
9.742002681061753266e-01
9.505955675064660104e-01
9.261176296913592454e-01
9.008969980305640002e-01
8.750809334247983129e-01
8.488306441667955449e-01
8.223178514216654689e-01
7.957208251181956404e-01
7.692200679076944825e-01
7.429938553867730944e-01
7.172138551318161248e-01
6.920410432033206050e-01
6.676221148207424072e-01
6.440865482733219016e-01
6.215444320758249930e-01
6.000851103507877093e-01
5.797766462213210792e-01
5.606660529544535976e-01
5.427802018723888455e-01
5.261272872399915812e-01
5.106987123555702945e-01
4.964712572982126759e-01
4.834093954359961476e-01
4.714676403574020180e-01
4.605928245808089683e-01
4.507262335523474772e-01
4.418055407829689085e-01
7.212306332703031231e-01
7.377337495564396663e-01
7.539824031399021687e-01
7.698919813494102815e-01
7.853812706706558844e-01
8.003735435789851582e-01
8.147974582802424148e-01
8.285877471776516012e-01
8.416856817628072251e-01
8.540393133865146202e-01
8.656035001801477557e-01
8.763397396307052167e-01
8.862158335333302217e-01
8.952054170728592775e-01
9.032873866256494466e-01
9.104452617161046257e-01
9.166665157070628123e-01
9.219419076159797166e-01
9.262648443055080394e-01
9.296307985515679384e-01
9.320368044366135196e-01
9.334810473793657692e-01
9.339625620372560277e-01
