5.568898029345340506e-01
5.569529420031164024e-01
5.571435565741277296e-01
5.574652598304113971e-01
5.579241444996655419e-01
5.585288906262589892e-01
5.592909197475782745e-01
5.602245988248487629e-01
5.613474983017588960e-01
5.626807097347512610e-01
5.642492295458830798e-01
5.660824165849690504e-01
5.682145323216609700e-01
5.706853735736706623e-01
5.735410086339883806e-01
5.768346283671221819e-01
5.806275241236409368e-01
5.849902039100544071e-01
5.900036567835204027e-01
5.957607724000221205e-01
6.023679173308843504e-01
6.099466612380021191e-01
6.186356330188996777e-01
6.285924680194215908e-01
6.399957803880510498e-01
6.530470572607315338e-01
6.679723210775916353e-01
6.850233402565401031e-01
7.044780844498422789e-01
7.266400177879812627e-01
7.518357037331488968e-01
7.804100651946328515e-01
8.127185180257575636e-01
8.491151010327839810e-01
8.899357024869628541e-01
9.354755908568833656e-01
9.859607715138023476e-01
1.041513294738495965e+00
1.102111603738661794e+00
1.167548355659198123e+00
1.237389794883233529e+00
1.310942472945010762e+00
1.387234472259516016e+00
1.465018720206123337e+00
1.542804859853916799e+00
1.618923058278799676e+00
1.691618159300434909e+00
1.112209572353094034e+00
1.058506566220547951e+00
1.011199841138027411e+00
9.697792497271086054e-01
9.336535786500645973e-01
9.022163178219386737e-01
8.748857408824384230e-01
8.511267438609806391e-01
8.304605443690055155e-01
8.124667937899990866e-01
7.967812826230108447e-01
7.830913463071061953e-01
7.711303015306865127e-01
7.606717092124833934e-01
7.515239091291130435e-01
7.435250489023799148e-01
7.365386949986634235e-01
7.304500353253559064e-01
7.251626410478118068e-01
7.205957354604138887e-01
7.166819110878966947e-01
7.133652369478392652e-01
7.105997025474212192e-01
7.083479516135599008e-01
7.065802655537225530e-01
7.052737635713394182e-01
7.044117929038472559e-01
7.039834887085719695e-01
7.039834887085549830e-01
7.044117929038272719e-01
7.052737635713235420e-01
7.065802655536800314e-01
7.083479516135330334e-01
7.105997025474078965e-01
7.133652369478116206e-01
7.166819110878787091e-01
7.205957354604102250e-01
7.251626410478531071e-01
7.304500353254107514e-01
7.365386949986797438e-01
7.435250489023856879e-01
7.515239091290980555e-01
7.606717092124779533e-01
7.711303015307253705e-01
7.830913463071048630e-01
7.967812826230282752e-01
8.124667937899764381e-01
8.304605443689365707e-01
8.511267438610452540e-01
8.748857408824119997e-01
9.022163178219800850e-01
9.336535786501258816e-01
9.697792497272443857e-01
1.011199841138039845e+00
1.058506566220359435e+00
1.112209572352657050e+00
1.691618159300302793e+00
1.618923058279043259e+00
1.542804859854054911e+00
1.465018720206157532e+00
1.387234472259435636e+00
1.310942472945021864e+00
1.237389794883238636e+00
1.167548355659264292e+00
1.102111603738664014e+00
1.041513294738364070e+00
9.859607715137015393e-01
9.354755908569012401e-01
8.899357024869434252e-01
8.491151010327205872e-01
8.127185180257896491e-01
7.804100651946100919e-01
7.518357037331713233e-01
7.266400177879668298e-01
7.044780844497988692e-01
6.850233402565437668e-01
6.679723210775692088e-01
6.530470572607002255e-01
6.399957803880569340e-01
6.285924680194171499e-01
6.186356330188793606e-01
6.099466612379852437e-01
6.023679173308772450e-01
5.957607724000347771e-01
5.900036567835368340e-01
5.849902039100336459e-01
5.806275241236567020e-01
5.768346283671461627e-01
5.735410086339928215e-01
5.706853735736517885e-01
5.682145323216359900e-01
5.660824165849747125e-01
5.642492295458767515e-01
5.626807097347434894e-01
5.613474983017658904e-01
5.602245988248581998e-01
5.592909197475443017e-01
5.585288906262221298e-01
5.579241444996960730e-01
5.574652598304133955e-01
5.571435565741428286e-01
5.569529420031139599e-01
5.568898029345308309e-01
