7.479981985800961963e-01
7.480077878072608488e-01
7.480360215309292959e-01
7.480812916956913750e-01
7.481408975780506898e-01
7.482110147646123810e-01
7.482866516072499419e-01
7.483615931276687006e-01
7.484283324736681342e-01
7.484779902861916634e-01
7.485002227892463278e-01
7.484831201347991181e-01
7.484130976547529457e-01
7.482747843473869231e-01
7.480509153822868518e-01
7.477222389393091140e-01
7.472674527010229051e-01
7.466631922648810926e-01
7.458841032231249280e-01
7.449030412770047960e-01
7.436914610558842398e-01
7.422200744849259957e-01
7.404598829794074577e-01
7.383837121714241780e-01
7.359683981421677457e-01
7.331977804097411511e-01
7.300666326722731192e-01
7.265855828112072201e-01
7.227869069339684094e-01
7.187307959112185785e-01
7.145112713746449851e-01
7.102604040444858713e-01
7.061489822649448245e-01
7.023815340978208921e-01
6.991839592325197472e-01
6.967832796855961686e-01
6.953811933718578864e-01
6.951257034548511404e-01
6.960870385893175305e-01
6.982441838849734461e-01
7.014860491206925674e-01
7.056272573781392499e-01
7.104344201482213350e-01
7.156563263813542353e-01
7.210515126510450568e-01
7.264087228827562637e-01
7.315585712475597413e-01
7.363771110797368014e-01
7.407833826231219332e-01
7.447333640822151324e-01
7.482124229022325546e-01
7.512277485014504652e-01
7.538016261179391053e-01
7.559659241523279949e-01
7.577578476638373584e-01
7.592168349609133005e-01
7.603824003325753145e-01
7.612927139413447897e-01
7.619837298146316940e-01
7.624887054332410985e-01
7.628379907122644354e-01
7.630589949114491288e-01
7.631762652782037026e-01
7.632116308642452607e-01
7.631843796429302884e-01
7.631114477012351793e-01
7.630076068148423651e-01
7.628856419263099209e-01
7.627565135639261529e-01
7.626295025597742416e-01
7.625123359014593927e-01
7.624112934474434056e-01
7.623312957345694807e-01
7.622759733451842656e-01
7.622477183586446881e-01
7.622477183586594540e-01
7.622759733450683584e-01
7.623312957344657859e-01
7.624112934475393288e-01
7.625123359015316682e-01
7.626295025597431554e-01
7.627565135639206018e-01
7.628856419263475575e-01
7.630076068147874091e-01
7.631114477011690100e-01
7.631843796429995663e-01
7.632116308642967750e-01
7.631762652781165501e-01
7.630589949114017223e-01
7.628379907122453396e-01
7.624887054332887271e-01
7.619837298146383553e-01
7.612927139413625532e-01
7.603824003325814207e-01
7.592168349609883515e-01
7.577578476638519023e-01
7.559659241522804773e-01
7.538016261179415478e-01
7.512277485014317024e-01
7.482124229023024986e-01
7.447333640822612066e-01
7.407833826231270402e-01
7.363771110797103780e-01
7.315585712475566327e-01
7.264087228827335041e-01
7.210515126510471662e-01
7.156563263813667808e-01
7.104344201481007648e-01
7.056272573781064983e-01
7.014860491206632576e-01
6.982441838849725579e-01
6.960870385892415912e-01
6.951257034548896652e-01
6.953811933717898297e-01
6.967832796855396582e-01
6.991839592325433950e-01
7.023815340978166732e-01
7.061489822649545944e-01
7.102604040445044120e-01
7.145112713746347710e-01
7.187307959112256839e-01
7.227869069340638886e-01
7.265855828112870451e-01
7.300666326723435073e-01
7.331977804096705409e-01
7.359683981421445420e-01
7.383837121714522667e-01
7.404598829793929138e-01
7.422200744849705156e-01
7.436914610559085537e-01
7.449030412770403231e-01
7.458841032230745238e-01
7.466631922648577779e-01
7.472674527009514067e-01
7.477222389393318736e-01
7.480509153822996193e-01
7.482747843474165661e-01
7.484130976547305192e-01
7.484831201347624807e-01
7.485002227892505466e-01
7.484779902861553591e-01
7.484283324736432652e-01
7.483615931277058930e-01
7.482866516072238516e-01
7.482110147646954257e-01
7.481408975780590165e-01
7.480812916957310099e-01
7.480360215309320715e-01
7.480077878072642905e-01
7.479981985802044431e-01
