-4.116280723046241308e-04
-4.276761344224945006e-04
-4.445667957291904102e-04
-4.623559142275550024e-04
-4.811038363670531743e-04
-5.008758220748771566e-04
-5.217425162488786676e-04
-5.437804724838369956e-04
-5.670727356066184322e-04
-5.917094905250194162e-04
-6.177887859699973932e-04
-6.454173429567937326e-04
-6.747114592373353731e-04
-7.057980227000442038e-04
-7.388156486360709409e-04
-7.739159580847478417e-04
-8.112650171560147061e-04
-8.510449603785713926e-04
-8.934558248278761695e-04
-9.387176261546731869e-04
-9.870727127945927437e-04
-1.038788440748387564e-03
-1.094160218575371615e-03
-1.153514980874279817e-03
-1.217215158824742644e-03
-1.285663228683943133e-03
-1.359306933914115976e-03
-1.438645294396466521e-03
-1.524235537638791646e-03
-1.616701112836823120e-03
-1.716740980149247375e-03
-1.825140405887078991e-03
-1.942783541147464956e-03
-2.070668118785709902e-03
-2.209922674143673625e-03
-2.361826781926317995e-03
-2.527834909273312530e-03
-2.709604618780048040e-03
-2.909030021898149042e-03
-3.128281591672976356e-03
-3.369853705633167260e-03
-3.636621619714693228e-03
-3.931909991701128260e-03
-4.259575603021831074e-03
-4.624107603815917969e-03
-5.030749471167173144e-03
-5.485647981063363106e-03
-5.996035925543964640e-03
-6.570457155727611395e-03
-7.219044927811890666e-03
-7.953867641307871272e-03
-8.789360106209192017e-03
-9.742863741134187919e-03
-1.083530594556586686e-02
-1.209205774657252062e-02
-1.354402020945071061e-02
-1.522900457126532062e-02
-1.719348906871311436e-02
-1.949485708385809493e-02
-2.220424565216089913e-02
-2.541015748859604129e-02
-2.922300572751820522e-02
-3.378075125689036784e-02
-3.925572179190347372e-02
-4.586249750897326144e-02
-5.386627048594785916e-02
-6.359007303873326356e-02
-7.541725455692886715e-02
-8.978177821633262501e-02
-1.071321166633372179e-01
-1.278433314095902273e-01
-1.520357154428681468e-01
-1.792404368249859159e-01
-2.078462321765707221e-01
-2.342951634648354486e-01
-2.520982377469673796e-01
-2.508571693231059774e-01
-2.152965822368243520e-01
-1.232225743934360906e-01
6.089642385736288022e-02
4.001008488976287580e-01
9.780709878092976872e-01
1.745108899178438477e+00
2.082068041131383218e+00
1.557320060848174315e+00
8.281566836164575562e-01
3.299651612370799736e-01
4.094065800389445897e-02
-1.225149962444950225e-01
-2.108425716816388629e-01
-2.510319469415923099e-01
-2.596228508026763859e-01
-2.484812007211096851e-01
-2.265019786284359349e-01
-1.999964361307943750e-01
-1.730045526041216197e-01
-1.477866814779442151e-01
-1.253760266838501447e-01
-1.060550372237999139e-01
-8.970007052691848781e-02
-7.600128484316587274e-02
-6.458925576357905929e-02
-5.510076311915876324e-02
-4.720850480976027802e-02
-4.063105630276814262e-02
-3.513289550071535539e-02
-3.052001415282307867e-02
-2.663403320258390244e-02
-2.334625474834309961e-02
-2.055227770226916717e-02
-1.816738875569337552e-02
-1.612273970289856972e-02
-1.436223555739341538e-02
-1.284002907983242299e-02
-1.151851606644801497e-02
-1.036673622171102073e-02
-9.359098735370443081e-03
-8.474366065186787061e-03
-7.694842319756946096e-03
-7.005723544206711971e-03
-6.394576141454129566e-03
-5.850916828267107954e-03
-5.365873206909807167e-03
-4.931908504353186423e-03
-4.542597534936749192e-03
-4.192443682751626627e-03
-3.876728842211454515e-03
-3.591389930911068670e-03
-3.332916901402299594e-03
-3.098268208673872828e-03
-2.884800500604551166e-03
-2.690209938037449195e-03
-2.512483057000611079e-03
-2.349855487083805233e-03
-2.200777159618820880e-03
-2.063882894625242333e-03
-1.937967460072876572e-03
-1.821964361497948465e-03
-1.714927752684262344e-03
-1.616016965482193826e-03
-1.524483243993408248e-03
-1.439658339328572746e-03
-1.360944679127379766e-03
-1.287806873542081182e-03
-1.219764358434018495e-03
-1.156385008720013652e-03
-1.097279581414565197e-03
-1.042096869971020088e-03
-9.905194698625586179e-04
-9.422600706284014506e-04
