4.014373816561278563e-04
4.460941183778849295e-04
4.931739874993873451e-04
5.428174477482249072e-04
5.951745693953403027e-04
6.504058158241371457e-04
7.086828988516410965e-04
7.701897156783751863e-04
8.351233762640061786e-04
9.036953309827164271e-04
9.761326096013808740e-04
1.052679183971123866e-03
1.133597468348040982e-03
1.219169972991665518e-03
1.309701128661820702e-03
1.405519301860724823e-03
1.506979023231803938e-03
1.614463454417451593e-03
1.728387121998686826e-03
1.849198950925633189e-03
1.977385634181712259e-03
2.113475380378829205e-03
2.258042086676494142e-03
2.411709990936712622e-03
2.575158864527020419e-03
2.749129815816653277e-03
2.934431784323912606e-03
3.131948816939032765e-03
3.342648230825105704e-03
3.567589782844236834e-03
3.807935983023300053e-03
4.064963709730355645e-03
4.340077308150648572e-03
4.634823380463511111e-03
4.950907508012691860e-03
5.290213182092537436e-03
5.654823262284829066e-03
6.047044330183340421e-03
6.469434362706721897e-03
6.924834214531216947e-03
7.416403474079791280e-03
7.947661343761680541e-03
8.522533293712580837e-03
9.145404350682673211e-03
9.821180010469027222e-03
1.055535590501580079e-02
1.135409751257643318e-02
1.222433137178453866e-02
1.317384944294770766e-02
1.421142844840306285e-02
1.534696620657380328e-02
1.659163713513356342e-02
1.795806921083867302e-02
1.946054469591135261e-02
2.111522681277989977e-02
2.294041417931085014e-02
2.495682407417908200e-02
2.718790429598724745e-02
2.966017123888851914e-02
3.240356845492221860e-02
3.545183486799105554e-02
3.884286424681647476e-02
4.261902654246423061e-02
4.682740601837012684e-02
5.151988916394528717e-02
5.675300533945794312e-02
6.258738296885070496e-02
6.908663215716437378e-02
7.631540018468806197e-02
8.433627121310263708e-02
9.320510231079831565e-02
1.029643193389502553e-01
1.136336654963372578e-01
1.251979454579341122e-01
1.375914964878853231e-01
1.506794995039963947e-01
1.642368139660877469e-01
1.779255650738995331e-01
1.912723834470394513e-01
2.036422055868054026e-01
2.141881072862217295e-01
2.216848653146900050e-01
2.238109465254303210e-01
2.132930532595017081e-01
1.488159424348589888e-01
-3.822302565625663173e-01
1.619593852770717657e-01
2.688511292960101828e-01
2.768360455801952558e-01
2.675348740700370653e-01
2.527829006133148759e-01
2.357179195761237023e-01
2.177259128248384967e-01
1.996387077532369991e-01
1.820135822535400849e-01
1.652231960008794798e-01
1.495004763458921970e-01
1.349711742088887945e-01
1.216811410679349698e-01
1.096193423262531302e-01
9.873658473602264785e-02
8.896009097380512542e-02
8.020434745107166141e-02
7.237882706623018081e-02
6.539323150450332411e-02
5.916085169485722772e-02
5.360055530162935455e-02
4.863780834045171308e-02
4.420504219440041238e-02
4.024159563106777249e-02
3.669339603793929372e-02
3.351249401252509585e-02
3.065652834525671444e-02
2.808817168768965034e-02
2.577458836843984913e-02
2.368692285613221982e-02
2.179982864974001899e-02
2.009104166627320026e-02
1.854099857959635306e-02
1.713249837928704916e-02
1.585040419511266757e-02
1.468138183973063254e-02
1.361367133273605479e-02
1.263688772767074253e-02
1.174184776633742378e-02
1.092041916311050492e-02
1.016538963204612067e-02
9.470353083894975099e-03
8.829610722172337445e-03
8.238085048316731718e-03
7.691245041325740772e-03
7.185041005551562332e-03
6.715847782514300368e-03
6.280415199870208187e-03
5.875824784839916992e-03
5.499451903841157119e-03
5.148932605613873448e-03
4.822134545145025097e-03
4.517131451735094394e-03
4.232180678442713784e-03
3.965703433671537159e-03
3.716267350263952052e-03
3.482571094242728482e-03
3.263430755619287083e-03
3.057767798254472369e-03
2.864598375443783151e-03
2.683023843498534566e-03
2.512222327578673975e-03
2.351441213006032205e-03
2.199990451660666091e-03
