8.119578328576876336e-06
9.514150501176155128e-06
1.096089411000908398e-05
1.246203757181499339e-05
1.401992831220714997e-05
1.563704041663768751e-05
1.731598284997713788e-05
1.905950829368327493e-05
2.087052265252985206e-05
2.275209528849846119e-05
2.470747004495316146e-05
2.674007713023875132e-05
2.885354593660204026e-05
3.105171887798213737e-05
3.333866633838285243e-05
3.571870283208822272e-05
3.819640448691520584e-05
4.077662797354920932e-05
4.346453101660048557e-05
4.626559463726670485e-05
4.918564729354014953e-05
5.223089110196338369e-05
5.540793034394635164e-05
5.872380248341489695e-05
6.218601194652763342e-05
6.580256694289736419e-05
6.958201963927664047e-05
7.353351003250296891e-05
7.766681390871006674e-05
8.199239532113815343e-05
8.652146407048949550e-05
9.126603872965793895e-05
9.623901582116872744e-05
1.014542458295519811e-04
1.069266168173890752e-04
1.126721465093891150e-04
1.187080838203832811e-04
1.250530209288940042e-04
1.317270171427853409e-04
1.387517359688617002e-04
1.461505969884320522e-04
1.539489443597025220e-04
1.621742340191453802e-04
1.708562419452074044e-04
1.800272961831259066e-04
1.897225357192014461e-04
1.999801997442963997e-04
2.108419513718734484e-04
2.223532404878811319e-04
2.345637111247876605e-04
2.475276595891341691e-04
2.613045505528918677e-04
2.759595994736609159e-04
2.915644310685187868e-04
3.081978251727492124e-04
3.259465632181914041e-04
3.449063908254265676e-04
3.651831146927152216e-04
3.868938551828127181e-04
4.101684798351150352e-04
4.351512476821160769e-04
4.620026997657969425e-04
4.909018380022320271e-04
5.220486426629061816e-04
5.556669886456963581e-04
5.920080327855153923e-04
6.313541592359792065e-04
6.740235881340650437e-04
7.203757751635467277e-04
7.708177574024324685e-04
8.258116353521277597e-04
8.858834241430788015e-04
9.516335609761408798e-04
1.023749423939894487e-03
1.103020303550715508e-03
1.190355377981150431e-03
1.286805383088632238e-03
1.393588848449242579e-03
1.512124003298517816e-03
1.644067758670979262e-03
1.791363567268743073e-03
1.956300482416288566e-03
2.141586425458738563e-03
2.350439587616534598e-03
2.586703122011410616e-03
2.854989943061325697e-03
3.160866711926918482e-03
3.511089188519458948e-03
3.913905418702345873e-03
4.379449201803338465e-03
4.920254682729649498e-03
5.551934817226225616e-03
6.294083475489875568e-03
7.171485480354677922e-03
8.215754532714239500e-03
9.467571203372646127e-03
1.097977018552666328e-02
1.282164014884062953e-02
1.508496911269785468e-02
1.789261960033146359e-02
2.141078654768760470e-02
2.586661843466736554e-02
3.157359621393188154e-02
3.896791310272754161e-02
4.865975316048327948e-02
6.150269301925337384e-02
7.867916418249690236e-02
1.017814910157539554e-01
1.328168715802151845e-01
1.739446184348412971e-01
2.265327363994546483e-01
2.889085625870022045e-01
3.525695444006660684e-01
3.979851450402785984e-01
3.720057837368085374e-01
1.148659826928881689e-01
3.865099210701666843e-01
3.255107950759250635e-01
2.550760791867077160e-01
1.948413752782532371e-01
1.477936276702639939e-01
1.124782119470076891e-01
8.636484477389136383e-02
6.708588280148644611e-02
5.277023079106406972e-02
4.203762430883759699e-02
3.389907392371716705e-02
2.765289729921424633e-02
2.280112735869885277e-02
1.898833781032324697e-02
1.595863293004046862e-02
1.352589525178777424e-02
1.155328913989551315e-02
9.939105789660583612e-03
8.606927151966814460e-03
7.498734500266647507e-03
6.570034843826656756e-03
5.786380279232630763e-03
5.120857217515123461e-03
4.552257204251251854e-03
4.063731327930204806e-03
3.641791029561983195e-03
3.275559396401804546e-03
2.956205257558582045e-03
2.676511883663391933e-03
2.430545657936440673e-03
2.213399614068391197e-03
2.020993487708865055e-03
1.849916753395332292e-03
1.697304596130350118e-03
