-1.077354216812501098e-06
2.565899383140390899e-07
1.641813690209104060e-06
3.080466526080710699e-06
4.574810598569414855e-06
6.127227903907420115e-06
7.740227991600429069e-06
9.416456250055035837e-06
1.115870281696330901e-05
1.296991216779078138e-05
1.485319344079506776e-05
1.681183156279110469e-05
1.884929924587941397e-05
2.096926993248003634e-05
2.317563177359552307e-05
2.547250273387743902e-05
2.786424692621976285e-05
3.035549228952785783e-05
3.295114973494127353e-05
3.565643389850416123e-05
3.847688565356867374e-05
4.141839655181361879e-05
4.448723538055289473e-05
4.769007704405817116e-05
5.103403399979791755e-05
5.452669050604735945e-05
5.817613996627474249e-05
6.199102568809310154e-05
6.598058541151460843e-05
7.015470000213894219e-05
7.452394675184874362e-05
7.909965778232080913e-05
8.389398410638126968e-05
8.891996597014048542e-05
9.419161017568469796e-05
9.972397517200859429e-05
1.055332648015189223e-04
1.116369317030983799e-04
1.180537915035986818e-04
1.248041490778707685e-04
1.319099383286538585e-04
1.393948771339602322e-04
1.472846393351934235e-04
1.556070458994217309e-04
1.643922776899710281e-04
1.736731126267578029e-04
1.834851904210232920e-04
1.938673085369567450e-04
2.048617535771561637e-04
2.165146729241028412e-04
2.288764922121558354e-04
2.420023850731971293e-04
2.559528026204703488e-04
2.707940713347449513e-04
2.865990694338009515e-04
3.034479934802096490e-04
3.214292289663855939e-04
3.406403409754350797e-04
3.611892038252080550e-04
3.831952919622176601e-04
4.067911583951408505e-04
4.321241317939150672e-04
4.593582692113754029e-04
4.886766084322008430e-04
5.202837725089490273e-04
5.544089894552184372e-04
5.913096027814063183e-04
6.312751641502495348e-04
6.746322186035533242e-04
7.217499165062396527e-04
7.730466157196205779e-04
8.289976740926477405e-04
8.901446780826618999e-04
9.571064107504675955e-04
1.030591934823063549e-03
1.111416258372598109e-03
1.200519167652007446e-03
1.298987961452016671e-03
1.408085014179188965e-03
1.529281344474699156e-03
1.664297691126456757e-03
1.815155023570720616e-03
1.984236974999400993e-03
2.174367429756657311e-03
2.388907489515139371e-03
2.631877377514295346e-03
2.908110647531450543e-03
3.223450529930650676e-03
3.585001636877527265e-03
4.001454946011964720e-03
4.483510544136218301e-03
5.044431856965639338e-03
5.700778224143610018e-03
6.473381494716656803e-03
7.388659500673591674e-03
8.480398848946135715e-03
9.792197531755239548e-03
1.138084353239528224e-02
1.332103254005692627e-02
1.571201605763813958e-02
1.868704866634489370e-02
2.242690607614809817e-02
2.717931027227181440e-02
3.328682998375605273e-02
4.122659943374792912e-02
5.166548202092841047e-02
6.553241608422792630e-02
8.410096473974958131e-02
1.090478889861408174e-01
1.423820584868454864e-01
1.859766066347198765e-01
2.401371948219541974e-01
3.000762264151954906e-01
3.436764968981773638e-01
5.027546359106488394e-02
4.313884714041687496e-01
4.369872016769559275e-01
3.741502241933331030e-01
2.995704903312794154e-01
2.312657854948592107e-01
1.757446103115967717e-01
1.332603757487111906e-01
1.016395355349133112e-01
7.831276366780368092e-02
6.107500248838772933e-02
4.824094883958722491e-02
3.858522738678393099e-02
3.123485215853173680e-02
2.557123120183298765e-02
2.115486803932535576e-02
1.767130574775785390e-02
1.489343805100724893e-02
1.265551639170679754e-02
1.083524582269099201e-02
9.341402099998306896e-03
8.105206517120835952e-03
7.074265443252104879e-03
6.208270936491351588e-03
5.475920216970152354e-03
4.852686288324983832e-03
4.319188553243244466e-03
3.859990452448808229e-03
3.462703937138982002e-03
3.117316490822613639e-03
2.815681048705630241e-03
2.551126209323677230e-03
-2.318156035352986200e-03
-2.112217124539954305e-03
-1.929516589307081476e-03
-1.766878853119067949e-03
