3.323847567543086745e-01
3.323682628667517513e-01
3.323186081562377603e-01
3.322352715542780666e-01
3.321173781416015269e-01
3.319636892462478617e-01
3.317725881850342451e-01
3.315420612366375419e-01
3.312696732933725352e-01
3.309525374850125212e-01
3.305872778964930592e-01
3.301699843232671627e-01
3.296961578352731737e-01
3.291606457872108815e-01
3.285575648925315728e-01
3.278802112073225250e-01
3.271209566213146291e-01
3.262711332420190069e-01
3.253209108797508464e-01
3.242591806081880357e-01
3.230734727923203486e-01
3.217499682769346392e-01
3.202737208287470549e-01
3.186293254354902738e-01
3.168024955976367352e-01
3.147834584909816047e-01
3.125739293956676379e-01
3.102009767564736231e-01
3.077435734616765783e-01
3.053803267963726142e-01
3.034649310346062556e-01
3.026134326010321840e-01
3.037177281603689050e-01
3.077053279435240096e-01
3.149593821175676878e-01
3.097991035414584537e-01
3.055739015295940719e-01
3.010943578448405655e-01
2.964243107198776817e-01
2.916085804039428298e-01
3.694842720324770791e-01
3.744529140968045344e-01
3.784014870638711669e-01
3.815367630382745512e-01
3.840260847297990998e-01
3.860007414384463154e-01
3.875628126910634075e-01
3.887918269641811864e-01
3.897502126915410314e-01
3.904874739605871947e-01
3.910433035838474236e-01
3.914498832910536796e-01
3.917335840763546684e-01
3.919162301283817262e-01
3.920160462107307731e-01
3.920483747403116226e-01
3.920262242208896186e-01
3.919606931312532572e-01
3.918613009507224687e-01
3.917362492363567483e-01
3.915926294591571266e-01
3.914365898869687777e-01
3.912734706323661715e-01
3.911079136927254618e-01
3.909439531402691959e-01
3.907850893885546628e-01
3.906343505505411873e-01
3.904943432165820516e-01
3.903672944624375085e-01
3.902550864993665769e-01
3.901592850698328285e-01
3.900811624509019637e-01
3.900217157339530005e-01
3.899816808928208700e-01
3.899615430229459445e-01
3.899615430229460555e-01
3.899816808928240341e-01
3.900217157339511131e-01
3.900811624509069042e-01
3.901592850698196169e-01
3.902550864993591939e-01
3.903672944624416719e-01
3.904943432165756678e-01
3.906343505505449620e-01
3.907850893885546628e-01
3.909439531402756907e-01
3.911079136927323452e-01
3.912734706323527933e-01
3.914365898869887062e-01
3.915926294591497436e-01
3.917362492363492543e-01
3.918613009507446177e-01
3.919606931312498710e-01
3.920262242208703007e-01
3.920483747403274433e-01
3.920160462107394328e-01
3.919162301283899974e-01
3.917335840763699895e-01
3.914498832910531245e-01
3.910433035838645766e-01
3.904874739605776468e-01
3.897502126915629028e-01
3.887918269641793545e-01
3.875628126910615756e-01
3.860007414384454272e-01
3.840260847297866653e-01
3.815367630382425213e-01
3.784014870639166306e-01
3.744529140968353431e-01
3.694842720326485530e-01
2.916085804040321472e-01
2.964243107198696325e-01
3.010943578448517233e-01
3.055739015296400352e-01
3.097991035414071614e-01
3.149593821048600195e-01
3.077053279435410515e-01
3.037177281603612999e-01
3.026134326010478937e-01
3.034649310346093087e-01
3.053803267963837720e-01
3.077435734616763008e-01
3.102009767564692377e-01
3.125739293956598108e-01
3.147834584909646738e-01
3.168024955976421198e-01
3.186293254354869431e-01
3.202737208287528836e-01
3.217499682769372482e-01
3.230734727923105787e-01
3.242591806081890349e-01
3.253209108797525673e-01
3.262711332420245580e-01
3.271209566213109654e-01
3.278802112073114783e-01
3.285575648925272430e-01
3.291606457872074953e-01
3.296961578352686217e-01
3.301699843232736575e-01
3.305872778964971115e-01
3.309525374850202373e-01
3.312696732933679278e-01
3.315420612366211661e-01
3.317725881850566161e-01
3.319636892462353717e-01
3.321173781415969750e-01
3.322352715542782886e-01
3.323186081562297112e-01
3.323682628667536387e-01
3.323847567543084525e-01
