2.926263109730912193e-01
2.926787004951409976e-01
2.928359640716142742e-01
2.930983873098065295e-01
2.934664481558011406e-01
2.939408198377171932e-01
2.945223750730224799e-01
2.952121916319582762e-01
2.960115593795697997e-01
2.969219889592811246e-01
2.979452223235093955e-01
2.990832453731572249e-01
3.003383030320333491e-01
3.017129171672445764e-01
3.032099078656241842e-01
3.048324187079666236e-01
3.065839468435865300e-01
3.084683788745455901e-01
3.104900338247947311e-01
3.126537148072020544e-01
3.149647714417878053e-01
3.174291756480222548e-01
3.200536141776998966e-01
3.228456022306174233e-01
3.258136237819791448e-01
3.289673059562051027e-01
3.323176370559467463e-01
3.358772409039045836e-01
3.396607242676896177e-01
3.436851197167768990e-01
3.479704538789663570e-01
3.525404815321497298e-01
3.574236404495184649e-01
3.626543020873926881e-01
3.682744215033885715e-01
3.743357298734805716e-01
3.564422562893332924e-01
3.510134069215392616e-01
3.459546523699369991e-01
3.412215847294282067e-01
3.367784629738443947e-01
3.325962558414828907e-01
3.286511609233994657e-01
3.249234781492715829e-01
3.213967483798187974e-01
3.180570913132361732e-01
3.148926939832933369e-01
3.118934135877269864e-01
3.090504675295183690e-01
3.063561902953750304e-01
3.038038417907740207e-01
3.013874554697348329e-01
2.991017173781716498e-01
2.969418693191567815e-01
2.949036309245279264e-01
2.929831366117808256e-01
2.911768843143084928e-01
2.894816935668866886e-01
2.878946710610224002e-01
2.864131821951807488e-01
2.850348274607551469e-01
2.837574227511109326e-01
2.825789828725497332e-01
2.814977076845739945e-01
2.805119704146782911e-01
2.796203077855229369e-01
2.788214116642087070e-01
2.781141220026583927e-01
2.774974208828982492e-01
2.769704275190011389e-01
2.765323940972039263e-01
2.761827023600484932e-01
2.759208608599708068e-01
2.757465028254525996e-01
2.756593845961775591e-01
2.756593845961760603e-01
2.757465028254656447e-01
2.759208608599642010e-01
2.761827023600453290e-01
2.765323940972006511e-01
2.769704275189829312e-01
2.774974208829034672e-01
2.781141220026507321e-01
2.788214116641765106e-01
2.796203077854956254e-01
2.805119704146724624e-01
2.814977076845931458e-01
2.825789828725896458e-01
2.837574227511258096e-01
2.850348274607340526e-01
2.864131821951826917e-01
2.878946710610191806e-01
2.894816935668736990e-01
2.911768843143132113e-01
2.929831366117950919e-01
2.949036309245266496e-01
2.969418693191650527e-01
2.991017173781717053e-01
3.013874554697354990e-01
3.038038417907812372e-01
3.063561902953802485e-01
3.090504675295218107e-01
3.118934135877324820e-01
3.148926939832925043e-01
3.180570913132397259e-01
3.213967483798252922e-01
3.249234781492852941e-01
3.286511609234083475e-01
3.325962558414825576e-01
3.367784629738626578e-01
3.412215847294483573e-01
3.459546523699295606e-01
3.510134069215516961e-01
3.564422562892969326e-01
3.743357298734346639e-01
3.682744215034002289e-01
3.626543020873980172e-01
3.574236404495033659e-01
3.525404815321550034e-01
3.479704538789425983e-01
3.436851197167750116e-01
3.396607242676977778e-01
3.358772409039058604e-01
3.323176370559512982e-01
3.289673059562162605e-01
3.258136237819682646e-01
3.228456022306201434e-01
3.200536141777070576e-01
3.174291756480250859e-01
3.149647714417956323e-01
3.126537148071994454e-01
3.104900338248092195e-01
3.084683788745400390e-01
3.065839468435864745e-01
3.048324187079725633e-01
3.032099078656141922e-01
3.017129171672575660e-01
3.003383030320380676e-01
2.990832453731161467e-01
2.979452223235233288e-01
2.969219889592198403e-01
2.960115593795330513e-01
2.952121916319170869e-01
2.945223750730476819e-01
2.939408198376843862e-01
2.934664481557859306e-01
2.930983873098120807e-01
2.928359640715227363e-01
2.926787004952211557e-01
2.926263109730593559e-01
