8.258495821824914790e-04
8.555006321267538596e-04
8.865806854118716673e-04
9.191763957197022963e-04
9.533807626060080559e-04
9.892936770180638193e-04
1.027022520720390682e-03
1.066682825654296889e-03
1.108399000009265738e-03
1.152305128640399067e-03
1.198545856440448804e-03
1.247277364389192842e-03
1.298668449273312564e-03
1.352901719526330331e-03
1.410174921305530280e-03
1.470702410838307765e-03
1.534716791270950660e-03
1.602470734788208296e-03
1.674239013695414269e-03
1.750320767531430644e-03
1.831042037189068404e-03
1.916758601548427783e-03
2.007859157386542026e-03
2.104768889443369134e-03
2.207953484648257636e-03
2.317923652827696794e-03
2.435240225938103270e-03
2.560519919257323723e-03
2.694441851333160762e-03
2.837754935202318422e-03
2.991286271899636605e-03
3.155950699119539418e-03
3.332761673712022425e-03
3.522843697279708260e-03
3.727446530434973867e-03
3.947961484418151257e-03
4.185940130163764289e-03
4.443115826196893103e-03
4.721428539998613269e-03
5.023053525160978486e-03
5.350434521753539077e-03
5.706322273490614487e-03
6.093819306902191479e-03
6.516432100097060802e-03
6.978131988239315298e-03
7.483426417209949368e-03
8.037442475168955075e-03
8.646025014610540099e-03
9.315852137423721174e-03
1.005457136661336813e-02
1.087096048623961177e-02
1.177511781220460900e-02
1.277868757633922672e-02
1.389512717711950673e-02
1.514002427637260728e-02
1.653147309033757562e-02
1.809052069362373713e-02
1.984169563238729478e-02
2.181363244792068265e-02
2.403980652018788619e-02
2.655939339758243978e-02
2.941826456088857469e-02
3.267012587353517600e-02
3.637779339705394382e-02
4.061458002918372917e-02
4.546572971806193270e-02
5.102977492916589697e-02
5.741959422766905463e-02
6.476279034104800991e-02
7.320076471538926322e-02
8.288548360109308788e-02
9.397231983824257118e-02
1.066062797392925282e-01
1.208966099913469233e-01
1.368680307557080256e-01
1.543496577119704560e-01
1.726119662321844994e-01
1.882980063795989534e-01
1.675586612563986777e-01
-2.839907304004159805e+00
-6.054516852754759926e-02
8.765609486270919959e-04
1.134346795494917126e-02
2.145653481006815078e-02
-4.429163602176311443e-02
-1.281143878291517435e-01
-7.424114446992466920e-01
-6.605424148316940247e+00
-4.352851897334354958e-01
1.197027085303513094e-01
1.771176368784799782e-01
1.761162233571506308e-01
1.628557509703578432e-01
1.468353137636481676e-01
1.308804010092856629e-01
1.159922900269519108e-01
1.025179783381696685e-01
9.052669298186295788e-02
7.996066177010432985e-02
7.070536208296848701e-02
6.262518752912742126e-02
5.558209233278356420e-02
4.944511929781733595e-02
4.409484330374012495e-02
3.942495893966383586e-02
3.534229837272306884e-02
3.176603375836554999e-02
2.862650524642076574e-02
2.586392748248325657e-02
2.342711404477187606e-02
2.127229132545706974e-02
1.936203337787690062e-02
1.766432638357434345e-02
1.615175892820275641e-02
1.480082804120487136e-02
1.359134837011166837e-02
1.250595134318634866e-02
1.152966176395860479e-02
1.064954040609066011e-02
9.854382504614105781e-03
9.134463384221963925e-03
8.481323729647155876e-03
7.887588142298215810e-03
7.346811626382271539e-03
6.853349508492108562e-03
6.402247027198960765e-03
5.989145447451095679e-03
5.610202073305385964e-03
5.262021966023309495e-03
4.941599535882628715e-03
4.646268476743030743e-03
4.373658762423725602e-03
4.121659631802416547e-03
3.888387662381359924e-03
3.672159175876007695e-03
3.471466339158168872e-03
3.284956423747054273e-03
3.111413770415730716e-03
2.949744075198500876e-03
2.798960671458671293e-03
2.658172531650120941e-03
2.526573753552778176e-03
2.403434330401138172e-03
2.288092033533213783e-03
2.179945260864469755e-03
2.078446725378071264e-03
1.983097875531951697e-03
1.893443954530711496e-03
1.809069618212470754e-03
1.729595042221611844e-03
