6.768431297117412981e+00
6.777949747293174454e+00
6.800503242501081402e+00
6.817850195631869781e+00
6.799483957964274516e+00
6.704840623875236716e+00
6.490535754093031962e+00
6.124013911080290029e+00
5.599944331491816030e+00
4.949609391647627810e+00
4.234218554567092063e+00
3.524036442074607312e+00
2.876255314118081330e+00
2.323494494638954411e+00
1.874716981343012234e+00
1.522882796356626489e+00
1.253241592670171434e+00
1.049248630963822704e+00
8.957482942225933886e-01
7.801960594306266428e-01
6.927916315099649225e-01
6.261362692914231864e-01
5.747551200546302530e-01
5.346412250330560001e-01
5.028766546528105064e-01
4.773387087244287952e-01
4.564805927829786447e-01
4.391711879996864076e-01
4.245793726744157559e-01
4.120909877312020630e-01
4.012493417602704393e-01
3.917125476761691982e-01
3.832228507361624681e-01
3.755844952239890677e-01
3.686476808905256308e-01
3.622968755896869286e-01
3.809026698889365070e-01
3.880563559350519443e-01
3.958999588867155861e-01
4.045660870448842261e-01
4.142269864909396970e-01
4.251087558103237019e-01
4.375113222013001235e-01
4.518367499362597739e-01
4.686296853892779057e-01
4.886355881019197600e-01
5.128851433829787476e-01
5.428172815146351526e-01
5.804589706006382244e-01
6.286876563553749353e-01
6.916112665675158144e-01
7.751076736734621164e-01
8.875595358912296007e-01
1.040772684883412902e+00
1.250909864015748996e+00
1.538875249503715237e+00
1.928762840969671322e+00
2.441713354084367182e+00
3.081779567673429643e+00
3.813616737950774382e+00
4.543889959356508079e+00
5.133818065021641175e+00
5.459054526664002260e+00
5.478898809981848750e+00
5.249324335344752512e+00
4.874408274320980894e+00
4.450883078631688861e+00
4.042951167210758534e+00
3.683320748146951207e+00
3.383705720448103360e+00
3.144675167628638413e+00
2.962115992552805999e+00
2.830780701257115783e+00
2.746009425245260704e+00
2.704476933296267926e+00
2.704476933296648511e+00
2.746009425244773983e+00
2.830780701257604282e+00
2.962115992552994737e+00
3.144675167628754764e+00
3.383705720448481280e+00
3.683320748146635015e+00
4.042951167211100483e+00
4.450883078632808854e+00
4.874408274321443635e+00
5.249324335344731196e+00
5.478898809981545881e+00
5.459054526663402740e+00
5.133818065021692689e+00
4.543889959357161779e+00
3.813616737951321500e+00
3.081779567673212927e+00
2.441713354084905419e+00
1.928762840969547199e+00
1.538875249503091069e+00
1.250909864015899986e+00
1.040772684883067623e+00
8.875595358912027333e-01
7.751076736734134887e-01
6.916112665674964965e-01
6.286876563555058306e-01
5.804589706005337524e-01
5.428172815144725050e-01
5.128851433829264561e-01
4.886355881018580871e-01
4.686296853893121561e-01
4.518367499362764272e-01
4.375113222012536607e-01
4.251087558103173181e-01
4.142269864909858268e-01
4.045660870448946622e-01
3.958999588866932151e-01
3.880563559350559411e-01
3.809026698888995366e-01
3.622968755896601722e-01
3.686476808905303493e-01
3.755844952239965617e-01
3.832228507361807313e-01
3.917125476761875724e-01
4.012493417602324697e-01
4.120909877312141090e-01
4.245793726744527818e-01
4.391711879996992862e-01
4.564805927831035448e-01
4.773387087244287952e-01
5.028766546527649872e-01
5.346412250330319083e-01
5.747551200546133776e-01
6.261362692913731154e-01
6.927916315098980871e-01
7.801960594305087371e-01
8.957482942225593048e-01
1.049248630963378615e+00
1.253241592669964710e+00
1.522882796356490820e+00
1.874716981343226063e+00
2.323494494638101315e+00
2.876255314117805106e+00
3.524036442075884956e+00
4.234218554566361092e+00
4.949609391649053336e+00
5.599944331491998106e+00
6.124013911081487294e+00
6.490535754092786824e+00
6.704840623875941930e+00
6.799483957964561398e+00
6.817850195631910637e+00
6.800503242502658807e+00
6.777949747291636129e+00
6.768431297118389978e+00
