3.416659400403687097e-01
3.416784178252220139e-01
3.417158253197618567e-01
3.417780879074072686e-01
3.418650912431011046e-01
3.419766967681507897e-01
3.421127644440599136e-01
3.422731837933705168e-01
3.424579147615979813e-01
3.426670404413206250e-01
3.429008343672825254e-01
3.431598459577588911e-01
3.434450088168315429e-01
3.437577781366576990e-01
3.441003055023801882e-01
3.444756622356611175e-01
3.448881263508269401e-01
3.453435537498676933e-01
3.458498622139630774e-01
3.464176682662905016e-01
3.470611339614950719e-01
3.477991061578384890e-01
3.486566698537097442e-01
3.496672981791772994e-01
3.508758792402135174e-01
3.523430602116642274e-01
3.541516195150503643e-01
3.564160488391330817e-01
3.592973751338230937e-01
3.630268382119155590e-01
3.679451183533652969e-01
3.324066457428795363e-01
3.489533871716785085e-01
3.673418051568171916e-01
3.875053958996969028e-01
4.085573737445561404e-01
4.277236892963426351e-01
4.394318248565797780e-01
4.392904595491277653e-01
4.363482097433377116e-01
4.429608067451249465e-01
3.972970983983388216e-01
3.695086558201634563e-01
3.513640505100490419e-01
3.390885240747927853e-01
3.305090076790924147e-01
3.243542896553771038e-01
3.198475527833493093e-01
3.164932911367548396e-01
3.139635218770989167e-01
3.120343530151479250e-01
3.105490201029716402e-01
3.093954535857197374e-01
3.084921658033525915e-01
3.077790876039667722e-01
3.072114521117612074e-01
3.067556122353563564e-01
3.063861188304576877e-01
3.060836406447588476e-01
3.058334585170049413e-01
3.056243589331827382e-01
3.054478101757274189e-01
3.052973416213649593e-01
3.051680711987210803e-01
3.050563423467373414e-01
3.049594429109713789e-01
3.048753860739728538e-01
3.048027387831430124e-01
3.047404869558343332e-01
3.046879294908192426e-01
3.046445951251904316e-01
3.046101776661898630e-01
3.045844862502183337e-01
3.045674081442171222e-01
3.045588822825797126e-01
3.045588822825819886e-01
3.045674081442169556e-01
3.045844862502218864e-01
3.046101776661866989e-01
3.046445951251925965e-01
3.046879294908207414e-01
3.047404869558422713e-01
3.048027387831489521e-01
3.048753860739782939e-01
3.049594429109761529e-01
3.050563423467335111e-01
3.051680711987357353e-01
3.052973416213576319e-01
3.054478101756958330e-01
3.056243589331805732e-01
3.058334585170277009e-01
3.060836406447555169e-01
3.063861188304599081e-01
3.067556122353495285e-01
3.072114521117538244e-01
3.077790876039867007e-01
3.084921658033561997e-01
3.093954535857176835e-01
3.105490201029692532e-01
3.120343530151526990e-01
3.139635218770887026e-01
3.164932911367663304e-01
3.198475527833514742e-01
3.243542896553820998e-01
3.305090076790961895e-01
3.390885240748104934e-01
3.513640505100514844e-01
3.695086558201655103e-01
3.972970983983206694e-01
4.429608067451268893e-01
4.363482097433113993e-01
4.392904595491201047e-01
4.394318248565681762e-01
4.277236892963540704e-01
4.085573737445612474e-01
3.875053958997135006e-01
3.673418051568299036e-01
3.489533871716959945e-01
3.324066457427959365e-01
3.679451183534116487e-01
3.630268382118816972e-01
3.592973751338329746e-01
3.564160488391547865e-01
3.541516195150378188e-01
3.523430602116739974e-01
3.508758792402111859e-01
3.496672981791753010e-01
3.486566698536839315e-01
3.477991061578398213e-01
3.470611339614851909e-01
3.464176682662731821e-01
3.458498622139810630e-01
3.453435537498683594e-01
3.448881263508077888e-01
3.444756622356562881e-01
3.441003055024143831e-01
3.437577781366639718e-01
3.434450088168161108e-01
3.431598459577572813e-01
3.429008343672941272e-01
3.426670404413292848e-01
3.424579147615930408e-01
3.422731837933644106e-01
3.421127644440609683e-01
3.419766967681518444e-01
3.418650912430969968e-01
3.417780879074059919e-01
3.417158253197617457e-01
3.416784178252232351e-01
3.416659400403681546e-01
