9.080968894053481448e-04
9.409129929853752607e-04
9.753204057051491696e-04
1.011416185218458417e-03
1.049304535590635896e-03
1.089097424707550837e-03
1.130915262972522796e-03
1.174887650169252964e-03
1.221154198229791859e-03
1.269865438627745249e-03
1.321183824233629778e-03
1.375284836745305477e-03
1.432358212264980444e-03
1.492609299262063691e-03
1.556260565076568285e-03
1.623553269312979054e-03
1.694749325002391921e-03
1.770133371319496975e-03
1.850015084997808264e-03
1.934731761464473588e-03
2.024651201202996680e-03
2.120174942055034518e-03
2.221741884211012302e-03
2.329832361664708161e-03
2.444972722090270507e-03
2.567740486650651414e-03
2.698770172412329280e-03
2.838759873116725348e-03
2.988478709399156313e-03
3.148775277576115663e-03
3.320587247344228277e-03
3.504952283772685886e-03
3.703020498540723036e-03
3.916068670378393402e-03
4.145516516162685641e-03
4.392945343391509334e-03
4.660119473364532361e-03
4.949010894196587650e-03
5.261827686055849454e-03
5.601046860458091213e-03
5.969452374352224658e-03
6.370179222039699246e-03
6.806764678383796924e-03
7.283207970957022992e-03
7.804039903327368230e-03
8.374404244569189776e-03
9.000153050227364254e-03
9.687958497867193638e-03
1.044544431739432080e-02
1.128134048486382351e-02
1.220566554056142991e-02
1.322994169835160772e-02
1.436744883958136418e-02
1.563352452816061527e-02
1.704591832368678242e-02
1.862520985693424252e-02
2.039530126703618593e-02
2.238399550087480719e-02
2.462367232910013873e-02
2.715207321743068336e-02
3.001320355623639594e-02
3.325835483885237337e-02
3.694723805804336209e-02
4.114919956046005078e-02
4.594445682212976168e-02
5.142523649105124051e-02
5.769660927342640938e-02
6.487667904059821189e-02
7.309557167052134485e-02
8.249234240620012537e-02
9.320840550389034029e-02
1.053752198871474449e-01
1.190922604900346710e-01
1.343871092240601639e-01
1.511361350452861962e-01
1.688699347582201526e-01
1.861018580430234548e-01
1.966580524586283019e-01
1.495174486212032527e-01
-2.089248064086688395e+00
-3.285597119545491385e-01
-2.295753368114661352e-02
6.025633954908349299e-03
1.976846928319153651e-02
-4.089655110157347506e-02
-1.000836169694472311e-01
-3.749600702865678037e-01
-2.932934307978865007e+00
-2.798964447873358630e+00
-1.518808972909103383e-01
1.075693892063152440e-01
1.452888521349489925e-01
1.443799098843754347e-01
1.339448105883689344e-01
1.212139173022008104e-01
1.084983922090635849e-01
9.662210474995069909e-02
8.586128837936500557e-02
7.626463270807319617e-02
6.778153664485854490e-02
6.031971594634342321e-02
5.377293197230435806e-02
4.803468254347816047e-02
4.300480315544850940e-02
3.859233553241719905e-02
3.471640460079882667e-02
3.130604992781099716e-02
2.829953883709098589e-02
2.564345694236110432e-02
2.329174000515562767e-02
2.120473476995138329e-02
1.934833220092251060e-02
1.769319113043760217e-02
1.621405607486790107e-02
1.488916534323680985e-02
1.369974183740321413e-02
1.262955747616714003e-02
1.166456197852625866e-02
1.079256721846382980e-02
1.000297916270516570e-02
9.286570319625328876e-03
8.635286547729548179e-03
8.042082935929489168e-03
7.500784247518682557e-03
7.005966106111745015e-03
6.552853696076941722e-03
6.137235258642491538e-03
5.755388096773448800e-03
5.404015166645421281e-03
5.080190640349307486e-03
4.781313081902799356e-03
4.505065094318252798e-03
4.249378476001541838e-03
4.012404075837651060e-03
3.792485662753276258e-03
3.588137231445443030e-03
3.398023254702275779e-03
3.220941467195223649e-03
3.055807828162253412e-03
2.901643362994460636e-03
2.757562628044599694e-03
2.622763580346952964e-03
2.496518665515352550e-03
2.378166963808141503e-03
2.267107257003448447e-03
2.162791897964083578e-03
2.064721381133680870e-03
1.972439526148162241e-03
1.885529198647110634e-03
1.803608502543561616e-03
