-4.013660527452157529e-04
-4.169778716444779657e-04
-4.334074723268039903e-04
-4.507089402895298001e-04
-4.689406968094323586e-04
-4.881659085495305712e-04
-5.084529418365182300e-04
-5.298758671446193117e-04
-5.525150200915095698e-04
-5.764576261407155025e-04
-6.017984972329869491e-04
-6.286408097602163170e-04
-6.570969746783335112e-04
-6.872896121644790461e-04
-7.193526450983678787e-04
-7.534325278378706942e-04
-7.896896293216634603e-04
-8.282997925380662131e-04
-8.694560959331461975e-04
-9.133708464944259239e-04
-9.602778391637999122e-04
-1.010434923053301053e-03
-1.064126921843803423e-03
-1.121668963963690698e-03
-1.183410287943244092e-03
-1.249738600059404747e-03
-1.321085075437866078e-03
-1.397930110674151620e-03
-1.480809956411571933e-03
-1.570324382953180997e-03
-1.667145561876421343e-03
-1.772028382987918000e-03
-1.885822470349922311e-03
-2.009486215473944674e-03
-2.144103212569345440e-03
-2.290901563078627697e-03
-2.451276618595527729e-03
-2.626817857725786270e-03
-2.819340750012771547e-03
-3.030924657091720389e-03
-3.263958068553045148e-03
-3.521192781594772656e-03
-3.805809027622715154e-03
-4.121494049242417287e-03
-4.472537268603412469e-03
-4.863946003491657552e-03
-5.301586734344587368e-03
-5.792358273808593042e-03
-6.344404933098339583e-03
-6.967380037976228513e-03
-7.672773081352637220e-03
-8.474317617733609365e-03
-9.388501976675948935e-03
-1.043521134164200267e-02
-1.163853813431582271e-02
-1.302780847122484917e-02
-1.463888627870917926e-02
-1.651583397752483251e-02
-1.871302971386018532e-02
-2.129786535943909570e-02
-2.435417450275406681e-02
-2.798655894537192476e-02
-3.232578103467784875e-02
-3.753533617544241308e-02
-4.381915154667392204e-02
-5.142994894815643842e-02
-6.067692568740853248e-02
-7.192961634053794684e-02
-8.561135480318762814e-02
-1.021694842569591116e-01
-1.219988150165541435e-01
-1.452786342486054316e-01
-1.716635693683382091e-01
-1.997551275769936519e-01
-2.262995451581588380e-01
-2.451412452246048979e-01
-2.460788638767149594e-01
-2.136570014325108735e-01
-1.249694745747857993e-01
5.660673492108997396e-02
3.949360006817352886e-01
9.940648614703058161e-01
1.753424444173095509e+00
2.079273900834301969e+00
1.556982402322742765e+00
8.359516401783239070e-01
3.415488590008394221e-01
5.269314301679839385e-02
-1.126094391765259384e-01
-2.039154512371426642e-01
-2.475259756278231360e-01
-2.593488318489419742e-01
-2.507932053104078296e-01
-2.305628908699647039e-01
-2.050111241970491993e-01
-1.783491228428527031e-01
-1.530390902816840537e-01
-1.302888774788669435e-01
-1.105086201494166753e-01
-9.365757921535106112e-02
-7.947440515619266788e-02
-6.761478088619583826e-02
-5.772602431098765308e-02
-4.948295719641385149e-02
-4.260181818183242375e-02
-3.684267553540981205e-02
-3.200640317984490557e-02
-2.792952827001278504e-02
-2.447864124591908608e-02
-2.154515713807984845e-02
-1.904073719190399472e-02
-1.689343878983833730e-02
-1.504455033760728096e-02
-1.344602431233620811e-02
-1.205841190293994655e-02
-1.084920833843633359e-02
-9.791529654425690926e-03
-8.863054639710691088e-03
-8.045177918585340315e-03
-7.322330745814525747e-03
-6.681434943895953570e-03
-6.111462606902036236e-03
-5.603079952539349873e-03
-5.148358267324885766e-03
-4.740538485933444394e-03
-4.373838770932987272e-03
-4.043296675674493829e-03
-3.744639212089261211e-03
-3.474175510710721462e-03
-3.228707834241916798e-03
-3.005457552467685756e-03
-2.802003355064401017e-03
-2.616229508653063543e-03
-2.446282385349666817e-03
-2.290533825484576506e-03
-2.147550165276483711e-03
-2.016065975246567141e-03
-1.894961728103623094e-03
-1.783244754398968877e-03
-1.680032957233976035e-03
-1.584540849054915301e-03
-1.496067548312015596e-03
-1.413986434831466295e-03
-1.337736212801902795e-03
-1.266813171418898487e-03
-1.200764467149681566e-03
-1.139182279621976050e-03
-1.081698716387219372e-03
-1.027981361136865715e-03
-9.777293760586556678e-04
