-1.376097441629156592e-04
-1.352979018657066157e-04
-1.327957625526232643e-04
-1.300932039734106066e-04
-1.271795500316710847e-04
-1.240435371254611924e-04
-1.206732779969570124e-04
-1.170562228769971708e-04
-1.131791176905115603e-04
-1.090279590642007079e-04
-1.045879458492996600e-04
-9.984342684477530427e-05
-9.477784436985083050e-05
-8.937367330080076000e-05
-8.361235514191961427e-05
-7.747422665670480879e-05
-7.093844253131323385e-05
-6.398289148537572579e-05
-5.658410517819616181e-05
-4.871715918608118812e-05
-4.035556524276985579e-05
-3.147115384231381763e-05
-2.203394619824418366e-05
-1.201201443398226820e-05
-1.371328746713890157e-06
9.924409867363703786e-06
2.191395290656802941e-05
3.463870545554643965e-05
4.814294707242844362e-05
6.247407472274174589e-05
7.768287029764550655e-05
9.382379558067407976e-05
1.109553179024745651e-04
1.291402701499889949e-04
1.484462492861403360e-04
1.689460581007773410e-04
1.907181955582391841e-04
2.138474018536506982e-04
2.384252651483585728e-04
2.645508979490125701e-04
2.923316922441576704e-04
3.218841638460492871e-04
3.533348979365379117e-04
3.868216096195031817e-04
4.224943353907280319e-04
4.605167738979051850e-04
5.010677972506066835e-04
5.443431575296309166e-04
5.905574171356023361e-04
6.399461363242910095e-04
6.927683568434574168e-04
7.493094271868241951e-04
8.098842228253105846e-04
8.748408241246938277e-04
9.445647258272751867e-04
1.019483665354870006e-03
1.100073173271272353e-03
1.186862968606969271e-03
1.280444345162869146e-03
1.381478723279941367e-03
1.490707576066584161e-03
1.608963981162350732e-03
1.737186100625648377e-03
1.876432954793699759e-03
2.027902933906734761e-03
2.192955587702202780e-03
2.373137352837006997e-03
2.570212027078855321e-03
2.786196985665026493e-03
3.023406369326540888e-03
3.284502768586598787e-03
3.572559302459032970e-03
3.891134464407995652e-03
4.244362714278235305e-03
4.637064571391444345e-03
5.074880963274658319e-03
5.564437875934219457e-03
6.113549027261841462e-03
6.731466468076291454e-03
7.429191869293999551e-03
8.219864997592196687e-03
9.119250806700326950e-03
1.014635306275665783e-02
1.132419098609156738e-02
1.268078668259854658e-02
1.425042597851300386e-02
1.607527465180033643e-02
1.820745705426739247e-02
2.071173569304164686e-02
2.366896873856175199e-02
2.718056590386300209e-02
3.137420515088482076e-02
3.641109597770011974e-02
4.249503949869293251e-02
4.988335328046858419e-02
5.889921403551842682e-02
6.994373858960462043e-02
8.350338390206421546e-02
1.001423837963600072e-01
1.204575634949539842e-01
1.449463125769807348e-01
1.736771536143939809e-01
2.054836952609920830e-01
2.357840713585463155e-01
2.489380433090902511e-01
1.777961991118726659e-01
-4.145531912625611826e-01
-1.552359637011039073e+00
9.736179567411196167e-02
3.972600404566181131e-01
4.225370929862111713e-01
3.883738809172548323e-01
3.372590066536204079e-01
2.840573090263503464e-01
2.352037643693691560e-01
1.931208180037953526e-01
1.581522324062828999e-01
1.296730504409425444e-01
1.067136881154796130e-01
8.827471526332925089e-02
7.346188058494790285e-02
6.152749144887459387e-02
5.186851756361129939e-02
4.400796272146620391e-02
3.757221848117697771e-02
3.226981490878781667e-02
2.787342219821616063e-02
2.420536115466985494e-02
2.112625315908291113e-02
1.852626003770266316e-02
1.631837305543019923e-02
1.443328653953789009e-02
1.281548178936929572e-02
1.142022964630756698e-02
1.021128878433077980e-02
9.159131035448707381e-03
8.239566758486353837e-03
7.432674809347533662e-03
6.721965344132697917e-03
6.093721377979151310e-03
-5.536478228558183723e-03
-5.040609838452302094e-03
-4.597998355929500125e-03
-4.201768898645256989e-03
-3.846075603472373650e-03
-3.525928227104964396e-03
-3.237050964526977381e-03
-2.975766986111433310e-03
-2.738903600200473520e-03
-2.523714031189193407e-03
