1.263037923699379617e+00
1.261741190996709561e+00
1.257862098213537339e+00
1.251434621775882938e+00
1.242517451981164589e+00
1.231196620744882786e+00
1.217588312524033434e+00
1.201841138770400663e+00
1.184137149345878326e+00
1.164690968744758637e+00
1.143746671534815240e+00
1.121572318758595976e+00
1.098452414460237447e+00
1.074678848329197578e+00
1.050541109780807947e+00
1.026316651679881620e+00
1.002262237031028347e+00
9.786069373544524774e-01
9.555472079380672445e-01
9.332441940671124536e-01
9.118231722029249697e-01
8.913748363522304707e-01
8.719580200316381369e-01
8.536033986067890211e-01
8.363177330278700472e-01
8.200882752051800173e-01
8.048870375538916822e-01
7.906747175548277662e-01
7.774041502614614796e-01
7.650232303424231439e-01
7.534772975855195121e-01
7.427110160034802178e-01
7.326697988280925777e-01
7.233008426392033563e-01
7.145538366656628559e-01
7.063814106105478219e-01
6.987393783974604755e-01
6.915868276604860698e-01
6.848860967599548211e-01
7.054295885330444937e-01
7.107995379507502376e-01
7.163755078603804005e-01
7.221584569009305010e-01
7.281481000005836091e-01
7.343425656350898167e-01
7.407379803144902297e-01
7.473279703567122789e-01
7.541030714461770534e-01
7.610500379068060317e-01
7.681510465393189824e-01
7.753827949693625765e-01
7.827155026180662167e-01
7.901118347624584981e-01
7.975257880517661047e-01
8.049016007902047853e-01
8.121727847582564941e-01
8.192614183928161875e-01
8.260778937821994239e-01
8.325213700092859437e-01
8.384812470325955225e-01
8.438400258470382109e-01
8.484779422504116209e-01
8.522797232646153187e-01
8.551436773237230948e-01
8.569930468494695308e-01
8.577890875174887242e-01
8.575446864771166799e-01
8.563365516337156924e-01
8.543132569151252742e-01
8.516959930238047205e-01
8.487691096063090246e-01
8.458587651231398441e-01
8.433003111061903034e-01
8.413980747655209758e-01
8.403841098426525491e-01
8.403841098426300116e-01
8.413980747655144254e-01
8.433003111062365997e-01
8.458587651231079807e-01
8.487691096063195717e-01
8.516959930238044985e-01
8.543132569151321576e-01
8.563365516336919336e-01
8.575446864770909228e-01
8.577890875175098184e-01
8.569930468494777465e-01
8.551436773237413025e-01
8.522797232645848986e-01
8.484779422504220570e-01
8.438400258470302173e-01
8.384812470326045153e-01
8.325213700092808367e-01
8.260778937821959822e-01
8.192614183927735549e-01
8.121727847582632664e-01
8.049016007901869107e-01
7.975257880517647724e-01
7.901118347624568328e-01
7.827155026180626640e-01
7.753827949693596899e-01
7.681510465392806797e-01
7.610500379067786092e-01
7.541030714461716133e-01
7.473279703567270449e-01
7.407379803144806818e-01
7.343425656350425212e-01
7.281481000006229110e-01
7.221584569009237287e-01
7.163755078602144222e-01
7.107995379507027200e-01
7.054295885319390447e-01
6.848860967601217986e-01
6.915868276604857368e-01
6.987393783975438533e-01
7.063814106105897883e-01
7.145538366657131490e-01
7.233008426392105727e-01
7.326697988281259954e-01
7.427110160035009789e-01
7.534772975855421606e-01
7.650232303424240321e-01
7.774041502614235100e-01
7.906747175547970130e-01
8.048870375538865751e-01
8.200882752051696922e-01
8.363177330278801502e-01
8.536033986067517176e-01
8.719580200316522367e-01
8.913748363522356888e-01
9.118231722029495057e-01
9.332441940671089009e-01
9.555472079380818995e-01
9.786069373544434846e-01
1.002262237031025682e+00
1.026316651679880065e+00
1.050541109780820603e+00
1.074678848329163605e+00
1.098452414460244775e+00
1.121572318758640607e+00
1.143746671534846326e+00
1.164690968744720667e+00
1.184137149345871887e+00
1.201841138770457285e+00
1.217588312524044092e+00
1.231196620744885672e+00
1.242517451981167698e+00
1.251434621775852740e+00
1.257862098213505808e+00
1.261741190996709783e+00
1.263037923699376952e+00
