2.214312862534489890e-02
2.115452385386214218e-02
1.995874718717075003e-02
1.852689728937759184e-02
1.682612063779398426e-02
1.481906745329832076e-02
1.246327821934041513e-02
9.710495467875682185e-03
6.505896909938857497e-03
2.787248481745857598e-03
-1.516020047702210105e-03
-6.483807940315833296e-03
-1.220638640364291039e-02
-1.878545939103329343e-02
-2.633519061217998170e-02
-3.498311799782388709e-02
-4.487084011649555837e-02
-5.615431040543739094e-02
-6.900351256959560975e-02
-8.360121308760862235e-02
-1.001403956008759533e-01
-1.188198823796596526e-01
-1.398375524722889063e-01
-1.633804978998877333e-01
-1.896114570064588167e-01
-2.186509852465206571e-01
-2.505551442629642134e-01
-2.852890956779094433e-01
-3.226979476535657421e-01
-3.624775309730752237e-01
-4.041493613794672202e-01
-4.470455616554029898e-01
-4.903104207769068412e-01
-5.329248381601319196e-01
-5.737574748077087783e-01
-6.116417897078589849e-01
-6.454719110908493374e-01
-6.743041155561046995e-01
-6.974468248508693957e-01
-7.145224259170857017e-01
-7.254894213311350315e-01
-7.306220348945193788e-01
-7.304535860593184271e-01
-7.256967130786475817e-01
-7.171560727316154127e-01
-7.056474785217302648e-01
-6.919329982972772797e-01
-6.766762638875359892e-01
-6.604177387056650028e-01
-6.435667536775224740e-01
-6.264058266727422497e-01
-6.091027440190123210e-01
-5.917265822726738289e-01
-5.742648282958772166e-01
5.566397105572095105e-01
5.387226280453694116e-01
5.203461070489167062e-01
5.013130435153645426e-01
4.814031371894131883e-01
4.603764303126403057e-01
4.379737501195062332e-01
4.139136165019158264e-01
3.878847715182485167e-01
3.595328132605766225e-01
3.284382668116430093e-01
2.940814013991238651e-01
2.557854324670456592e-01
2.126229002273331004e-01
1.632568920057470008e-01
1.056629584520566434e-01
3.662562605761510159e-02
-4.920250733345987726e-02
-1.611045753404807268e-01
-3.157876440367846094e-01
-5.438758184536246487e-01
-8.998285971515881387e-01
-1.463814949330185744e+00
-2.262525673341708288e+00
-2.930093813570544548e+00
-2.661983111964119519e+00
-1.701372371050495547e+00
-8.844786864754098366e-01
-3.886816023191940195e-01
-1.116198296495355402e-01
4.275142913194485139e-02
1.302018220804656568e-01
1.803660476787906641e-01
2.090090113123245219e-01
2.247663898712445318e-01
2.325492018398047922e-01
2.352589903859376441e-01
2.346728921473399399e-01
2.319155902714344630e-01
2.277199033790203997e-01
2.225756610658610191e-01
2.168175448757082291e-01
2.106784976415874144e-01
2.043231128862016688e-01
1.978690510358648291e-01
1.914011050215548293e-01
1.849806422828715047e-01
1.786520722137349970e-01
1.724473594245813646e-01
1.663892278552722703e-01
1.604934717175040826e-01
1.547706465806217846e-01
1.492273233467488192e-01
1.438670293300364222e-01
1.386909621895177080e-01
1.336985367848326500e-01
1.288878076216824486e-01
1.242557975944789395e-01
1.197987554035105096e-01
1.155123581474886141e-01
1.113918713960163343e-01
1.074322760158016865e-01
1.036283688090056249e-01
9.997484238847749449e-02
9.646634849424538805e-02
9.309754803820123603e-02
8.986315046507228899e-02
8.675794448282973803e-02
8.377682180154144564e-02
8.091479519650179864e-02
7.816701195840566885e-02
7.552876359204077628e-02
7.299549246580473716e-02
7.056279598586243096e-02
6.822642876564213865e-02
6.598230317801118128e-02
6.382648860884067299e-02
6.175520967561858032e-02
5.976484362843915293e-02
5.785191711346715504e-02
5.601310244753534423e-02
5.424521352700000659e-02
5.254520147186157730e-02
5.091015008941868203e-02
4.933727122546326810e-02
4.782390005973240210e-02
4.636749039108480769e-02
4.496560994970634495e-02
4.361593576603504246e-02
4.231624962020858610e-02
4.106443359041014179e-02
3.985846571476145406e-02
3.869641577733215487e-02
3.757644122614606230e-02
3.649678322857417834e-02
3.545576286745767691e-02
