6.920524877826637056e-01
6.914737894229575632e-01
6.897407747932707833e-01
6.868627721440210276e-01
6.828556127407104936e-01
6.777420376955817227e-01
6.715522279501073832e-01
6.643244164484636283e-01
6.561055284643845242e-01
6.469517830135023129e-01
6.369291764217774876e-01
6.261137601361418392e-01
6.145916209520763118e-01
6.024584754395972963e-01
5.898188037940819139e-01
5.767844732350564385e-01
5.634728376586063403e-01
5.500043467913826589e-01
5.364997505045026038e-01
5.230770359280251247e-01
5.098482787719332832e-01
4.969166178729059191e-01
4.843735671083150285e-01
4.722968583852495961e-01
4.607489646997787736e-01
4.497763890941524623e-01
4.394097329188925150e-01
4.296644859831568741e-01
4.205424219268995567e-01
4.120334417995664689e-01
4.041176906610885466e-01
3.967677753128027729e-01
3.899509319351658898e-01
3.836310245468911306e-01
3.777702923684691516e-01
3.723308008110495781e-01
3.819991970378275314e-01
3.874602703308687723e-01
3.933331552348768301e-01
3.996537101726658214e-01
4.064580331164659444e-01
4.137812214309263825e-01
4.216558510789161218e-01
4.301102059011000511e-01
4.391663207166455196e-01
4.488379372995340288e-01
4.591285050164501946e-01
4.700293821818504192e-01
4.815184038987347925e-01
4.935589725514510917e-01
5.060997960539398433e-01
5.190753481016311399e-01
5.324070597104596514e-01
5.460051811903000596e-01
5.597711889313154998e-01
5.736005617796622325e-01
5.873857243575598686e-01
6.010189522223660097e-01
6.143950545429002208e-01
6.274136885893117910e-01
6.399812092060929158e-01
6.520120076669014830e-01
6.634293411191226619e-01
6.741656915482565626e-01
6.841627195812154394e-01
6.933708933200974922e-01
7.017488772128248620e-01
7.092627629699634895e-01
7.158852163096774968e-01
7.215946022241190860e-01
7.263741394218382608e-01
7.302111230345663673e-01
7.330962444374051756e-01
7.350230285230061611e-01
7.359874021044237047e-01
7.359874021044898740e-01
7.350230285230081595e-01
7.330962444373385622e-01
7.302111230345148529e-01
7.263741394216484126e-01
7.215946022240329327e-01
7.158852163096921517e-01
7.092627629699873593e-01
7.017488772130464625e-01
6.933708933200517510e-01
6.841627195811806894e-01
6.741656915482714396e-01
6.634293411190648193e-01
6.520120076669098097e-01
6.399812092059685709e-01
6.274136885892711568e-01
6.143950545428620291e-01
6.010189522222120218e-01
5.873857243576343645e-01
5.736005617796663403e-01
5.597711889313623512e-01
5.460051811904564900e-01
5.324070597103085500e-01
5.190753481014738213e-01
5.060997960539641571e-01
4.935589725516787984e-01
4.815184038986604631e-01
4.700293821817984052e-01
4.591285050164570780e-01
4.488379372994692473e-01
4.391663207166890959e-01
4.301102059010399326e-01
4.216558510789916170e-01
4.137812214308265735e-01
4.064580331165246752e-01
3.996537101727550279e-01
3.933331552349000337e-01
3.874602703308582252e-01
3.819991970378823209e-01
3.723308008111466672e-01
3.777702923682787484e-01
3.836310245469956026e-01
3.899509319352061354e-01
3.967677753126868101e-01
4.041176906610672859e-01
4.120334417994693244e-01
4.205424219267712704e-01
4.296644859831889596e-01
4.394097329189647350e-01
4.497763890942232945e-01
4.607489646999215482e-01
4.722968583850138402e-01
4.843735671082855521e-01
4.969166178728614547e-01
5.098482787720864939e-01
5.230770359279777182e-01
5.364997505044549753e-01
5.500043467913015016e-01
5.634728376585880216e-01
5.767844732351019577e-01
5.898188037940648165e-01
6.024584754395451158e-01
6.145916209520516649e-01
6.261137601362199989e-01
6.369291764218846241e-01
6.469517830135480541e-01
6.561055284644136121e-01
6.643244164485561098e-01
6.715522279502094127e-01
6.777420376954496062e-01
6.828556127406725240e-01
6.868627721439344302e-01
6.897407747933915756e-01
6.914737894232703130e-01
6.920524877828196919e-01
