1.133380608728583316e-01
1.136408582160281233e-01
1.145470558534111144e-01
1.160501200562714108e-01
1.181393248798065926e-01
1.207999933645409474e-01
1.240138270784449659e-01
1.277593164680342619e-01
1.320122231699434601e-01
1.367461246897834770e-01
1.419330117570761496e-01
1.475439292711491768e-01
1.535496531023421152e-01
1.599213971451186600e-01
1.666315479766407315e-01
1.736544283263848354e-01
1.809670954199552317e-01
1.885501863050382254e-01
1.963888297697254925e-01
2.044736538234329382e-01
2.128019294616108337e-01
2.213789062545289399e-01
2.302194139099706938e-01
2.393498268457674993e-01
2.488105154246540718e-01
2.586589342555014603e-01
2.689735132470936207e-01
2.798584891445968226e-01
2.914496623992113844e-01
3.039205811967520821e-01
3.174873289558022282e-01
3.745700073740530489e-01
3.837181897110014672e-01
3.967323377623065972e-01
4.159019524030017068e-01
4.450615547816448858e-01
4.880223825964407069e-01
5.128297659522116358e-01
3.943997324962205120e-01
4.856217376255026474e-01
4.400466082265450107e-01
4.477904142576554780e-01
4.403575928979703846e-01
4.241644383446006028e-01
4.048608685493831350e-01
3.855328903206334257e-01
3.673299173896965031e-01
3.504991998813735687e-01
3.349465515825080786e-01
3.204783354780919580e-01
3.068950935383150669e-01
2.940234325918137381e-01
2.817236913694301514e-01
2.698887820486716160e-01
2.584403222548004586e-01
2.473243765601661759e-01
2.365075947607069295e-01
2.259739322348186252e-01
2.157219160617124820e-01
2.057623526614410780e-01
1.961163648158891493e-01
1.868136595413636691e-01
1.778909479599303234e-01
1.693904582018026794e-01
1.613585005214765722e-01
1.538440597817797295e-01
1.468974042924808820e-01
1.405687118147525005e-01
1.349067234271000837e-01
1.299574438767993612e-01
1.257629129340857022e-01
1.223600760238424678e-01
1.197797839551490717e-01
1.180459508964912946e-01
1.171748969469349755e-01
1.171748969469346424e-01
1.180459508964894350e-01
1.197797839551502791e-01
1.223600760238424678e-01
1.257629129340867569e-01
1.299574438767975570e-01
1.349067234271035531e-01
1.405687118147532222e-01
1.468974042924801326e-01
1.538440597817859468e-01
1.613585005214796808e-01
1.693904582018156413e-01
1.778909479599254939e-01
1.868136595413311674e-01
1.961163648158812112e-01
2.057623526614651976e-01
2.157219160617008802e-01
2.259739322348218171e-01
2.365075947607218898e-01
2.473243765601663702e-01
2.584403222548237733e-01
2.698887820486716160e-01
2.817236913694363132e-01
2.940234325918176239e-01
3.068950935383234491e-01
3.204783354780754712e-01
3.349465515825183481e-01
3.504991998813837828e-01
3.673299173897055514e-01
3.855328903206231006e-01
4.048608685494000659e-01
4.241644383446011579e-01
4.403575928979764909e-01
4.477904142576376034e-01
4.400466082265559464e-01
4.856217376254633455e-01
3.943997324961400763e-01
5.128297659521935392e-01
4.880223825964484230e-01
4.450615547816527129e-01
4.159019524030121429e-01
3.967323377623050984e-01
3.837181897110099604e-01
3.745700073739799407e-01
3.174873289558369227e-01
3.039205811967208293e-01
2.914496623992134938e-01
2.798584891446098677e-01
2.689735132470899015e-01
2.586589342555138393e-01
2.488105154246494644e-01
2.393498268457689704e-01
2.302194139099450476e-01
2.213789062545323538e-01
2.128019294615952073e-01
2.044736538234195045e-01
1.963888297697300167e-01
1.885501863050366989e-01
1.809670954199477932e-01
1.736544283263939947e-01
1.666315479766615204e-01
1.599213971451116933e-01
1.535496531023359812e-01
1.475439292711493156e-01
1.419330117570813676e-01
1.367461246897835603e-01
1.320122231699469573e-01
1.277593164680315974e-01
1.240138270784490876e-01
1.207999933645416690e-01
1.181393248798060652e-01
1.160501200562713414e-01
1.145470558534102123e-01
1.136408582160275821e-01
1.133380608728580957e-01
