3.605651906613613344e-02
3.571709030590342060e-02
3.532650229831152400e-02
3.488125854889925770e-02
3.437763459842674285e-02
3.381166190620954470e-02
3.317911041695584262e-02
3.247546968282222224e-02
3.169592839719403976e-02
3.083535218014699097e-02
2.988825943605205593e-02
2.884879508209770016e-02
2.771070192192026660e-02
2.646728940987880252e-02
2.511139951977181539e-02
2.363536939479748966e-02
2.203099041375672362e-02
2.028946326088648666e-02
1.840134853149649752e-02
1.635651234417884181e-02
1.414406635777248900e-02
1.175230151127842904e-02
9.168614711198008749e-03
6.379427585460784034e-03
3.370096302863556659e-03
1.248113206507861506e-04
-3.373514230885721332e-03
-7.143368994985799247e-03
-1.120478232192345658e-02
-1.557947957231659020e-02
-2.029105590596097519e-02
-2.536517093836981873e-02
-3.082976693024763737e-02
-3.671531347702650105e-02
-4.305508197465668374e-02
-4.988545344768413603e-02
-5.724626361262385998e-02
-6.518118928893079644e-02
-7.373818041934498968e-02
-8.296994196420709455e-02
-9.293446970407925889e-02
-1.036956434106715563e-01
-1.153238797610449118e-01
-1.278968455603400889e-01
-1.415002289965991422e-01
-1.562285623850834249e-01
-1.721860836215155510e-01
-1.894876146572794795e-01
-2.082594228121772972e-01
-2.286400134912096038e-01
-2.507807794031737258e-01
-2.748463999341763109e-01
-3.010148428552966160e-01
-3.294767668146235673e-01
-3.604340549358717172e-01
-3.940971257359164870e-01
-4.306805673720840444e-01
-4.703965276971064924e-01
-5.134451736357512619e-01
-5.600014252086700228e-01
-6.101971008717822498e-01
-6.640976280053080272e-01
-7.216726437259427529e-01
-7.827602290059658685e-01
-8.470252940406730602e-01
-9.139138745147100673e-01
-9.826068735801283260e-01
-1.051979046194316592e+00
-1.120571514955351899e+00
-1.186588267443632549e+00
-1.247928006461437977e+00
-1.302261259641868341e+00
-1.347157761176144941e+00
-1.380260445133444591e+00
-1.399490940095378555e+00
-1.403259931036602293e+00
-1.390648120441217106e+00
-1.361523589223116781e+00
-1.316570852512750855e+00
-1.257224067626115938e+00
-1.185516662329075821e+00
-1.103875845606432149e+00
-1.014898297660348447e+00
-9.211415065719290585e-01
-8.249559221849052104e-01
-7.283704847387659775e-01
-6.330322408742349305e-01
-5.401922975178750086e-01
-4.507260732597229147e-01
-3.651750962137382261e-01
-2.837992340283230774e-01
2.066309703641291406e-01
1.335262226403604036e-01
6.420868625893216830e-02
-1.693419003179541527e-03
-6.461802864449284201e-02
-1.250463516366009387e-01
-1.834849566547630539e-01
-2.404510665450579898e-01
-2.964590951083344583e-01
-3.520062632556186788e-01
-4.075549119474620730e-01
-4.635089087102008953e-01
-5.201814188060762678e-01
-5.777514838402528774e-01
-6.362076665524739605e-01
-6.952789926052899139e-01
-7.543571767774189807e-01
-8.124201956702286065e-01
-8.679756027657159478e-01
-9.190510731466334793e-01
-9.632655916733746659e-01
-9.980108622630350368e-01
-1.020751703800300891e+00
-1.029414235424623181e+00
-1.022781868666806648e+00
-1.000786437755980307e+00
-9.645929221027441658e-01
-9.164385368702756551e-01
-8.592734892080322595e-01
-7.963148704467146732e-01
-7.306355424036138357e-01
-6.648713045364254004e-01
-6.010725816579962633e-01
-5.406811457681403033e-01
-4.845906872976337154e-01
-4.332491397039669456e-01
-3.867708126239706168e-01
-3.450390475054702089e-01
-3.077905912300859526e-01
-2.746797953040506779e-01
-2.453244785900914327e-01
-2.193368087028085833e-01
-1.963427832951460950e-01
-1.759934927389737447e-01
-1.579707258795643998e-01
-1.419888541718756780e-01
-1.277943896454100114e-01
-1.151641853623802114e-01
-1.039029279191921451e-01
-9.384034231818549898e-02
-8.482837002433135654e-02
-7.673847305941144947e-02
-6.945914584032614192e-02
-6.289367094039571837e-02
-5.695812683331241688e-02
-5.157963915770985563e-02
-4.669485807033818547e-02
-4.224864008250323044e-02
-3.819291156039633650e-02
