7.470091205855096395e-02
7.486625066453944655e-02
7.536067525842060633e-02
7.617943545736106936e-02
7.731469075717826989e-02
7.875562285819028008e-02
8.048858728869132118e-02
8.249729896014396102e-02
8.476304511979250444e-02
8.726491824551985133e-02
8.998006078505756122e-02
9.288391330094110387e-02
9.595045756321918251e-02
9.915244645950260782e-02
1.024616133057928147e-01
1.058488543117937775e-01
1.092843797012789941e-01
1.127378315028233075e-01
1.161783696013908296e-01
1.195747326911009711e-01
1.228952878417003958e-01
1.261080921390997645e-01
1.291810029269855609e-01
1.320818899178852202e-01
1.347790223621391503e-01
1.372417252158462664e-01
1.394414140713253480e-01
1.413531183288359860e-01
1.429575673197211461e-01
1.442438196751353319e-01
1.452122364352761985e-01
1.550729824441567373e-01
1.526713513517715948e-01
1.503020586142559400e-01
1.480933701603171504e-01
1.462310504902309405e-01
1.449461383680463178e-01
1.444637163510429367e-01
1.449185409929600044e-01
1.462863893894207068e-01
1.483885943398529361e-01
1.509687223691303093e-01
1.537810958624440394e-01
1.566405325996444720e-01
1.594293029093946656e-01
1.620823576520942222e-01
1.415395383008097863e-01
1.398974588720599543e-01
1.379667053430250756e-01
1.357665597283966852e-01
1.333223042032871120e-01
1.306628154117371321e-01
1.278188004514731468e-01
1.248216070348967394e-01
1.217024865308564824e-01
1.184921820749809673e-01
1.152207305309092128e-01
1.119173914555722793e-01
1.086106402295604068e-01
1.053281827191868275e-01
1.020969644168574775e-01
9.894315836022690713e-02
9.589212408627402484e-02
9.296833529376946625e-02
9.019527749504492597e-02
8.759531929270741868e-02
8.518956241446978828e-02
8.299767654646315884e-02
8.103772549352300514e-02
7.932599136892873326e-02
7.787680343719893816e-02
7.670237793812088867e-02
7.581267473064021156e-02
7.521527592938764828e-02
7.491529088276549508e-02
7.491529088275862558e-02
7.521527592938216655e-02
7.581267473064254303e-02
7.670237793811918170e-02
7.787680343719909082e-02
7.932599136892995451e-02
8.103772549352263044e-02
8.299767654646263149e-02
8.518956241447109279e-02
8.759531929270698847e-02
9.019527749504450964e-02
9.296833529377684924e-02
9.589212408627503792e-02
9.894315836022465893e-02
1.020969644168655543e-01
1.053281827191903525e-01
1.086106402295669154e-01
1.119173914555774557e-01
1.152207305309102814e-01
1.184921820749823551e-01
1.217024865308452414e-01
1.248216070348975582e-01
1.278188004514719256e-01
1.306628154117343288e-01
1.333223042033063188e-01
1.357665597283884695e-01
1.379667053430207735e-01
1.398974588720603984e-01
1.415395383008142272e-01
1.620823576520947495e-01
1.594293029094112635e-01
1.566405325996417519e-01
1.537810958624452329e-01
1.509687223691426050e-01
1.483885943398538798e-01
1.462863893894107148e-01
1.449185409929671653e-01
1.444637163510415490e-01
1.449461383680390458e-01
1.462310504902237795e-01
1.480933701603178720e-01
1.503020586142649329e-01
1.526713513517598819e-01
1.550729824441267057e-01
1.452122364352844142e-01
1.442438196751499591e-01
1.429575673197214791e-01
1.413531183288364579e-01
1.394414140713244044e-01
1.372417252158454060e-01
1.347790223621486982e-01
1.320818899178686501e-01
1.291810029269947202e-01
1.261080921390877185e-01
1.228952878417075706e-01
1.195747326911055924e-01
1.161783696013821143e-01
1.127378315028224470e-01
1.092843797012896662e-01
1.058488543118002723e-01
1.024616133057888040e-01
9.915244645950233027e-02
9.595045756321693431e-02
9.288391330094290799e-02
8.998006078505906002e-02
8.726491824552043419e-02
8.476304511979620981e-02
8.249729896013949237e-02
8.048858728869121015e-02
7.875562285818932251e-02
7.731469075717785355e-02
7.617943545736076405e-02
7.536067525842077286e-02
7.486625066454105637e-02
7.470091205855181049e-02
