3.172461695001230209e-02
3.260825813653777522e-02
3.352819952942953652e-02
3.448650375890831982e-02
3.548537520453104444e-02
3.652716798576428892e-02
3.761439308637268969e-02
3.874972391467244870e-02
3.993599929185233377e-02
4.117622241847423287e-02
4.247355373817126439e-02
4.383129470994454741e-02
4.525285818903283103e-02
4.674171920707535094e-02
4.830133714112364723e-02
4.993503611592325919e-02
5.164582428827491772e-02
5.343612330780828784e-02
5.530736495498891209e-02
5.725938985089350231e-02
5.928954847597942002e-02
6.139134961718138717e-02
6.355241234367559056e-02
6.575133145461796447e-02
6.795282212444325731e-02
7.010009364111841057e-02
7.210267948434240237e-02
7.381666614233191315e-02
7.501191632947309951e-02
7.531644505834871051e-02
7.411929195502080236e-02
7.039433134948946957e-02
6.236186515591404800e-02
4.677538907759404285e-02
1.717857631280580999e-02
-4.130191285566006676e-02
-1.701150669200949261e-01
-4.430324803374209308e-01
-4.825514014999462420e-01
-3.351895345034845985e-01
-2.368276385567474329e-01
-1.686265784296167580e-01
-1.148505360195261060e-01
-6.773067139865257547e-02
-2.288914165620803409e-02
2.248314517242000488e-02
7.039444869619504441e-02
1.224195598177628130e-01
1.798777740337779152e-01
2.438960759777614173e-01
-3.153830380636770681e-01
-3.949172871414221575e-01
-4.825461917466611350e-01
-5.774955326389985544e-01
-6.778147162972902873e-01
-7.800301940658151967e-01
-8.789483457241109576e-01
-9.678097532462875963e-01
-1.038986923622168934e+00
-1.085264390679798296e+00
-1.101439877800721057e+00
-1.085687336447723306e+00
-1.040082527787124622e+00
-9.700348881104029486e-01
-8.828970953431058977e-01
-7.863589180016229419e-01
-6.871816491802495985e-01
-5.905254505083361583e-01
-4.998216378934626225e-01
-4.169926156994618327e-01
-3.428166734468346410e-01
-2.772986566348256132e-01
-2.199779638984949437e-01
-1.701548797446092443e-01
-1.270422763462000226e-01
-8.985921519050621420e-02
-5.788360182055302117e-02
-3.047806247280560044e-02
-7.099457051470414726e-03
1.270086703705092246e-02
2.928149421817921594e-02
4.291720886558481052e-02
5.380545170575845582e-02
6.207204012017930594e-02
6.777567673735723774e-02
7.091103624897793223e-02
7.141037593920246396e-02
6.914371197973623318e-02
6.391767800942965705e-02
5.547326449667516757e-02
4.348275475100443765e-02
2.754635702414642839e-02
7.189319496903268103e-03
-1.813924687766366173e-02
-4.906396728097472959e-02
-8.627444076097690040e-02
-1.305061094128768806e-01
-1.825052271046710972e-01
-2.429707205284263871e-01
-3.124643330808839492e-01
-3.912802099074218498e-01
-4.792676081817743849e-01
-5.756080579117749396e-01
-6.785637653275721215e-01
-7.852389215523403188e-01
-8.914272640958750271e-01
-9.916469267201653004e-01
-1.079466232691236538e+00
-1.148176206003769240e+00
-1.191755928297814293e+00
-1.205932955400094153e+00
-1.189035681419734036e+00
-1.142349480578066068e+00
-1.069846769446674006e+00
-9.773900732507881939e-01
-8.716816971479482978e-01
-7.592693470185079008e-01
-6.458245196590235437e-01
-5.357671858486927619e-01
-4.321933264252052487e-01
-3.370053708027747064e-01
-2.511423720693581885e-01
-1.748321446705001225e-01
-1.078194051350068738e-01
-4.954999254167757883e-02
6.920154972110958980e-04
4.368885885431794680e-02
8.022675526603872953e-02
1.110580125470601032e-01
1.368802151660269417e-01
1.583267615179687615e-01
1.759645813779467938e-01
1.902961344399543564e-01
2.017637527589465907e-01
2.107550803718327148e-01
2.176088399688925479e-01
2.226204750434662982e-01
2.260474226664174746e-01
2.281139021242960807e-01
2.290151836107446881e-01
2.289213467827227455e-01
2.279805634034991202e-01
2.263219495672161297e-01
2.240580364087263188e-01
2.212869071279523481e-01
2.180940447250079572e-01
2.145539303483289528e-01
2.107314273746907496e-01
2.066829816976175627e-01
2.024576644243064050e-01
