5.908835680206549895e-02
6.080670550936199958e-02
6.257893914688122949e-02
6.440622220738738413e-02
6.628964186393798697e-02
6.823018743260102215e-02
7.022872638710209170e-02
7.228597634633508739e-02
7.440247234735938853e-02
7.657852858402518226e-02
7.881419363005903733e-02
8.110919796702280304e-02
8.346289239252611958e-02
8.587417558080885638e-02
8.834140868898841814e-02
9.086231442841383177e-02
9.343385742336070277e-02
9.605210192359368848e-02
9.871204197510546896e-02
1.014073979223200916e-01
1.041303715304663091e-01
1.068713499661695376e-01
1.096185462046228715e-01
1.123575599357415356e-01
1.150708384352692459e-01
1.177370107598740001e-01
1.203300604766581877e-01
1.228182911930845861e-01
1.251630243550437838e-01
1.273169486339522372e-01
1.292220126010542314e-01
1.308067142479852063e-01
1.319825878715534251e-01
1.326396145551470007e-01
1.326401777114527836e-01
1.318110364229487796e-01
1.299325769190048940e-01
1.267242977142988003e-01
1.218250450739373769e-01
1.147658832692574904e-01
1.049325768024403360e-01
9.151337398627501507e-02
7.342599639049079974e-02
4.921538237333239474e-02
1.691093525299502964e-02
-2.617044394349227199e-02
-8.368891653132531916e-02
-1.606173563958692152e-01
-2.636157890304445250e-01
-4.013145108451914300e-01
-5.841476323247072333e-01
-8.229289976850781008e-01
-1.124706667111878833e+00
-1.484176517184798483e+00
-1.871156662840409046e+00
-2.222179966328635459e+00
-2.453124528737091303e+00
-2.500058047820962859e+00
-2.359233826555798608e+00
-2.084981071176817302e+00
-1.750736327593674257e+00
-1.414226973914911589e+00
-1.107165506885403383e+00
-8.409944910290040321e-01
-6.158340165316642523e-01
-4.269654676558889417e-01
-2.683508750063789972e-01
-1.342027330032372623e-01
-1.953771298855788707e-02
7.972663819490555248e-02
1.668518729805794631e-01
2.444092860148217028e-01
3.144100643908823711e-01
3.784172347568105499e-01
4.376355842513449668e-01
4.929809121091744961e-01
5.451314824704054374e-01
5.945646530811525832e-01
6.415813407814654479e-01
6.863206887155104408e-01
-7.287672173015482535e-01
-7.687529546632223543e-01
-8.059575617431532502e-01
-8.399102175122188374e-01
-8.699978178775964466e-01
-8.954845283922777677e-01
-9.155474399158567422e-01
-9.293314926507936224e-01
-9.360236148910592302e-01
-9.349412989295506904e-01
-9.256254733249843492e-01
-9.079231371592120237e-01
-8.820437182255472797e-01
-8.485758910177132464e-01
-8.084586135566242948e-01
-7.629096234445966740e-01
-7.133235897053098462e-01
-6.611576650990675930e-01
-6.078228295913206125e-01
-5.545955848373206321e-01
-5.025581412169477513e-01
-4.525685477669809664e-01
-4.052570267742671151e-01
-3.610418725808555163e-01
-3.201575391495196654e-01
-2.826883353572992030e-01
-2.486027156985615993e-01
-2.177848840975347700e-01
-1.900619427742866185e-01
-1.652259554514064754e-01
-1.430510411701846896e-01
-1.233060352685251271e-01
-1.057634365128564680e-01
-9.020538810563757948e-02
-7.642738186596792493e-02
-6.424027595604361873e-02
-5.347110653548992065e-02
-4.396306925987203407e-02
-3.557495550317674171e-02
-2.818025315787847651e-02
-2.166606245632091143e-02
-1.593193164445808052e-02
-1.088868320132535539e-02
-6.457276316064394783e-03
-2.567733439359870529e-03
8.418538155249982724e-04
3.826232724301270594e-03
6.433810452523586187e-03
8.707390635033410153e-03
1.068483034651122876e-02
1.239962345918328712e-02
1.388141689259433931e-02
1.515646632736625254e-02
1.624803774286670555e-02
1.717676076205416902e-02
1.796093932154875505e-02
1.861682468486434983e-02
1.915885531260835828e-02
1.959986761886600010e-02
1.995128118777118875e-02
2.022326160649912802e-02
2.042486369178530409e-02
2.056415754713969424e-02
2.064833958548863840e-02
2.068383038409428443e-02
2.067636100313425401e-02
2.063104919232101875e-02
2.055246672903311006e-02
2.044469897319292628e-02
2.031139758649487537e-02
