3.198834680137405129e-01
3.200806239775600970e-01
3.206700872539128278e-01
3.216458783465988014e-01
3.229981448893822771e-01
3.247133282671740284e-01
3.267743899073196068e-01
3.291610906477743792e-01
3.318503152128337019e-01
3.348164327981104083e-01
3.380316841111259962e-01
3.414665849329668323e-01
3.450903363618226805e-01
3.488712323325842135e-01
3.527770557413195118e-01
3.567754554761245478e-01
3.608342978171900639e-01
3.649219869429970453e-01
3.690077506136213992e-01
3.730618884335797358e-01
3.770559813789269854e-01
3.809630624629221640e-01
3.847577494809374388e-01
3.884163416999129592e-01
3.919168831222025196e-01
3.952391955603718476e-01
3.983648852074351265e-01
4.012773266854112730e-01
4.039616287139763395e-01
4.064045855801124429e-01
4.085946185152561361e-01
4.105217109260572705e-01
4.121773411786853747e-01
4.135544163369271886e-01
4.146472098937329931e-01
4.154513061422668296e-01
4.159635534043465976e-01
4.161820278837060072e-01
4.161060094458333136e-01
4.157359701471597946e-01
4.150735758552360766e-01
4.141217008146561018e-01
4.128844545322168935e-01
4.113672198801440194e-01
4.095767008512248841e-01
4.075209779527794174e-01
4.052095688016030817e-01
4.026534910865272598e-01
3.998653247063452265e-01
3.968592695810327919e-01
3.936511953809929132e-01
3.902586792362806034e-01
3.867010273908846330e-01
3.829992767662868114e-01
3.791761725115603832e-01
3.752561178580198775e-01
3.712650929718231407e-01
3.672305400245409190e-01
3.631812123772444889e-01
3.591469865990628563e-01
3.551586370111083357e-01
3.512475735360982565e-01
3.474455448289506809e-01
3.437843099174112127e-01
3.402952828582498368e-01
3.370091561620882081e-01
3.339555098964629432e-01
3.311624143908084017e-01
3.286560352710973798e-01
3.264602500990809175e-01
3.245962861305720648e-01
3.230823886058943883e-01
3.219335285257040047e-01
3.211611580505019936e-01
3.207730205038089588e-01
3.207730205037930271e-01
3.211611580504225016e-01
3.219335285256237356e-01
3.230823886059721040e-01
3.245962861306256886e-01
3.264602500991026224e-01
3.286560352710797828e-01
3.311624143908195594e-01
3.339555098964523405e-01
3.370091561620489062e-01
3.402952828582980205e-01
3.437843099174496264e-01
3.474455448289032744e-01
3.512475735360407469e-01
3.551586370110883517e-01
3.591469865990688515e-01
3.631812123772255041e-01
3.672305400245819418e-01
3.712650929718172566e-01
3.752561178580269829e-01
3.791761725115687653e-01
3.829992767662607767e-01
3.867010273909189388e-01
3.902586792362743306e-01
3.936511953810127307e-01
3.968592695810398974e-01
3.998653247063647664e-01
4.026534910865350869e-01
4.052095688016457142e-01
4.075209779527825815e-01
4.095767008512375962e-01
4.113672198801339719e-01
4.128844545321821990e-01
4.141217008146592105e-01
4.150735758552211441e-01
4.157359701471576297e-01
4.161060094458139957e-01
4.161820278837501386e-01
4.159635534043460425e-01
4.154513061422645537e-01
4.146472098937346029e-01
4.135544163369455628e-01
4.121773411786594510e-01
4.105217109260211883e-01
4.085946185152850574e-01
4.064045855801093343e-01
4.039616287140231354e-01
4.012773266854182119e-01
3.983648852074463398e-01
3.952391955603334894e-01
3.919168831222046845e-01
3.884163416999344975e-01
3.847577494809122367e-01
3.809630624629423701e-01
3.770559813789399195e-01
3.730618884335881180e-01
3.690077506136177909e-01
3.649219869429895513e-01
3.608342978171600879e-01
3.567754554761183861e-01
3.527770557413363317e-01
3.488712323326063625e-01
3.450903363618352815e-01
3.414665849330082437e-01
3.380316841111049020e-01
3.348164327980855393e-01
3.318503152128221556e-01
3.291610906477950294e-01
3.267743899072925173e-01
3.247133282672600707e-01
3.229981448893736173e-01
3.216458783465430127e-01
3.206700872539091085e-01
3.200806239775531581e-01
3.198834680138415432e-01
