6.177934465650988249e-01
6.178413491631017385e-01
6.179851089099509531e-01
6.182248830623841007e-01
6.185609383170074249e-01
6.189936575097036986e-01
6.195235485938673792e-01
6.201512555122526971e-01
6.208775704888783720e-01
6.217034471961417896e-01
6.226300142013035943e-01
6.236585880682922189e-01
6.247906854892545381e-01
6.260280338462689276e-01
6.273725796577784841e-01
6.288264944462460537e-01
6.303921776695610157e-01
6.320722564867793380e-01
6.338695822682223202e-01
6.357872239083735000e-01
6.378284581431048483e-01
6.399967572036827645e-01
6.422957742460712049e-01
6.447293270681017097e-01
6.473013806555980576e-01
6.500160290808908448e-01
6.528774772006861182e-01
6.558900224699353299e-01
6.590580369968452867e-01
6.623859497184512168e-01
6.658782282768398453e-01
6.695393598256055290e-01
6.733738296031541726e-01
6.773860956706788672e-01
6.815805577349144384e-01
6.859615174554716255e-01
6.905331270718335634e-01
6.952993225740875527e-01
7.002637369764748154e-01
6.786026733406840261e-01
6.727050413799382511e-01
6.671644975446445747e-01
6.619549524303354193e-01
6.570527280513341895e-01
6.524363594762312424e-01
6.480864058346171852e-01
6.439852738407675359e-01
6.401170554232028520e-01
6.364673799113307329e-01
6.330232804289013249e-01
6.297730736081795788e-01
6.267062514143381113e-01
6.238133837041861529e-01
6.210860300996466909e-01
6.185166598021494266e-01
6.160985780811493173e-01
6.138258583175928429e-01
6.116932786538202826e-01
6.096962624796282704e-01
6.078308221604450390e-01
6.060935055787475267e-01
6.044813452083792615e-01
6.029918095699058345e-01
6.016227570211231113e-01
6.003723919209121851e-01
5.992392232672595354e-01
5.982220259534535289e-01
5.973198048122047021e-01
5.965317616294261160e-01
5.958572653095566274e-01
5.952958253655969978e-01
5.948470688922725680e-01
5.945107211614754084e-01
5.942865899573299693e-01
5.941745537451830206e-01
5.941745537451833536e-01
5.942865899573270827e-01
5.945107211614848453e-01
5.948470688922735672e-01
5.952958253655982190e-01
5.958572653095562943e-01
5.965317616294251168e-01
5.973198048121981518e-01
5.982220259534369866e-01
5.992392232672593133e-01
6.003723919209076332e-01
6.016227570211281073e-01
6.029918095699063896e-01
6.044813452083707128e-01
6.060935055787456394e-01
6.078308221604510342e-01
6.096962624796281593e-01
6.116932786538082922e-01
6.138258583175704164e-01
6.160985780811598644e-01
6.185166598021374362e-01
6.210860300996469130e-01
6.238133837041953678e-01
6.267062514143364460e-01
6.297730736081701419e-01
6.330232804288946635e-01
6.364673799113184094e-01
6.401170554231786491e-01
6.439852738407798594e-01
6.480864058346028633e-01
6.524363594762103702e-01
6.570527280513590584e-01
6.619549524303305343e-01
6.671644975445074621e-01
6.727050413798876249e-01
6.786026733395823518e-01
7.002637369766377962e-01
6.952993225740822236e-01
6.905331270719053949e-01
6.859615174555043771e-01
6.815805577349561828e-01
6.773860956706732050e-01
6.733738296031882564e-01
6.695393598256180745e-01
6.658782282768680449e-01
6.623859497184414469e-01
6.590580369968180863e-01
6.558900224699264481e-01
6.528774772006946669e-01
6.500160290808866259e-01
6.473013806556053851e-01
6.447293270680888311e-01
6.422957742460877473e-01
6.399967572036830976e-01
6.378284581431157285e-01
6.357872239083756094e-01
6.338695822682205439e-01
6.320722564867862214e-01
6.303921776695674550e-01
6.288264944462416128e-01
6.273725796577940272e-01
6.260280338462588245e-01
6.247906854892490980e-01
6.236585880683062078e-01
6.226300142013194705e-01
6.217034471961407904e-01
6.208775704888696012e-01
6.201512555122603576e-01
6.195235485938733744e-01
6.189936575097024773e-01
6.185609383170087572e-01
6.182248830623733316e-01
6.179851089099454020e-01
6.178413491630991849e-01
6.177934465651014895e-01
