-1.359651604861500211e-04
-1.416455686052420226e-04
-1.476407661468105877e-04
-1.539725123444128218e-04
-1.606643714131125375e-04
-1.677418875249124010e-04
-1.752327792257125927e-04
-1.831671557336711064e-04
-1.915777578995257573e-04
-2.005002270055490643e-04
-2.099734050344951100e-04
-2.200396705704654732e-04
-2.307453151070993497e-04
-2.421409652524002080e-04
-2.542820571539076806e-04
-2.672293704381609528e-04
-2.810496300974271548e-04
-2.958161860895829401e-04
-3.116097819846801523e-04
-3.285194258362900480e-04
-3.466433786329502914e-04
-3.660902782599063411e-04
-3.869804199533332691e-04
-4.094472178558499625e-04
-4.336388766013597219e-04
-4.597203070150377921e-04
-4.878753261877847094e-04
-5.183091895949705832e-04
-5.512515118460659634e-04
-5.869596434121162991e-04
-6.257225836993765902e-04
-6.678655266402679785e-04
-7.137551542056898291e-04
-7.638058167262762321e-04
-8.184867676659934865e-04
-8.783306558203503658e-04
-9.439435214535652624e-04
-1.016016596733525235e-03
-1.095340277632363482e-03
-1.182820717643778829e-03
-1.279499597605266402e-03
-1.386577756245821122e-03
-1.505443530113486500e-03
-1.637706858746259923e-03
-1.785240473684199074e-03
-1.950229824314644693e-03
-2.135233820752990147e-03
-2.343259021815227022e-03
-2.577850601322729043e-03
-2.843204337007613006e-03
-3.144305047380524867e-03
-3.487098438265341660e-03
-3.878705325243673660e-03
-4.327689820632626971e-03
-4.844396511525720164e-03
-5.441376168583231948e-03
-6.133925451739290213e-03
-6.940773852296067831e-03
-7.884961273360652917e-03
-8.994962853380153445e-03
-1.030613460599821146e-02
-1.186257487149856155e-02
-1.371952283011950921e-02
-1.594644589807120427e-02
-1.863100010411369162e-02
-2.188407450737087784e-02
-2.584613660961326831e-02
-3.069504834880201760e-02
-3.665536014390607250e-02
-4.400870347669173094e-02
-5.310410895863550140e-02
-6.436561457907602479e-02
-7.829211848918712913e-02
-9.544105411797899896e-02
-1.163840923288368967e-01
-1.416227245376006083e-01
1.714574801116247327e-01
2.057958727966903989e-01
2.436734493934105128e-01
2.807220763113172923e-01
2.926498279672912206e-01
1.050047553449445781e-01
-1.820568948914550678e+00
-1.328943559230582494e+00
4.054342698352854102e-01
5.984603386079134779e-01
5.316737020695176952e-01
-4.187539855068804218e-01
-3.163258171550046294e-01
-2.361103637026417679e-01
-1.762995134255609941e-01
-1.323654764330538247e-01
-1.001419647194391610e-01
-7.640869404248698538e-02
-5.881136133368344843e-02
-4.566104767101523965e-02
-3.575189173118883956e-02
-2.822162893365032926e-02
-2.245087746036087545e-02
-1.799198290435467112e-02
-1.451913157621570472e-02
-1.179341195117172142e-02
-9.638285933865814448e-03
-7.922292649722065261e-03
-6.546784116870388304e-03
-5.437174085805431684e-03
-4.536651620062986251e-03
-3.801633724034809980e-03
-3.198452634567014452e-03
-2.700925426076005928e-03
-2.288558377691388146e-03
-1.945211114729368876e-03
-1.658096042552431593e-03
-1.417023943808324790e-03
-1.213831504766215222e-03
-1.041944175198043082e-03
-8.960403424081841289e-04
-7.717918231743888663e-04
-6.656621920950057253e-04
-5.747491977494316798e-04
-4.966609776687639852e-04
-4.294183271955458181e-04
-3.713771592419069789e-04
-3.211666920984812892e-04
-2.776399500388415306e-04
-2.398339495678419517e-04
-2.069375402343988021e-04
-1.782653220975009487e-04
-1.532364082010816142e-04
-1.313570662982068565e-04
-1.122064791913030685e-04
-9.542502204806617427e-05
-8.070457883314636344e-05
-6.778051678208623157e-05
-5.642501384669346143e-05
-4.644149396280808709e-05
-3.765997242223886876e-05
-2.993315132309142673e-05
-2.313313513303133506e-05
-1.714866046327720092e-05
-1.188275348158436898e-05
-7.250743972126404147e-06
-3.178577650393612369e-06
3.986214359070518187e-07
3.537778270926291921e-06
6.288917057982196940e-06
8.696061729575538593e-06
1.079800971361642714e-05
1.262899813092447157e-05
1.421927849618162196e-05
