1.462498582091026900e-01
1.471172274537036195e-01
1.496959726890193521e-01
1.539173091862588993e-01
1.596708075026500584e-01
1.668102731921137782e-01
1.751611695070985908e-01
1.845289161178628734e-01
1.947073760766892814e-01
2.054869018642997980e-01
2.166614297409314438e-01
2.280342638400837396e-01
2.394223512644926555e-01
2.506589952668341614e-01
2.615950713600682098e-01
2.720988953732243476e-01
2.820549457486765110e-01
2.913616750336541217e-01
2.999286754281837442e-01
3.076735174290548547e-01
3.145186982701452805e-01
3.203893715438624890e-01
3.252129406002022827e-01
3.289222057566983382e-01
3.314643969158493353e-01
3.328184344365619496e-01
3.330205211778237140e-01
3.321912295372819179e-01
3.305452270195842202e-01
3.283568646076994724e-01
3.258730825677108589e-01
3.232177322839202005e-01
3.203665238074856481e-01
3.172188840779308627e-01
3.136981058560032731e-01
3.248074238776655354e-01
3.357499637479697818e-01
3.462967032554054025e-01
3.555582608221663499e-01
3.632593693272056501e-01
2.866732248290795315e-01
2.816302619611145142e-01
2.764828695254950564e-01
2.712295414113784497e-01
2.658669698835884887e-01
2.603918913837823257e-01
2.548022136830758733e-01
2.490976870082174111e-01
2.432803022880426491e-01
2.373545328653728637e-01
2.313274886380059792e-01
2.252090206119442828e-01
2.190117944979712294e-01
2.127513402363827022e-01
2.064460773628195578e-01
2.001173121081155359e-01
1.937891999517207253e-01
1.874886663757515670e-01
1.812452784405032824e-01
1.750910603361289786e-01
1.690602471676484475e-01
1.631889728516216498e-01
1.575148901059711393e-01
1.520767230520549129e-01
1.469137558467036586e-01
1.420652639146946783e-01
1.375698976186117140e-01
1.334650314042873931e-01
1.297860943968678349e-01
1.265659008786416129e-01
1.238340008457144287e-01
1.216160717307257916e-01
1.199333722510700223e-01
1.188022781195210570e-01
1.182339170345143159e-01
1.182339170345144269e-01
1.188022781195239436e-01
1.199333722510715905e-01
1.216160717307237377e-01
1.238340008457126523e-01
1.265659008786368112e-01
1.297860943968651148e-01
1.334650314042852004e-01
1.375698976186120470e-01
1.420652639146938179e-01
1.469137558467048243e-01
1.520767230520558011e-01
1.575148901059583995e-01
1.631889728516292826e-01
1.690602471676506402e-01
1.750910603361297280e-01
1.812452784405120532e-01
1.874886663757526772e-01
1.937891999517111219e-01
2.001173121081173678e-01
2.064460773628337686e-01
2.127513402363736539e-01
2.190117944979617370e-01
2.252090206119592430e-01
2.313274886380004836e-01
2.373545328653610398e-01
2.432803022880652977e-01
2.490976870082191597e-01
2.548022136830686013e-01
2.603918913837837690e-01
2.658669698835706141e-01
2.712295414113489733e-01
2.764828695255411306e-01
2.816302619611478764e-01
2.866732248292503393e-01
3.632593693272921365e-01
3.555582608221573571e-01
3.462967032554177260e-01
3.357499637480139687e-01
3.248074238776152978e-01
3.136981058432950498e-01
3.172188840779448515e-01
3.203665238074783761e-01
3.232177322839374090e-01
3.258730825677099707e-01
3.283568646077086317e-01
3.305452270195869402e-01
3.321912295372820845e-01
3.330205211778252128e-01
3.328184344365477387e-01
3.314643969158489467e-01
3.289222057566865698e-01
3.252129406002030598e-01
3.203893715438540513e-01
3.145186982701339007e-01
3.076735174290748387e-01
2.999286754281731970e-01
2.913616750336500139e-01
2.820549457486636324e-01
2.720988953732239035e-01
2.615950713600805333e-01
2.506589952668257237e-01
2.394223512644837182e-01
2.280342638400975619e-01
2.166614297409297230e-01
2.054869018643093459e-01
1.947073760766875883e-01
1.845289161178460813e-01
1.751611695071149666e-01
1.668102731920959314e-01
1.596708075026397888e-01
1.539173091862559295e-01
1.496959726890063069e-01
1.471172274537080049e-01
1.462498582091036059e-01
