4.483614216116021400e-01
4.484336424863334392e-01
4.486476946061223603e-01
4.489958702380809630e-01
4.494657269718031478e-01
4.500406636132804894e-01
4.507006700154683188e-01
4.514232014715405805e-01
4.521841231005285788e-01
4.529586693666943220e-01
4.537223680297277073e-01
4.544518854954850418e-01
4.551257605230418779e-01
4.557250042654559796e-01
4.562335555050324731e-01
4.566385897451735731e-01
4.569306888909002717e-01
4.571038842629234211e-01
4.571555895843607553e-01
4.570864425197573855e-01
4.569000736464110535e-01
4.566028207732076849e-01
4.562034047052643260e-01
4.557125802495222699e-01
4.551427737902091764e-01
4.545077163823948996e-01
4.538220791969522772e-01
4.531011164064051022e-01
4.523603192801317063e-01
4.516150843593897957e-01
4.508803980647949627e-01
4.501705398900677224e-01
4.494988063652704535e-01
4.488772581423287056e-01
4.483164927706118075e-01
4.478254459069498372e-01
4.474112237758411381e-01
4.470789696137975056e-01
4.468317665744227507e-01
4.466705791417199256e-01
4.465942345251303625e-01
4.465994448354925761e-01
4.466808701272388937e-01
4.468312216962258554e-01
4.470414044049795810e-01
4.473006963045412232e-01
4.475969634595290403e-01
4.479169076540032712e-01
4.482463445281071879e-01
4.485705096183176810e-01
4.488743896643422882e-01
4.491430763199238951e-01
4.493621389641150321e-01
4.495180125660693249e-01
4.495983954400289972e-01
4.495926501937130282e-01
4.494921992269752531e-01
4.492909038382066345e-01
4.489854134739496572e-01
4.485754691194711041e-01
4.480641425701195613e-01
4.474579917059184342e-01
4.467671113455224940e-01
4.460050602081273019e-01
4.451886473773576380e-01
4.443375667203142698e-01
4.434738750782431516e-01
4.426213195395358180e-01
4.418045302385418815e-01
4.410481070542980886e-01
4.403756401577256230e-01
4.398087142183131348e-01
4.393659528409896708e-01
4.390621622418099945e-01
4.389076304749527369e-01
4.389076304749681690e-01
4.390621622418232617e-01
4.393659528409997739e-01
4.398087142182958154e-01
4.403756401577351709e-01
4.410481070543095794e-01
4.418045302385512629e-01
4.426213195395562461e-01
4.434738750782618033e-01
4.443375667203388057e-01
4.451886473773678521e-01
4.460050602081545579e-01
4.467671113455125576e-01
4.474579917059210432e-01
4.480641425700859770e-01
4.485754691195013577e-01
4.489854134739100777e-01
4.492909038382302267e-01
4.494921992269870770e-01
4.495926501937443365e-01
4.495983954400193938e-01
4.495180125660749315e-01
4.493621389641250796e-01
4.491430763199416032e-01
4.488743896643260789e-01
4.485705096183087437e-01
4.482463445281084091e-01
4.479169076540023275e-01
4.475969634595266533e-01
4.473006963045277895e-01
4.470414044050012303e-01
4.468312216962401218e-01
4.466808701272514392e-01
4.465994448355146695e-01
4.465942345251431855e-01
4.466705791417027172e-01
4.468317665744195866e-01
4.470789696137842939e-01
4.474112237758278710e-01
4.478254459069337390e-01
4.483164927706257408e-01
4.488772581423526309e-01
4.494988063652581300e-01
4.501705398900758270e-01
4.508803980648017906e-01
4.516150843593551012e-01
4.523603192801293749e-01
4.531011164063820651e-01
4.538220791969299617e-01
4.545077163823668109e-01
4.551427737902033477e-01
4.557125802494955691e-01
4.562034047052572205e-01
4.566028207732232280e-01
4.569000736464329804e-01
4.570864425197571079e-01
4.571555895843730233e-01
4.571038842629685517e-01
4.569306888908896691e-01
4.566385897451894493e-01
4.562335555050258118e-01
4.557250042654351629e-01
4.551257605230488168e-01
4.544518854954892051e-01
4.537223680297433615e-01
4.529586693666868835e-01
4.521841231005064854e-01
4.514232014715301444e-01
4.507006700154533307e-01
4.500406636132626148e-01
4.494657269718057013e-01
4.489958702380795197e-01
4.486476946061878635e-01
4.484336424863146209e-01
4.483614216115357487e-01
