3.771129113099760399e-01
3.771787433924004840e-01
3.773773530085748340e-01
3.777120920592870190e-01
3.781885862243560825e-01
3.788147932388876704e-01
3.796010834429831560e-01
3.805603414367574322e-01
3.817080871522017804e-01
3.830626139873192226e-01
3.846451408041650644e-01
3.864799735368650846e-01
3.885946708555129692e-01
3.910202067641176393e-01
3.937911211548436596e-01
3.969456472032886762e-01
4.005258020852767720e-01
4.045774248900040893e-01
4.091501428908809190e-01
4.142972446743396486e-01
4.200754362404627851e-01
4.265444543786368614e-01
4.337665107646232476e-01
7.045598274488586998e-01
6.878089198520590530e-01
6.710649110472473033e-01
6.544128116291194619e-01
6.379342933485098177e-01
6.217064454900594894e-01
6.058006810781069174e-01
5.902818281502295594e-01
5.752074302754345281e-01
5.606272686788683624e-01
5.465831067174297120e-01
5.331086468945617218e-01
5.202296817602733991e-01
5.079644133552578822e-01
4.963239115017826220e-01
4.853126791838379139e-01
4.749292932619670893e-01
4.651670904856294864e-01
4.560148717696472231e-01
4.474576015529220796e-01
4.394770833449834213e-01
4.320525969339929495e-01
4.251614869009402442e-01
4.187796958579053652e-01
4.128822390812981746e-01
4.074436198875711068e-01
4.024381871931059784e-01
3.978404382471273926e-01
3.936252705863139134e-01
3.897681879047010245e-01
3.862454648395949874e-01
3.830342757210195015e-01
3.801127921846306212e-01
3.774602542683341277e-01
3.750570192480835452e-01
3.728845920603793274e-01
3.709256407343751727e-01
3.691639998408337564e-01
3.675846645690847847e-01
3.661737776789433241e-01
3.649186112450207853e-01
3.638075448190741246e-01
3.628300413795961799e-01
3.619766222166883041e-01
3.612388417099502980e-01
3.606092627941762663e-01
3.600814337696632839e-01
3.596498669957860495e-01
3.593100199064453437e-01
3.590582786991597941e-01
3.588919449756686753e-01
3.588092255454070623e-01
3.588092255454173318e-01
3.588919449756582392e-01
3.590582786991493580e-01
3.593100199064260258e-01
3.596498669957800542e-01
3.600814337696625622e-01
3.606092627941737683e-01
3.612388417099534621e-01
3.619766222166903580e-01
3.628300413795936818e-01
3.638075448190750127e-01
3.649186112450203412e-01
3.661737776789312782e-01
3.675846645690833969e-01
3.691639998408301482e-01
3.709256407343783368e-01
3.728845920603832687e-01
3.750570192481056941e-01
3.774602542683354600e-01
3.801127921846328972e-01
3.830342757210136173e-01
3.862454648395912127e-01
3.897681879046935860e-01
3.936252705863083068e-01
3.978404382471231737e-01
4.024381871931053678e-01
4.074436198875658333e-01
4.128822390812874055e-01
4.187796958579028672e-01
4.251614869009352482e-01
4.320525969339714112e-01
4.394770833449742065e-01
4.474576015529171391e-01
4.560148717696429488e-01
4.651670904856549660e-01
4.749292932619723073e-01
4.853126791838364151e-01
4.963239115017775149e-01
5.079644133552582153e-01
5.202296817602846124e-01
5.331086468945692713e-01
5.465831067174241609e-01
5.606272686788452697e-01
5.752074302754381918e-01
5.902818281501921449e-01
6.058006810781402240e-01
6.217064454900737003e-01
6.379342933485240286e-01
6.544128116291036967e-01
6.710649110471985646e-01
6.878089198520660474e-01
7.045598274489331958e-01
4.337665107645941598e-01
4.265444543786295339e-01
4.200754362403700815e-01
4.142972446743207748e-01
4.091501428908874138e-01
4.045774248899542402e-01
4.005258020852537904e-01
3.969456472032757421e-01
3.937911211548359436e-01
3.910202067641173063e-01
3.885946708555343410e-01
3.864799735368709133e-01
3.846451408041824394e-01
3.830626139873144487e-01
3.817080871521945085e-01
3.805603414367424997e-01
3.796010834429892067e-01
3.788147932389001049e-01
3.781885862243453689e-01
3.777120920592902942e-01
3.773773530085620664e-01
3.771787433924098654e-01
3.771129113099702668e-01
