-1.532948747641389459e-04
-1.595669358518691811e-04
-1.661805195003352581e-04
-1.731588775341380993e-04
-1.805271649956425705e-04
-1.883126224537343303e-04
-1.965447783510564529e-04
-2.052556738796902213e-04
-2.144801132201172751e-04
-2.242559423775581772e-04
-2.346243603100249889e-04
-2.456302665754641137e-04
-2.573226503440047101e-04
-2.697550263395529294e-04
-2.829859241109309274e-04
-2.970794380080694908e-04
-3.121058463790090005e-04
-3.281423098364555542e-04
-3.452736600103398917e-04
-3.635932920424333678e-04
-3.832041762501943970e-04
-4.042200069493272381e-04
-4.267665094582458532e-04
-4.509829299090498816e-04
-4.770237367694492997e-04
-5.050605680886918573e-04
-5.352844645819658000e-04
-5.679084359844288957e-04
-6.031704168958382586e-04
-6.413366789300590370e-04
-6.827057787813979074e-04
-7.276131373321996498e-04
-7.764363637734776266e-04
-8.296014616913198469e-04
-8.875900821685087094e-04
-9.509480234163704762e-04
-1.020295218865908092e-03
-1.096337508014021654e-03
-1.179880549195584313e-03
-1.271846314101126273e-03
-1.373292704470371710e-03
-1.485436957357109088e-03
-1.609683663648926386e-03
-1.747658424163322545e-03
-1.901248420386331996e-03
-2.072651498105820486e-03
-2.264435771913217779e-03
-2.479612283198779493e-03
-2.721723918627230385e-03
-2.994954666095917331e-03
-3.304264411651052988e-03
-3.655555944380130956e-03
-4.055882743793820175e-03
-4.513708617355224190e-03
-5.039233521896436391e-03
-5.644804188221375779e-03
-6.345433794918069886e-03
-7.159462319550734949e-03
-8.109398854665123696e-03
-9.222999745725723314e-03
-1.053465260816569340e-02
-1.208715682641827230e-02
-1.393401650849216550e-02
-1.614239179770358967e-02
-1.879688685967723094e-02
-2.200438183115844409e-02
-2.590012783676171743e-02
-3.065529036734867402e-02
-3.648599166750842587e-02
-4.366356693924054733e-02
-5.252504317885904606e-02
-6.348152086618147338e-02
-7.701989246369114750e-02
-9.369004586144473457e-02
-1.140660097147526975e-01
-1.386676034796618939e-01
1.678307971372023089e-01
2.014978759425891386e-01
2.386766247141928199e-01
2.747639633380837831e-01
2.845667908370845822e-01
8.720122481166558970e-02
-1.926376365685608105e+00
-1.248683268071002717e+00
4.303581674305834159e-01
6.157681973474150583e-01
5.472792476949993601e-01
-4.319346690876729733e-01
-3.267773794116469732e-01
-2.440579931693331039e-01
-1.821381776326526925e-01
-1.365063848670704238e-01
-1.029602910160053314e-01
-7.822492609209068248e-02
-5.988686195551880254e-02
-4.620143224242796720e-02
-3.591441185181476481e-02
-2.812389044786463982e-02
-2.217926209377535374e-02
-1.760897826818286910e-02
-1.406931997226313485e-02
-1.130816558365228819e-02
-9.139346352472269702e-03
-7.424447065347852814e-03
-6.059839199996183701e-03
-4.967397392016559970e-03
-4.087816631424930763e-03
-3.375773295367416604e-03
-2.796399702731988679e-03
-2.322699400549799176e-03
-1.933640035581149497e-03
-1.612737172115219150e-03
-1.346995988768461341e-03
-1.126115456642739696e-03
-9.418862144795706742e-04
-7.877322547587429363e-04
-6.583600268387970050e-04
-5.494882492365175952e-04
-4.576387160611268545e-04
-3.799734600446877039e-04
-3.141673422096908849e-04
-2.583078609260285388e-04
-2.108159837395521055e-04
-1.703832983382721350e-04
-1.359218936470936098e-04
-1.065242186054178239e-04
-8.143079732047305702e-05
-6.000415785385043721e-05
-4.170769657549713849e-05
-2.608847924103884636e-05
-1.276319474784962799e-05
-1.406643516067927063e-06
8.257728717463771323e-06
1.646564046779361301e-05
2.341843758583506477e-05
2.928845821684655445e-05
3.422349923148026649e-05
3.835054510529633393e-05
4.177888951649010724e-05
4.460275543053792563e-05
4.690349982429181316e-05
4.875147344040892811e-05
5.020759325899794637e-05
5.132467510068862079e-05
5.214856544140519454e-05
5.271910473950277773e-05
5.307094904327702180e-05
5.323427211930331290e-05
5.323536662686276753e-05
5.309715980682315310e-05
