-2.078731996957407582e-04
-2.091958301904117690e-04
-2.104570299181103554e-04
-2.116508557623037606e-04
-2.127709428519641843e-04
-2.138104745806387180e-04
-2.147621503308470153e-04
-2.156181507079104470e-04
-2.163701000695607279e-04
-2.170090261175983137e-04
-2.175253162923409395e-04
-2.179086706884658664e-04
-2.181480511791664134e-04
-2.182316264066515299e-04
-2.181467122588150870e-04
-2.178797074162564656e-04
-2.174160235042903178e-04
-2.167400093416871343e-04
-2.158348687166296992e-04
-2.146825710620820643e-04
-2.132637543308130851e-04
-2.115576192926651306e-04
-2.095418143870202143e-04
-2.071923101640647108e-04
-2.044832622341268696e-04
-2.013868615170343740e-04
-1.978731704364144334e-04
-1.939099435397939608e-04
-1.894624308355317976e-04
-1.844931619241832466e-04
-1.789617087552940883e-04
-1.728244245620749742e-04
-1.660341562024457429e-04
-1.585399267690495995e-04
-1.502865849047733959e-04
-1.412144167727523436e-04
-1.312587160663541974e-04
-1.203493067931937777e-04
-1.084100128120983608e-04
-9.535806722761955290e-05
-8.110345372532370978e-05
-6.554817074880606165e-05
-4.858540802927038826e-05
-3.009862335937377176e-05
-9.960505602018415727e-06
1.196819231283688389e-05
3.583996928113036828e-05
6.182206279422078343e-05
9.009813225490520550e-05
1.208701688729212076e-04
1.543606673717994038e-04
1.908151009339942306e-04
2.305047482234409695e-04
2.737299302153772818e-04
3.208237252512631532e-04
3.721562436390449258e-04
-4.281395587240471867e-04
-4.892334102982731636e-04
-5.559518192880807952e-04
-6.288707808507210117e-04
-7.086372375625996090e-04
-7.959795769210270544e-04
-8.917199499001229879e-04
-9.967887724090518375e-04
-1.112241852563124189e-03
-1.239280687952426518e-03
-1.379276604216446434e-03
-1.533799566449493834e-03
-1.704652697853414889e-03
-1.893913798093067868e-03
-2.103985483679716995e-03
-2.337655996368911970e-03
-2.598173272576158321e-03
-2.889335576700381714e-03
-3.215602927630539787e-03
-3.582234763043895542e-03
-3.995460890039687074e-03
-4.462694899067101706e-03
-4.992802059669718129e-03
-5.596437532301129503e-03
-6.286475884869940911e-03
-7.078559905912995553e-03
-7.991806275593538178e-03
-9.049718800736711311e-03
-1.028137806395655607e-02
-1.172300147877637644e-02
1.342000267439356909e-02
1.542972769802565536e-02
1.782511287509332132e-02
2.069960188826167058e-02
2.417378530679553661e-02
2.840439105678008169e-02
3.359645910661618329e-02
4.001975630800649886e-02
4.803064882766885924e-02
5.810053095100836673e-02
7.085096869061410785e-02
8.709270517067221884e-02
1.078578816773986260e-01
1.343968134680182391e-01
1.680728358854421400e-01
2.100184286288559743e-01
2.603094071481538707e-01
3.163126098296554778e-01
3.698613789264149077e-01
4.026430445974344963e-01
3.738901356725022884e-01
1.480656652336724832e-01
-8.891298098827737917e-01
-9.192359269701863012e-01
8.307917849635465535e-02
2.384027226588324999e-01
2.304508244923228477e-01
1.950816845754964612e-01
1.591498989779110140e-01
1.284840239243313365e-01
1.037107764928049264e-01
8.409211636267779899e-02
6.864154250101166255e-02
5.645742402777419178e-02
4.680251818935547703e-02
3.910067144886163193e-02
3.291031853825038267e-02
2.789548207837828919e-02
2.380071159879589004e-02
2.043121812504010426e-02
1.763772760958907948e-02
1.530514035351117352e-02
1.334410448285108797e-02
1.168476544039033505e-02
1.027212146284726957e-02
9.062559140493933740e-03
8.021256010549357440e-03
7.120221775415144783e-03
6.336811848575381323e-03
5.652592025621190619e-03
5.052465675404814449e-03
4.523998397082042155e-03
4.056892135913300890e-03
3.642573132315814199e-03
3.273867111602241087e-03
2.944741745131651545e-03
2.650101296689556796e-03
2.385621988339796384e-03
2.147619319979997277e-03
1.932940602026783639e-03
1.738877488485238154e-03
1.563094456961337808e-03
1.403570066662522542e-03
1.258548504068895957e-03
