1.716468633900585239e+00
1.716424600267642653e+00
1.716219045896582696e+00
1.715640534793441363e+00
1.714364619881354468e+00
1.711989991117584431e+00
1.708079252586968577e+00
1.702197819135379486e+00
1.693945914818526521e+00
1.682980948694280388e+00
1.669029905299231897e+00
1.651893260491413162e+00
1.631443050430113395e+00
1.607618077109026045e+00
1.580418981644058807e+00
1.549905257440685968e+00
1.516195383231428551e+00
1.479470252201338321e+00
1.439979043228603928e+00
1.398045711858130424e+00
1.354073503370925691e+00
1.308544499638855774e+00
1.262011427387159657e+00
1.215079944256719502e+00
1.168381366647989861e+00
1.122538012608533586e+00
1.078125426198150993e+00
1.035637031191389612e+00
9.954567053493592610e-01
9.578432854822336306e-01
9.229285462843005439e-01
8.907275295592463893e-01
8.611580264599111301e-01
8.340650128118466400e-01
8.092459462529342229e-01
7.864737434271550365e-01
7.655155128025070699e-01
7.461463241277687120e-01
7.281582078858342966e-01
7.113651228973755236e-01
6.956048498964578775e-01
6.807387593820807270e-01
1.075815023144068627e+00
1.154566738540311999e+00
1.233405656518249849e+00
1.306028398048366457e+00
1.365547288813115490e+00
1.406319021210839626e+00
1.425696475046240419e+00
1.424719949392941221e+00
1.407383367815701725e+00
1.379031776142431553e+00
1.344815428298475224e+00
1.308779531380608319e+00
1.273626832738655512e+00
1.240896074798282900e+00
1.211287230618902644e+00
1.184971568790332608e+00
1.161825694775664886e+00
1.141585790198088590e+00
1.123939608247927824e+00
1.108576470292654825e+00
1.095211432240119853e+00
1.083594679585722753e+00
1.073513065386707321e+00
1.064787850604528074e+00
1.057270906566377233e+00
1.050840568417420018e+00
1.045397718972729928e+00
1.040862349763611583e+00
1.037170673360847228e+00
1.034272777864397863e+00
1.032130779870678028e+00
1.030717423152644141e+00
1.030015074011979115e+00
1.030015074011944698e+00
1.030717423152654577e+00
1.032130779870634285e+00
1.034272777864390758e+00
1.037170673360794382e+00
1.040862349763605588e+00
1.045397718972732148e+00
1.050840568417405807e+00
1.057270906566386115e+00
1.064787850604526964e+00
1.073513065386728416e+00
1.083594679585706988e+00
1.095211432240108751e+00
1.108576470292662597e+00
1.123939608247916055e+00
1.141585790198093919e+00
1.161825694775671325e+00
1.184971568790353258e+00
1.211287230618889099e+00
1.240896074798276238e+00
1.273626832738648629e+00
1.308779531380598105e+00
1.344815428298502535e+00
1.379031776142459531e+00
1.407383367815713715e+00
1.424719949392935670e+00
1.425696475046241085e+00
1.406319021210814535e+00
1.365547288813073301e+00
1.306028398048379557e+00
1.233405656518286042e+00
1.154566738540288462e+00
1.075815023144088167e+00
6.807387593821424554e-01
6.956048498964906290e-01
7.113651228973845164e-01
7.281582078858307439e-01
7.461463241277652703e-01
7.655155128024981881e-01
7.864737434271623640e-01
8.092459462529274505e-01
8.340650128118253237e-01
8.611580264599112411e-01
8.907275295592399500e-01
9.229285462843159760e-01
9.578432854822535036e-01
9.954567053493230677e-01
1.035637031191404045e+00
1.078125426198161874e+00
1.122538012608540248e+00
1.168381366647964992e+00
1.215079944256706179e+00
1.262011427387153661e+00
1.308544499638876424e+00
1.354073503370924580e+00
1.398045711858107776e+00
1.439979043228636790e+00
1.479470252201311231e+00
1.516195383231393690e+00
1.549905257440664208e+00
1.580418981643997522e+00
1.607618077109056243e+00
1.631443050430088082e+00
1.651893260491447357e+00
1.669029905299278527e+00
1.682980948694259737e+00
1.693945914818547838e+00
1.702197819135360835e+00
1.708079252587034524e+00
1.711989991117639054e+00
1.714364619881396656e+00
1.715640534793385186e+00
1.716219045896559381e+00
1.716424600267602685e+00
1.716468633900590790e+00
