2.154516732212730101e-03
1.660790377660481543e-03
1.138513002722385536e-03
5.858406258638926278e-04
7.727023204062710704e-07
-6.188644941101939523e-04
-1.275436554434461467e-03
-1.971521973338719036e-03
-2.709935879565222860e-03
-3.493756846973061769e-03
-4.326357238423228502e-03
-5.211437608026725510e-03
-6.153065774812893629e-03
-7.155721283632565655e-03
-8.224346090969614220e-03
-9.364402458505449722e-03
-1.058193920935596166e-02
-1.188366770755527879e-02
-1.327704916695610082e-02
-1.477039519017814273e-02
-1.637298379094997980e-02
-1.809519357877542589e-02
-1.994865929678224514e-02
-2.194645252297972027e-02
-2.410329209490963409e-02
-2.643578972714949460e-02
-2.896273739744947839e-02
-3.170544442415362818e-02
-3.468813380081137154e-02
-3.793840936231918093e-02
-4.148780781214805868e-02
-4.537245264820616297e-02
-4.963383070524596263e-02
-5.431971654284789564e-02
-5.948527541885212377e-02
-6.519438232137553246e-02
-7.152120271726736256e-02
-7.855209057758338886e-02
-8.638787112788226530e-02
-9.514658985951157666e-02
-1.049668257539078109e-01
-1.160116852694073608e-01
-1.284736138055161958e-01
-1.425801815844698894e-01
-1.586010181060791280e-01
-1.768560778000587419e-01
-1.977254090293121824e-01
-2.216605516607675352e-01
-2.491975757510113687e-01
-2.809715477384451821e-01
-3.177317949842395906e-01
-3.603566174869938799e-01
-4.098648936383304520e-01
-4.674201029649120431e-01
-5.343193374686343589e-01
-6.119555821226887460e-01
-7.017357715435469379e-01
-8.049303183342235712e-01
-9.224238192109757151e-01
-1.054336116413583602e+00
-1.199496877099444525e+00
-1.354799297321372276e+00
-1.514543856769491992e+00
-1.670010806489175437e+00
-1.809626162768720015e+00
-1.920097722754558589e+00
-1.988646486748798070e+00
-2.005906603605953187e+00
-1.968472199041048754e+00
-1.879937037379443066e+00
-1.749895525502822347e+00
-1.591393936994917491e+00
-1.417983661765106485e+00
-1.241431371660618899e+00
-1.070546603624918269e+00
-9.110123466681647741e-01
-7.658332430899198462e-01
-6.360216579431101636e-01
-5.212716092785214528e-01
-4.205044267335932284e-01
-3.322598499629071389e-01
-2.549508964148895496e-01
-1.870153356039566672e-01
-1.269958035079526981e-01
-7.357409162733996588e-02
-2.557785598319017861e-02
1.802814297167032453e-02
5.815869251112926186e-02
-9.562819763744911938e-02
-1.311717065169856200e-01
-1.654656752676608167e-01
-1.991479887692245709e-01
-2.328371459812280109e-01
-2.671506733916951815e-01
-3.027227964984383624e-01
-3.402211748813854242e-01
-3.803620401391805128e-01
-4.239222605342891637e-01
-4.717455187168006492e-01
-5.247376861025119243e-01
-5.838433183439277752e-01
-6.499907413465053629e-01
-7.239875352387936669e-01
-8.063424024556096192e-01
-8.969866575961265021e-01
-9.948762559282129381e-01
-1.097486827154044331e+00
-1.200287915853769150e+00
-1.296409103576840360e+00
-1.376856991217273674e+00
-1.431679537195479801e+00
-1.452187263879581636e+00
-1.433643342818648136e+00
-1.377136710244280415e+00
-1.289464542154736604e+00
-1.181007342134092086e+00
-1.062806212109676407e+00
-9.442399051748808780e-01
-8.319420956018941382e-01
-7.297888788000301830e-01
-6.394574648123725336e-01
-5.611274320094012946e-01
-4.940919467445283875e-01
-4.372036828214907467e-01
-3.891632964618919610e-01
-3.486875112377458286e-01
-3.145957577635664637e-01
-2.858463332446186667e-01
-2.615436429237801286e-01
-2.409303369519913973e-01
-2.233726432735728684e-01
-2.083435908664302283e-01
-1.954065919766292403e-01
-1.842005426939040125e-01
-1.744268670730229620e-01
-1.658385420024774959e-01
-1.582309527687165707e-01
-1.514343539725366838e-01
-1.453076946139794101e-01
-1.397335795860688012e-01
-1.346141657168824501e-01
-1.298678199325577487e-01
-1.254263955966374855e-01
-1.212330086332994439e-01
-1.172402170016354495e-01
-1.134085254787979280e-01
-1.097051528514029761e-01
-1.061030109516693520e-01
-1.025798549553651462e-01
-9.911757239492308136e-02
