9.481687142453437689e-02
9.701783441584306555e-02
9.927453519302181784e-02
1.015881403722105336e-01
1.039598069648322576e-01
1.063906781947502878e-01
1.088818788775470781e-01
1.114345103248128577e-01
1.140496447328807200e-01
1.167283190118078851e-01
1.194715280058536722e-01
1.222802170518916265e-01
1.251552738157480082e-01
1.280975193397736744e-01
1.311076982259269663e-01
1.341864678681864431e-01
1.373343866351234843e-01
1.405519008869650088e-01
1.438393306912632008e-01
1.471968540751088517e-01
1.506244896185204019e-01
1.541220771510483645e-01
1.576892562578325885e-01
1.613254422285965717e-01
1.650297989879186411e-01
1.688012084182803074e-01
1.726382353189413466e-01
1.765390870179728011e-01
1.805015663491433275e-01
1.845230162898535142e-01
1.886002539875196726e-01
1.927294911135879474e-01
1.969062363877653599e-01
2.011251745699885463e-01
2.053800140232687199e-01
2.096632917976357369e-01
2.139661206058224852e-01
2.182778553263980958e-01
2.225856466343955620e-01
2.268738341954782411e-01
2.311231085937817120e-01
2.353093348829875808e-01
2.394018730717260568e-01
2.433611377281878763e-01
2.471349851610591675e-01
2.506532572020533922e-01
2.538193622238097413e-01
2.564969787807647172e-01
2.584885169558861495e-01
2.594992467614675724e-01
2.590757118618474131e-01
2.564964160033897378e-01
2.505706209629625092e-01
2.392531912218759382e-01
2.188758524838593789e-01
1.825445993652848875e-01
1.166453169038142446e-01
-7.170864976470459062e-03
-2.518179139146896617e-01
-7.676261703861815278e-01
-1.722664635405937172e+00
-1.496084807498044622e+00
-7.215059580809068951e-01
-3.250922858906765134e-01
-1.200651966712571461e-01
-4.598383690868401708e-03
6.668606497352058682e-02
1.152196925092918711e-01
1.516498272029910277e-01
1.815299087467066030e-01
2.079018898623343770e-01
2.325149313891767822e-01
2.564236664491865714e-01
2.802937212999272454e-01
3.045636756895419017e-01
3.295337972206991983e-01
3.554159375077159400e-01
3.823620172604007550e-01
4.104802405533184428e-01
4.398439909461482333e-01
4.704961798921187821e-01
5.024506512096914568e-01
5.356916114295893205e-01
5.701717117817501901e-01
6.058092277177826723e-01
6.424846988788768254e-01
6.800373686054150824e-01
7.182617745031476542e-01
7.569048742251860418e-01
7.956641300853538601e-01
8.341870092776428880e-01
-8.720723695867583780e-01
-9.088741792936760877e-01
-9.441079510206954462e-01
-9.772601419531486977e-01
-1.007800582503156406e+00
-1.035197746303534228e+00
-1.058936382195406090e+00
-1.078536721836895529e+00
-1.093574193728968469e+00
-1.103698360968613734e+00
-1.108649699401142552e+00
-1.108272877726116601e+00
-1.102525404430873879e+00
-1.091480855689614504e+00
-1.075326355047242277e+00
-1.054354480809420957e+00
-1.028950261805160249e+00
-9.995743213008326800e-01
-9.667434930410020444e-01
-9.310103378200680346e-01
-8.929429357745154450e-01
-8.531061443981509118e-01
-8.120452365400927519e-01
-7.702725138174052466e-01
-7.282571734546221531e-01
-6.864184255773092547e-01
-6.451216357248300559e-01
-6.046771132508030888e-01
-5.653410790038169154e-01
-5.273183163714834087e-01
-4.907660255119429271e-01
-4.557984473347458376e-01
-4.224918885239843380e-01
-3.908898508396941307e-01
-3.610080390939122696e-01
-3.328390872599422123e-01
-3.063568981552099446e-01
-2.815205378593531038e-01
-2.582776615807357290e-01
-2.365674739442922836e-01
-2.163232449549262471e-01
-1.974744146395648603e-01
-1.799483260079369207e-01
-1.636716287776775747e-01
-1.485713963741263910e-01
-1.345759969229337882e-01
-1.216157560023225503e-01
-1.096234453280608423e-01
-9.853462769152179779e-02
-8.828788461670838972e-02
-7.882494952058152760e-02
-7.009076575651410068e-02
-6.203348584596499182e-02
-5.460442548128802143e-02
-4.775798350656731972e-02
-4.145153703953557978e-02
-3.564531915425078745e-02
-3.030228507681212435e-02
-2.538797161665723445e-02
