5.411276842618123473e-01
5.411717243651299469e-01
5.413041575448046538e-01
5.415259293267050689e-01
5.418386388568997569e-01
5.422445745648897253e-01
5.427467656443211164e-01
5.433490509869294272e-01
5.440561677971518240e-01
5.448738628103905191e-01
5.458090298720554845e-01
5.468698786509375021e-01
5.480661405144019449e-01
5.494093191546782773e-01
5.509129955151871316e-01
5.525931990392823900e-01
5.544688604011379640e-01
5.565623648723213579e-01
5.589002305762934553e-01
5.615139424040364036e-01
5.644409807085605246e-01
5.677260945650342006e-01
5.714228829821349498e-01
5.755957646827297713e-01
5.803224386857515071e-01
5.856969645769414257e-01
5.918336233223471243e-01
5.988717560138997476e-01
6.069818160590457756e-01
6.163729024953997770e-01
6.273020519105968473e-01
6.400855208444278244e-01
6.551121263835063546e-01
6.728583141729439498e-01
6.939037871799623725e-01
7.189449181770137809e-01
7.488002697514400952e-01
7.843976855407444049e-01
8.267250113127692090e-01
8.767168938452187810e-01
9.350415750393283876e-01
1.001754007919006595e+00
6.666502640593130469e-01
6.532425791997413800e-01
6.404362293205178025e-01
6.281665828128231155e-01
6.163815762529006870e-01
6.050397056590741673e-01
5.941083068828286740e-01
5.835621143848895853e-01
5.733820701957011989e-01
5.635543475342522646e-01
5.540695524052009491e-01
5.449220687834551713e-01
5.361095169513689918e-01
5.276322990891972875e-01
5.194932107185927794e-01
5.116971007439230501e-01
5.042505664980909685e-01
4.971616733529617416e-01
4.904396911275409332e-01
4.840948417748354715e-01
4.781380547063852071e-01
4.725807276790206513e-01
4.674344924638280108e-01
4.627109855808899108e-01
4.584216252408639947e-01
4.545773963047237132e-01
4.511886455702376897e-01
4.482648900258017211e-01
4.458146408905350744e-01
4.438452462864628800e-01
4.423627552798576335e-01
4.413718057880695600e-01
4.408755384988171655e-01
4.408755384988127246e-01
4.413718057880770540e-01
4.423627552798369833e-01
4.438452462864654335e-01
4.458146408905065416e-01
4.482648900258082159e-01
4.511886455702355248e-01
4.545773963047407551e-01
4.584216252408665482e-01
4.627109855808991257e-01
4.674344924638278442e-01
4.725807276790200961e-01
4.781380547063874276e-01
4.840948417748387467e-01
4.904396911275506477e-01
4.971616733529575782e-01
5.042505664980845292e-01
5.116971007439138353e-01
5.194932107185943337e-01
5.276322990891828546e-01
5.361095169513612202e-01
5.449220687834627208e-01
5.540695524051966192e-01
5.635543475342440489e-01
5.733820701957035304e-01
5.835621143848900294e-01
5.941083068828423297e-01
6.050397056590759437e-01
6.163815762528898068e-01
6.281665828128253359e-01
6.404362293205223544e-01
6.532425791997398257e-01
6.666502640593401363e-01
1.001754007919070100e+00
9.350415750393602510e-01
8.767168938452294391e-01
8.267250113127740940e-01
7.843976855407374105e-01
7.488002697514396511e-01
7.189449181770342090e-01
6.939037871799630386e-01
6.728583141729355122e-01
6.551121263835033570e-01
6.400855208444284905e-01
6.273020519105934056e-01
6.163729024953972235e-01
6.069818160590482181e-01
5.988717560139011908e-01
5.918336233223512322e-01
5.856969645769329880e-01
5.803224386857532835e-01
5.755957646827215557e-01
5.714228829821306199e-01
5.677260945650300927e-01
5.644409807085545294e-01
5.615139424040348493e-01
5.589002305762970080e-01
5.565623648723144745e-01
5.544688604011321909e-01
5.525931990392815019e-01
5.509129955151915725e-01
5.494093191546739474e-01
5.480661405144012788e-01
5.468698786509380572e-01
5.458090298720575939e-01
5.448738628103926285e-01
5.440561677971548216e-01
5.433490509869316476e-01
5.427467656443236699e-01
5.422445745648875048e-01
5.418386388569008671e-01
5.415259293267090657e-01
5.413041575448021003e-01
5.411717243651251730e-01
5.411276842618152338e-01
