7.471023313148111855e-01
7.475685030191265845e-01
7.489715203347874217e-01
7.513249657019392957e-01
7.546517306108150303e-01
7.589844012841723275e-01
7.643658074666216384e-01
7.708497424925849772e-01
7.785018639787040229e-01
7.874007844277193247e-01
7.976393589425271324e-01
8.093261719598582316e-01
8.225872146130182028e-01
8.375677263445928666e-01
8.544341447396309741e-01
8.733760604951117390e-01
8.946080017535582574e-01
9.183707622812159466e-01
9.449318257136483101e-01
9.745842035183914787e-01
1.007642673898611951e+00
1.044435958774046158e+00
1.085292790700028043e+00
1.130519112825462802e+00
1.180362897155767588e+00
1.234962457464819474e+00
1.294274085114783368e+00
1.357976082734443812e+00
1.425349936964353637e+00
1.495146857964018583e+00
1.565460331681587824e+00
1.633642165510337474e+00
1.696316462666018321e+00
1.749552973025431335e+00
1.789243474714186988e+00
1.811670283134987125e+00
1.814170361078241145e+00
1.795717103690910976e+00
1.757219992726049451e+00
1.701416572702141528e+00
1.632378668054738968e+00
1.554796446588669889e+00
1.473261901777976002e+00
1.391729121337105024e+00
1.313227170719907244e+00
1.239805493847646156e+00
1.172638734221042256e+00
1.759166508689967490e+00
1.820002059306006004e+00
1.872834763523961943e+00
1.916744186911232939e+00
1.951235129568293925e+00
1.976248925381176136e+00
1.992132097891857523e+00
1.999571004954672881e+00
1.999505369364523055e+00
1.993034581144784712e+00
1.981328825256212900e+00
1.965553540543146793e+00
1.946811684467927295e+00
1.926104724639708943e+00
1.904310721570808385e+00
1.882176415951522408e+00
1.860319723953952398e+00
1.839239192663824740e+00
1.819327487829532020e+00
1.800886649121232086e+00
1.784143502267593551e+00
1.769264180265699427e+00
1.756367145699361698e+00
1.745534423057455209e+00
1.736820960074870968e+00
1.730262162588240171e+00
1.725879710043013437e+00
1.723685777279271969e+00
1.723685777279131193e+00
1.725879710042999005e+00
1.730262162588225516e+00
1.736820960074777709e+00
1.745534423057408802e+00
1.756367145699312848e+00
1.769264180265645470e+00
1.784143502267504955e+00
1.800886649121287375e+00
1.819327487829624834e+00
1.839239192663920219e+00
1.860319723953923754e+00
1.882176415951529291e+00
1.904310721570761311e+00
1.926104724639746246e+00
1.946811684468041870e+00
1.965553540543152788e+00
1.981328825256234660e+00
1.993034581144837336e+00
1.999505369364353413e+00
1.999571004954753484e+00
1.992132097891839093e+00
1.976248925381292487e+00
1.951235129568327675e+00
1.916744186911408354e+00
1.872834763524057200e+00
1.820002059305776188e+00
1.759166508689473885e+00
1.172638734220995183e+00
1.239805493847908613e+00
1.313227170720100867e+00
1.391729121337080155e+00
1.473261901777880079e+00
1.554796446588677217e+00
1.632378668054776716e+00
1.701416572702161289e+00
1.757219992726092084e+00
1.795717103690761762e+00
1.814170361078185856e+00
1.811670283135093706e+00
1.789243474714168780e+00
1.749552973025390257e+00
1.696316462666046965e+00
1.633642165510470923e+00
1.565460331681606698e+00
1.495146857964019027e+00
1.425349936964194875e+00
1.357976082734543732e+00
1.294274085114746287e+00
1.234962457464764185e+00
1.180362897155702306e+00
1.130519112825496775e+00
1.085292790700071786e+00
1.044435958774045048e+00
1.007642673898628161e+00
9.745842035183880370e-01
9.449318257137052646e-01
9.183707622811426718e-01
8.946080017536385265e-01
8.733760604951131823e-01
8.544341447396036626e-01
8.375677263444739618e-01
8.225872146130088769e-01
8.093261719598099369e-01
7.976393589425220254e-01
7.874007844277439716e-01
7.785018639787918415e-01
7.708497424925517816e-01
7.643658074665941049e-01
7.589844012840921694e-01
7.546517306108423417e-01
7.513249657019150929e-01
7.489715203348005224e-01
7.475685030191153713e-01
7.471023313148427158e-01
