-1.254135072036423326e-02
-1.417476782053291029e-02
-1.596613179925501780e-02
-1.793179861004318143e-02
-2.008999039088014971e-02
-2.246102396820018332e-02
-2.506756756161412913e-02
-2.793492866109215100e-02
-3.109137609730958096e-02
-3.456849924220754822e-02
-3.840160698835641540e-02
-4.263016856395392129e-02
-4.729829720756416334e-02
-5.245527606546071531e-02
-5.815612312598604505e-02
-6.446218822123356285e-02
-7.144176964263221352e-02
-7.917073011283601303e-02
-8.773308092609249931e-02
-9.722148797060120584e-02
-1.077376327711238591e-01
-1.193923340241852538e-01
-1.323052984518697794e-01
-1.466043220593402641e-01
-1.624237019395213255e-01
-1.799015429246341446e-01
-1.991755521275438423e-01
-2.203768097000043391e-01
-2.436208924057273739e-01
-2.689956217825294482e-01
-2.965446361605208470e-01
-3.262459874154037820e-01
-3.579851021459815041e-01
-3.915218100938023804e-01
-4.264518380624066074e-01
-4.621643089383166147e-01
-4.977984570705898948e-01
5.322049679601659200e-01
5.639198928018770429e-01
5.911615357296561291e-01
6.118623149751964974e-01
6.237473705197874585e-01
6.244686487755480853e-01
6.117967821788614646e-01
5.838636058628658976e-01
5.394369589418241961e-01
4.781985151786602994e-01
4.009865987661526132e-01
3.099601765718966728e-01
2.086378387343446050e-01
1.017682233388366164e-01
-4.999055139133901093e-03
-1.056429454548128977e-01
-1.944510196118098833e-01
-2.667381541509474818e-01
-3.194464641946819228e-01
-3.514735856048167850e-01
-3.636449140497317600e-01
-3.583542838008858533e-01
-3.389952660693353881e-01
-3.093468396584859725e-01
-2.730532600713885261e-01
-2.332742402035973273e-01
-1.925149785181242690e-01
-1.526010513896776111e-01
-1.147463998909447058e-01
-7.966624076847395042e-02
-4.769987457344637694e-02
-1.892274190812026635e-02
6.761514781585598044e-03
2.955084355761528059e-02
4.969434704216368903e-02
6.745795398864962156e-02
8.310232155766739126e-02
9.686953911854190302e-02
1.089758808035985460e-01
1.196085323689830004e-01
1.289247998721495536e-01
1.370527659628317796e-01
1.440927010107615480e-01
1.501187807050788359e-01
1.551808313739462819e-01
1.593059389781859569e-01
1.624998336027133061e-01
1.647480105458806188e-01
1.660165807994112286e-01
1.662528643181495069e-01
1.653857536822961327e-01
1.633258869846151984e-01
1.599656796628740052e-01
1.551792777165016957e-01
1.488225112749454460e-01
1.407329497732026091e-01
1.307301901028481983e-01
1.186165491818439444e-01
1.041783846093633503e-01
8.718833327416630752e-02
6.740883889919080385e-02
4.459743443288533005e-02
1.851434907884530467e-02
-1.106688865837213154e-02
-4.434510249407741522e-02
-8.147260629516817065e-02
-1.225311557066405266e-01
-1.675023273253466449e-01
-2.162325136679080773e-01
-2.683936874198273870e-01
-3.234425217570990885e-01
-3.805823484173982418e-01
-4.387346177906937816e-01
-4.965285621853914311e-01
-5.523189077453438678e-01
-6.042407352271761400e-01
-6.503069747406929890e-01
-6.885470696681735836e-01
-7.171757150496304023e-01
-7.347704202668073892e-01
-7.404293438183819909e-01
-7.338798466198366288e-01
-7.155153181376564531e-01
-6.863518795616768697e-01
-6.479134427440252919e-01
-6.020678837638157033e-01
-5.508444814335203832e-01
-4.962618855740204005e-01
-4.401884141886840407e-01
-3.842459357397676190e-01
-3.297585160092235679e-01
-2.777397178454130700e-01
-2.289086786753804503e-01
-1.837243862238288061e-01
-1.424288845517823754e-01
-1.050923958338331188e-01
-7.165572992799124075e-02
-4.196740617148919661e-02
-1.581444633261730459e-02
7.053186348905227110e-03
2.690393960794806860e-02
4.401097806555936964e-02
5.864253287680992743e-02
7.105543258933744166e-02
8.149105893605446127e-02
9.017309819761437639e-02
9.730658404499314962e-02
1.030778400621707169e-01
1.076550249923095282e-01
1.111890606414079885e-01
1.138147828462968691e-01
1.156522023498409435e-01
1.168077973800334401e-01
