2.174206451511145888e-03
2.211361892404756224e-03
2.249450118296331125e-03
2.288498779593195476e-03
2.328535961429345491e-03
2.369590072366645206e-03
2.411689701370567374e-03
2.454863435935428218e-03
2.499139632663627264e-03
2.544546129686769964e-03
2.591109887961046132e-03
2.638856545601087067e-03
2.687809865898366235e-03
2.737991055400651463e-03
2.789417923193954207e-03
2.842103846199484085e-03
2.896056497611099179e-03
2.951276286347476185e-03
3.007754444286303563e-03
3.065470684854076922e-03
3.124390341017413419e-03
3.184460872673766652e-03
3.245607612895856642e-03
3.307728599631021282e-03
3.370688315047082328e-03
3.434310129991652305e-03
3.498367228458088007e-03
3.562571770283767814e-03
3.626562045343506568e-03
3.689887387744172909e-03
3.751990665544074899e-03
3.812188255659931801e-03
3.869647573553874897e-03
3.923362474021613311e-03
3.972127193194840977e-03
4.014509976974250938e-03
4.048828137383719827e-03
-4.073126970904339395e-03
-4.085165701366161306e-03
-4.082414273341328226e-03
-4.062065285589000485e-03
-4.021065478147678451e-03
-3.956170877624037852e-03
-3.864028979102457351e-03
-3.741290361518240237e-03
-3.584751155119220156e-03
-3.391526962232938036e-03
-3.159257881824195646e-03
-2.886342084374299288e-03
-2.572189915249739611e-03
-2.217479605805150467e-03
-1.824378922644226408e-03
-1.396678477784074612e-03
-9.397719003082227740e-04
-4.604288822339652754e-04
3.365262224616638598e-05
5.344662978445380297e-04
1.034381052078120478e-03
1.526753354118726147e-03
2.006355266112702651e-03
2.469564134895352314e-03
2.914326873369843529e-03
3.339959274837295267e-03
3.746857597777930593e-03
4.136190851882354247e-03
4.509620537385850003e-03
4.869071633512550568e-03
5.216560902048389403e-03
5.554077775248994486e-03
5.883508164684275732e-03
6.206590485631352516e-03
6.524894233962880152e-03
6.839813315603016086e-03
7.152568282851323733e-03
7.464213333894881286e-03
7.775645271558606630e-03
8.087612603642213571e-03
8.400723657570469127e-03
8.715453044942617078e-03
9.032146108924471450e-03
9.351021169396761534e-03
9.672169484776643733e-03
9.995552902660548300e-03
1.032099919251341924e-02
1.064819505570308023e-02
1.097667679997088586e-02
1.130581865332591640e-02
1.163481868113089290e-02
1.196268226395277856e-02
1.228820309698289148e-02
1.260994168942000671e-02
1.292620138083799830e-02
1.323500195964033566e-02
1.353405107811980757e-02
1.382071382436295126e-02
1.409198105359965592e-02
1.434443742555599477e-02
1.457423057076051576e-02
1.477704345288441412e-02
1.494807284266949643e-02
1.508201790398641662e-02
1.517308422883303920e-02
1.521501022362858890e-02
1.520112445401841650e-02
1.512444419885076996e-02
1.497782668266808836e-02
1.475418467248046372e-02
1.444677652229242604e-02
1.404957631600460555e-02
1.355772146305780912e-02
1.296802225609829107e-02
1.227950074822400928e-02
1.149390671770698924e-02
1.061614048129840004e-02
9.654501936297285591e-03
8.620689229330694148e-03
7.529493784814877966e-03
6.398180974292871914e-03
5.245600222301582960e-03
4.091121207910636270e-03
2.953528389151707789e-03
1.850013032142522329e-03
7.953783316443224782e-04
-1.984726951627657776e-04
-1.122750568241542846e-03
-1.971724943431410471e-03
-2.742464165927605002e-03
-3.434442455350988910e-03
-4.049084704919672650e-03
-4.589305432400214713e-03
-5.059081211793797772e-03
-5.463079392878017471e-03
-5.806352546471008069e-03
-6.094098651568194414e-03
-6.331481291689103341e-03
-6.523501275184834247e-03
-6.674910254591173708e-03
-6.790157317815098681e-03
-6.873360571816741760e-03
-6.928297039401343227e-03
-6.958405499630393454e-03
-6.966798092293793876e-03
-6.956277521434892086e-03
-6.929357520828308137e-03
-6.888284898364585573e-03
-6.835061979942075316e-03
-6.771468652942647104e-03
-6.699083489988905127e-03
-6.619303637308782129e-03
-6.533363297100941436e-03
