-1.204034483462226857e-01
-1.203138207445129254e-01
-1.200492043723596913e-01
-1.196220041259158789e-01
-1.190516476863226064e-01
-1.183629328906909001e-01
-1.175840913641548330e-01
-1.167448302021476814e-01
-1.158745688031719151e-01
-1.150010106828416312e-01
-1.141491049123523754e-01
-1.133403788684936991e-01
-1.125925746201642125e-01
-1.119194981990520033e-01
-1.113309910035102795e-01
-1.108329498815603942e-01
-1.104273510747353221e-01
-1.101122679989595676e-01
-1.098819090587598718e-01
-1.097267340373395128e-01
-1.096337293336327456e-01
-1.095869254162055162e-01
-1.095682170231880720e-01
-1.095584950684780068e-01
-1.095390250366723300e-01
-1.094929271567772339e-01
-1.094065544468204310e-01
-1.092705508048836954e-01
-1.090804151525158056e-01
-1.088364908821064236e-01
-1.085434147153607198e-01
-1.082091597240992104e-01
-1.078438653065653258e-01
-1.074586521409088558e-01
-1.070645814401255114e-01
-1.066718556483376851e-01
-1.062892937166629859e-01
-1.059240635869147240e-01
-1.055816238779179322e-01
-1.052658150195181080e-01
-1.049790421679468316e-01
-1.047225021669547507e-01
-1.468290139240190362e-01
-1.520416871134655235e-01
-1.566991497939874411e-01
-1.601931908710120256e-01
-1.619491361321666878e-01
-1.616121475872658586e-01
-1.591880930483181578e-01
-1.550493371114946839e-01
-1.497989251074956507e-01
-1.440775180024330415e-01
-1.384126434174766385e-01
-1.331547888094258281e-01
-1.284857092141137858e-01
-1.244615868353746574e-01
-1.210608815127158511e-01
-1.182223297651398691e-01
-1.158700256194225148e-01
-1.139277778109776401e-01
-1.123261659006391244e-01
-1.110052205006109849e-01
-1.099147502492490852e-01
-1.090135550448335794e-01
-1.082682204134753634e-01
-1.076518506751658055e-01
-1.071429055348693815e-01
-1.067242013185703275e-01
-1.063820865842859675e-01
-1.061057788284083536e-01
-1.058868408320908922e-01
-1.057187742750774900e-01
-1.055967105565044362e-01
-1.055171822622483213e-01
-1.054779624453177495e-01
-1.054779624453171666e-01
-1.055171822622498201e-01
-1.055967105565041031e-01
-1.057187742750776566e-01
-1.058868408320888799e-01
-1.061057788284090475e-01
-1.063820865842850655e-01
-1.067242013185712990e-01
-1.071429055348696452e-01
-1.076518506751657223e-01
-1.082682204134758353e-01
-1.090135550448335794e-01
-1.099147502492501816e-01
-1.110052205006109294e-01
-1.123261659006396379e-01
-1.139277778109774181e-01
-1.158700256194213629e-01
-1.182223297651391614e-01
-1.210608815127157400e-01
-1.244615868353745325e-01
-1.284857092141132862e-01
-1.331547888094260224e-01
-1.384126434174776099e-01
-1.440775180024322089e-01
-1.497989251074952621e-01
-1.550493371114949337e-01
-1.591880930483187406e-01
-1.616121475872663582e-01
-1.619491361321657164e-01
-1.601931908710133579e-01
-1.566991497939888012e-01
-1.520416871134654402e-01
-1.468290139240202574e-01
-1.047225021669614259e-01
-1.049790421679532570e-01
-1.052658150195203701e-01
-1.055816238779174604e-01
-1.059240635869147795e-01
-1.062892937166635132e-01
-1.066718556483369357e-01
-1.070645814401258722e-01
-1.074586521409083423e-01
-1.078438653065654507e-01
-1.082091597240992242e-01
-1.085434147153597206e-01
-1.088364908821071453e-01
-1.090804151525164162e-01
-1.092705508048825852e-01
-1.094065544468208334e-01
-1.094929271567769286e-01
-1.095390250366720247e-01
-1.095584950684780484e-01
-1.095682170231880165e-01
-1.095869254162060991e-01
-1.096337293336332591e-01
-1.097267340373386663e-01
-1.098819090587603992e-01
-1.101122679989599978e-01
-1.104273510747356135e-01
-1.108329498815591591e-01
-1.113309910035092803e-01
-1.119194981990517951e-01
-1.125925746201643790e-01
-1.133403788684937546e-01
-1.141491049123516954e-01
-1.150010106828410761e-01
-1.158745688031720816e-01
-1.167448302021469042e-01
-1.175840913641540558e-01
-1.183629328906909278e-01
-1.190516476863225231e-01
-1.196220041259156153e-01
-1.200492043723591779e-01
-1.203138207445138275e-01
-1.204034483462229355e-01
