6.197400634290004540e-01
6.197737618736829379e-01
6.198748720525023570e-01
6.200434376320623775e-01
6.202795284801985165e-01
6.205832362404911651e-01
6.209546680116545536e-01
6.213939379997144297e-01
6.219011569619927737e-01
6.224764192034188959e-01
6.231197868152992259e-01
6.238312707574755756e-01
6.246108082749798340e-01
6.254582359971375682e-01
6.263732578849622312e-01
6.273554069527190746e-01
6.284039993739822805e-01
6.295180791620688110e-01
6.306963510428031938e-01
6.319370983593306512e-01
6.332380817631670933e-01
6.345964129115306829e-01
6.360083951834515359e-01
6.374693201732219983e-01
6.389732038079730669e-01
6.405124382930693638e-01
6.420773237756849383e-01
6.436554229352418055e-01
6.452306452169498385e-01
6.467818991215033009e-01
6.482810137575625298e-01
6.678076972885533813e-01
6.575855591451423843e-01
6.458434680700188002e-01
6.320787261585146810e-01
6.156678062531527607e-01
5.960809782746137042e-01
5.738145567176684558e-01
5.529123735780457904e-01
5.429647985778907060e-01
5.509129818929124900e-01
6.660190279847648664e-01
6.668999452390609317e-01
6.670765775436268141e-01
6.668140504343410546e-01
6.662583296041636460e-01
6.655013324514487127e-01
6.646056800226892713e-01
6.636161991761102552e-01
6.625660618824481540e-01
6.614803979792605038e-01
6.603785754804843977e-01
6.592757160876444589e-01
6.581837426126898594e-01
6.571121254131792044e-01
6.560684276548227611e-01
6.550587118849910961e-01
6.540878485337849879e-01
6.531597535685358391e-01
6.522775740227854113e-01
6.514438345497951532e-01
6.506605544063410740e-01
6.499293417027763864e-01
6.492514699529029487e-01
6.486279406777464285e-01
6.480595348889885976e-01
6.475468556014265520e-01
6.470903630199410506e-01
6.466904036691969448e-01
6.463472344479795906e-01
6.460610423697374927e-01
6.458319605795355134e-01
6.456600811025879905e-01
6.455454646704915644e-01
6.454881478822650509e-01
6.454881478823265573e-01
6.455454646704861243e-01
6.456600811025826614e-01
6.458319605795399543e-01
6.460610423697333848e-01
6.463472344479792575e-01
6.466904036691979440e-01
6.470903630199419387e-01
6.475468556014352117e-01
6.480595348889879315e-01
6.486279406777533119e-01
6.492514699529108313e-01
6.499293417027723896e-01
6.506605544063537305e-01
6.514438345498091421e-01
6.522775740228261565e-01
6.531597535685378375e-01
6.540878485337877635e-01
6.550587118849943158e-01
6.560684276547822380e-01
6.571121254132106237e-01
6.581837426127042923e-01
6.592757160876366873e-01
6.603785754804778474e-01
6.614803979792702737e-01
6.625660618824842363e-01
6.636161991761376777e-01
6.646056800226857186e-01
6.655013324514725825e-01
6.662583296041466596e-01
6.668140504343497144e-01
6.670765775436118261e-01
6.668999452390615978e-01
6.660190279847709727e-01
5.509129818929129341e-01
5.429647985778921493e-01
5.529123735780615556e-01
5.738145567176579087e-01
5.960809782746127050e-01
6.156678062531432127e-01
6.320787261584998040e-01
6.458434680700119168e-01
6.575855591451393867e-01
6.678076972886236584e-01
6.482810137575477638e-01
6.467818991215052993e-01
6.452306452169691564e-01
6.436554229352403622e-01
6.420773237757083640e-01
6.405124382930799110e-01
6.389732038079599663e-01
6.374693201732158920e-01
6.360083951834535343e-01
6.345964129115331254e-01
6.332380817631607650e-01
6.319370983593249891e-01
6.306963510427877617e-01
6.295180791620579308e-01
6.284039993739677366e-01
6.273554069527108590e-01
6.263732578850050858e-01
6.254582359971604388e-01
6.246108082749692869e-01
6.238312707574680260e-01
6.231197868152891228e-01
6.224764192034314414e-01
6.219011569619918856e-01
6.213939379997388546e-01
6.209546680116543316e-01
6.205832362404969382e-01
6.202795284802039566e-01
6.200434376320578256e-01
6.198748720525008027e-01
6.197737618736771648e-01
6.197400634290032295e-01
