-8.405400041892283070e-02
-8.406483544184793766e-02
-8.409734439055263633e-02
-8.415153898062605053e-02
-8.422743898771473114e-02
-8.432507261126956366e-02
-8.444447696147995563e-02
-8.458569864513118541e-02
-8.474879441612501174e-02
-8.493383184434054323e-02
-8.514088994090805718e-02
-8.537005965867704160e-02
-8.562144416215598797e-02
-8.589515873013432723e-02
-8.619133011539897860e-02
-8.651009513683872998e-02
-8.685159821798427160e-02
-8.721598750945408485e-02
-8.760340913771523519e-02
-8.801399900513777463e-02
-8.844787142273233260e-02
-8.890510368273038533e-02
-8.938571547036483489e-02
-8.988964177094628527e-02
-9.041669765140260273e-02
-9.096653299324826414e-02
-9.153857494485177770e-02
-9.213195558002015839e-02
-9.274542205706824693e-02
-9.337722656206369487e-02
-9.402499363359753670e-02
-9.468556330459582115e-02
-9.535481012447713511e-02
-9.602744086803849388e-02
-9.669677794791345371e-02
-9.735454153085920659e-02
-9.799065123151227963e-02
-9.859307773465512958e-02
-9.914778480097335978e-02
-9.963881087556117344e-02
-1.000485438147006301e-01
-1.003582379552029197e-01
-1.005488055451636553e-01
-1.006018814674940753e-01
-1.005011117975649210e-01
-1.002335592688392979e-01
-9.979106477552203425e-02
-8.426528193760109142e-02
-8.295122241669086738e-02
-8.174506430755314190e-02
-8.064668123503831998e-02
-7.965193916226419313e-02
-7.875438463669393041e-02
-7.794643462167928638e-02
-7.722017020578204882e-02
-7.656783600943663226e-02
-7.598213178265444956e-02
-7.545636345098423459e-02
-7.498450295869542315e-02
-7.456119161220800540e-02
-7.418171050213624718e-02
-7.384193353589006692e-02
-7.353827299428933317e-02
-7.326762371136215368e-02
-7.302730945019553221e-02
-7.281503341424275244e-02
-7.262883380560414270e-02
-7.246704471666814973e-02
-7.232826227982236400e-02
-7.221131580754526491e-02
-7.211524356946673320e-02
-7.203927283309295715e-02
-7.198280381432577146e-02
-7.194539722633962187e-02
-7.192676516992534130e-02
-7.192676516992491109e-02
-7.194539722633917778e-02
-7.198280381432858865e-02
-7.203927283309301266e-02
-7.211524356946895364e-02
-7.221131580754487633e-02
-7.232826227982050438e-02
-7.246704471666799707e-02
-7.262883380560360147e-02
-7.281503341424315490e-02
-7.302730945019493547e-02
-7.326762371136112673e-02
-7.353827299428956910e-02
-7.384193353588898445e-02
-7.418171050213730189e-02
-7.456119161221053115e-02
-7.498450295869500681e-02
-7.545636345098169495e-02
-7.598213178265544876e-02
-7.656783600943165013e-02
-7.722017020578554602e-02
-7.794643462167975823e-02
-7.875438463669379163e-02
-7.965193916226107063e-02
-8.064668123503797303e-02
-8.174506430754437114e-02
-8.295122241669528051e-02
-8.426528193760977892e-02
-9.979106477551964727e-02
-1.002335592688438359e-01
-1.005011117975634222e-01
-1.006018814674956852e-01
-1.005488055451630031e-01
-1.003582379552004356e-01
-1.000485438147010187e-01
-9.963881087556263061e-02
-9.914778480097403979e-02
-9.859307773465607327e-02
-9.799065123151014245e-02
-9.735454153086126050e-02
-9.669677794791220471e-02
-9.602744086803739754e-02
-9.535481012447327709e-02
-9.468556330458759163e-02
-9.402499363359705098e-02
-9.337722656206583205e-02
-9.274542205707171638e-02
-9.213195558001882612e-02
-9.153857494485163893e-02
-9.096653299324893027e-02
-9.041669765140190884e-02
-8.988964177094704855e-02
-8.938571547036523735e-02
-8.890510368273442376e-02
-8.844787142273503877e-02
-8.801399900513764973e-02
-8.760340913771393068e-02
-8.721598750945255829e-02
-8.685159821798213442e-02
-8.651009513683913243e-02
-8.619133011539965861e-02
-8.589515873013389702e-02
-8.562144416215498877e-02
-8.537005965867676405e-02
-8.514088994090733553e-02
-8.493383184434158406e-02
-8.474879441612463704e-02
-8.458569864512938130e-02
-8.444447696148163485e-02
-8.432507261126780118e-02
-8.422743898771564708e-02
-8.415153898062652238e-02
-8.409734439055205346e-02
-8.406483544185032464e-02
-8.405400041892267804e-02
