6.064382073059315648e-03
6.044650494798214924e-03
6.023038730442770161e-03
5.999464868164050557e-03
5.973843796246797178e-03
5.946087098278068916e-03
5.916102947077395147e-03
5.883795997619178930e-03
5.849067279215025561e-03
5.811814087293060149e-03
5.771929875121706299e-03
5.729304145895536271e-03
5.683822345634470530e-03
5.635365757424265487e-03
5.583811397568499979e-03
5.529031914298154771e-03
5.470895489775751130e-03
5.409265746196600944e-03
5.344001656906682829e-03
5.274957463568652472e-03
5.201982600530841161e-03
5.124921627730094631e-03
5.043614173639243692e-03
4.957894890005948296e-03
4.867593420420812667e-03
4.772534385116877775e-03
4.672537384877439859e-03
4.567417027522308048e-03
4.456982981279222766e-03
4.341040060381634591e-03
4.219388349736341581e-03
4.091823377470188428e-03
3.958136346949497897e-03
3.818114443762316013e-03
3.671541238621317538e-03
3.518197215092000452e-03
3.357860462447709304e-03
3.190307590808266758e-03
3.015314950708142261e-03
2.832660277014065198e-03
2.642124934966877392e-03
2.443497036264619116e-03
2.236575836180809684e-03
2.021178054347289033e-03
1.797147145329108797e-03
1.564367195877963690e-03
1.322784260840176307e-03
1.072439991642554213e-03
8.135262147002386701e-04
5.464764874474059564e-04
2.721256044499742455e-04
-8.000038653255270304e-06
-2.911257507158537816e-04
-5.720926898903355706e-04
-8.408566392691385616e-04
-1.076426923147216774e-03
-1.230245636019894340e-03
-1.172406071471288058e-03
-4.725964857559827870e-04
2.825389252948951047e-03
2.012541967081493688e-02
5.505884996815078869e-02
6.676672296722734046e-02
7.013540324673231408e-02
7.167279501387978369e-02
7.262186274674602149e-02
7.331360608436537918e-02
7.386301777270370961e-02
7.431748051756056905e-02
7.469861754702619705e-02
7.501671792929366644e-02
7.527649422897068898e-02
7.547965097026412828e-02
7.562613501177040121e-02
7.571478920076310515e-02
7.574371570157581446e-02
7.571048996403750841e-02
7.561229477749933925e-02
7.544601078588374088e-02
7.520828366248924479e-02
7.489557984244631095e-02
7.450423826651698944e-02
7.403052310648142176e-02
7.347068097635635342e-02
7.282100518938289246e-02
7.207790892184225140e-02
7.123800852707762310e-02
7.029821760343764325e-02
6.925585169212249148e-02
6.810874262670504886e-02
6.685536056309551722e-02
-6.549494060250238281e-02
-6.402760972894805391e-02
-6.245450860024651801e-02
-6.077790167549906170e-02
-5.900126838033285803e-02
-5.712936766536124561e-02
-5.516826855915086397e-02
-5.312534027345795773e-02
-5.100919713792795990e-02
-4.882959608022406639e-02
-4.659728737139049587e-02
-4.432382266215460775e-02
-4.202132759832664932e-02
-3.970224914248016157e-02
-3.737908979041398155e-02
-3.506414189005434973e-02
-3.276923511953802604e-02
-3.050550889408675664e-02
-2.828321923359971429e-02
-2.611158673569807104e-02
-2.399868912271029692e-02
-2.195139872293765809e-02
-1.997536250859690415e-02
-1.807502015530854794e-02
-1.625365411662758192e-02
-1.451346492923585862e-02
-1.285566480905509651e-02
-1.128058294511534443e-02
-9.787776602764759748e-03
-8.376143068297363381e-03
-7.044028477980524006e-03
-5.789330576591922295e-03
-4.609593373968629004e-03
-3.502092470112839334e-03
-2.463910480083191662e-03
-1.492002507056288535e-03
-5.832519946871519978e-04
2.654824453603502055e-04
1.057328468367545876e-03
1.795368843772123663e-03
2.482616836048816972e-03
3.121997255608115890e-03
3.716332360490997438e-03
4.268331852623468564e-03
4.780586285354524595e-03
5.255563275890329233e-03
5.695605992449850885e-03
6.102933458648585746e-03
6.479642284987692166e-03
6.827709498231289073e-03
7.148996193762259185e-03
7.445251783512386867e-03
7.718118653266204526e-03
7.969137078415336126e-03
8.199750277130853429e-03
8.411309505174165146e-03
8.605079117512634893e-03
8.782241539356848772e-03
8.943902103520418034e-03
