3.569204049201774032e-04
3.635487379312837830e-04
3.704012299141981601e-04
3.774886915595965231e-04
3.848226076806557372e-04
3.924151887382751336e-04
4.002794270327389436e-04
4.084291580512822151e-04
4.168791275186364831e-04
4.256450647644252627e-04
4.347437630963443822e-04
4.441931679528624000e-04
4.540124737073408800e-04
4.642222301056986300e-04
4.748444594478637426e-04
4.859027857669062644e-04
4.974225774284635193e-04
5.094311047619537458e-04
5.219577145614898162e-04
5.350340235381265130e-04
5.486941331127592747e-04
5.629748682685759009e-04
5.779160435825936304e-04
5.935607600160500152e-04
6.099557365748659032e-04
6.271516815833447223e-04
6.452037090431683719e-04
6.641718064113108499e-04
6.841213611433957786e-04
7.051237545417921027e-04
7.272570328605842960e-04
7.506066672928815575e-04
7.752664164563730087e-04
8.013393073658184318e-04
8.289387537183806609e-04
8.581898337222879092e-04
8.892307537885432711e-04
9.222145293527606036e-04
9.573109200707377586e-04
9.947086639034291577e-04
1.034618063467503124e-03
1.077273988872411159e-03
1.122939374585574246e-03
1.171909304289779630e-03
1.224515798032899117e-03
1.281133441248506755e-03
1.342186026791904185e-03
1.408154420726497047e-03
1.479585912486099109e-03
1.557105373217938793e-03
1.641428626520592682e-03
1.733378538684646197e-03
1.833904467937401417e-03
1.944105883545807489e-03
2.065261188778859391e-03
2.198863074227369596e-03
2.346662114037549596e-03
2.510720830896706612e-03
2.693481143607762140e-03
2.897849040782468633e-03
3.127301592902781424e-03
3.386023163225594657e-03
3.679080115051143463e-03
4.012646752715315346e-03
4.394300158665542799e-03
4.833408754968626653e-03
5.341650038978865145e-03
5.933709023711902786e-03
6.628233862126534093e-03
7.449164941163433085e-03
8.427619302636718546e-03
9.604624209490750242e-03
1.103519261515283068e-02
1.279460242937364989e-02
1.498845829582057254e-02
1.776956774508788028e-02
2.136766373630699656e-02
2.614316675066619133e-02
3.265137988208197117e-02
2.461713317190715455e-02
-2.246741464696807439e-02
-2.299006149054737269e-02
-2.332316998233677913e-02
-2.364820480895695604e-02
2.401032613433427831e-02
2.447791452815820806e-02
2.531396325054992985e-02
2.723582237195876915e-02
2.002233523937533427e-02
1.378785444443516445e-02
9.718324157459573565e-03
6.960186149867611527e-03
5.039155920920135312e-03
3.675168985640180075e-03
2.692724550689813701e-03
1.977199456752246065e-03
1.451472549520726324e-03
1.062485963250689447e-03
7.730954976288041680e-04
5.569264775344036356e-04
3.950262912581770092e-04
2.736340366580845840e-04
1.826662985384176763e-04
1.146731723005757486e-04
6.410907694292394821e-05
2.681765197733165795e-05
-3.357925839504727339e-07
-1.972894337926717201e-05
-3.317467280615840619e-05
-4.206169118684682795e-05
-4.745823686397657171e-05
-5.018904471421406499e-05
-5.089285106831334393e-05
-5.006562094035660326e-05
-4.809323125354661443e-05
-4.527631756879105240e-05
-4.184926115109212363e-05
-3.799476914075061718e-05
-3.385512212543580202e-05
-2.954088827533500605e-05
-2.513770192355893607e-05
-2.071155634355593966e-05
-1.631295080820223398e-05
-1.198015038544365807e-05
-7.741755828235413750e-06
-3.618734955999208802e-06
3.739678226845344344e-07
4.226153591911294138e-06
7.931352503503033557e-06
1.148601417284671189e-05
1.488886210856271708e-05
1.814037857185771263e-05
2.124239339143171867e-05
2.419775580383108637e-05
2.701007273913334783e-05
2.968350035594501113e-05
3.222257832631060526e-05
3.463209846926371127e-05
3.691700101324246752e-05
3.908229309367711179e-05
4.113298514442711995e-05
4.307404170137384136e-05
4.491034378431221774e-05
4.664666060153616067e-05
4.828762872054886968e-05
4.983773722462905842e-05
5.130131764677185735e-05
5.268253770182584894e-05
5.398539802675683674e-05
5.521373128510899397e-05
