7.879402034810514266e-01
7.878056272620209688e-01
7.874023317839317082e-01
7.867316080760288211e-01
7.857955795564610657e-01
7.845971597954943810e-01
7.831399937666552180e-01
7.814283828866855908e-01
7.794671941133342052e-01
7.772617532477787972e-01
7.748177223536991676e-01
7.721409608276418313e-01
7.692373691057646790e-01
7.661127132200027390e-01
7.627724273660042575e-01
7.592213902255044999e-01
7.554636688735000272e-01
7.515022215157313168e-01
7.473385467684606764e-01
7.429722623216470367e-01
7.384005890041394071e-01
7.336177065912384831e-01
7.286139337539156990e-01
7.233746641729801308e-01
7.178789606337719897e-01
7.120976635245869213e-01
7.059908011666142791e-01
6.995039836893883756e-01
6.925633000900277558e-01
6.850679932252565774e-01
6.768798356651279935e-01
6.496893308378266507e-01
6.509516409374522805e-01
6.519841342359611325e-01
6.526465332381714557e-01
6.526621725830149545e-01
6.512990781477105973e-01
6.449750625895093181e-01
5.835982241878064913e-01
6.578973795295931515e-01
6.638170376590378785e-01
5.706720247163090676e-01
5.925731886381915281e-01
6.122306879957255532e-01
6.289371320510496188e-01
6.431197329695601539e-01
6.553506155546516831e-01
6.661037325719570967e-01
6.757309703276707102e-01
6.844857692498013124e-01
6.925497290341885437e-01
7.000533390175993631e-01
7.070907101136189032e-01
7.137297827553800156e-01
7.200193939214988292e-01
7.259942172127848981e-01
7.316782674712591916e-01
7.370874311531290246e-01
7.422313292878042201e-01
7.471147183770092681e-01
7.517385679774902796e-01
7.561009096623251269e-01
7.601975225760391197e-01
7.640225007684282588e-01
7.675687336650511838e-01
7.708283213202504758e-01
7.737929391739131191e-01
7.764541620252310983e-01
7.788037532894631632e-01
7.808339229472640586e-01
7.825375556885342254e-01
7.839084094303072625e-01
7.849412835361861962e-01
7.856321555979571825e-01
7.859782854875317915e-01
7.859782854875903002e-01
7.856321555979499660e-01
7.849412835361815333e-01
7.839084094303032657e-01
7.825375556885304507e-01
7.808339229472616161e-01
7.788037532894707127e-01
7.764541620252348730e-01
7.737929391739261087e-01
7.708283213202508088e-01
7.675687336650607318e-01
7.640225007684401382e-01
7.601975225760251309e-01
7.561009096623384496e-01
7.517385679775064888e-01
7.471147183770557865e-01
7.422313292878001123e-01
7.370874311531201428e-01
7.316782674712412060e-01
7.259942172127334947e-01
7.200193939215391303e-01
7.137297827553857887e-01
7.070907101136023609e-01
7.000533390175992521e-01
6.925497290342073065e-01
6.844857692498289570e-01
6.757309703276958013e-01
6.661037325719512125e-01
6.553506155546742207e-01
6.431197329695481635e-01
6.289371320510660501e-01
6.122306879957107872e-01
5.925731886381860880e-01
5.706720247163190596e-01
6.638170376590342148e-01
6.578973795295997018e-01
5.835982241879064114e-01
6.449750625895084299e-01
6.512990781477199231e-01
6.526621725830106246e-01
6.526465332381646833e-01
6.519841342359578018e-01
6.509516409374521695e-01
6.496893308378974830e-01
6.768798356651235526e-01
6.850679932252443649e-01
6.925633000900495162e-01
6.995039836893878205e-01
7.059908011666345962e-01
7.120976635246037967e-01
7.178789606337543372e-01
7.233746641729774662e-01
7.286139337539113692e-01
7.336177065912458106e-01
7.384005890041243081e-01
7.429722623216347133e-01
7.473385467684421357e-01
7.515022215157229901e-01
7.554636688734919225e-01
7.592213902254986158e-01
7.627724273660622112e-01
7.661127132200259426e-01
7.692373691057508012e-01
7.721409608276290637e-01
7.748177223536912850e-01
7.772617532477995583e-01
7.794671941133229920e-01
7.814283828867071291e-01
7.831399937666511102e-01
7.845971597954998211e-01
7.857955795564652846e-01
7.867316080760217156e-01
7.874023317839328184e-01
7.878056272620149736e-01
7.879402034810563116e-01
