3.963852204462200990e-03
4.004933025581386419e-03
4.046843781932277229e-03
4.089608591660201520e-03
4.133252440386495086e-03
4.177801214559642706e-03
4.223281735731485020e-03
4.269721795696818090e-03
4.317150192414784260e-03
4.365596766603987988e-03
4.415092438875320435e-03
4.465669247228284955e-03
4.517360384695467967e-03
4.570200236867660859e-03
4.624224418973033046e-03
4.679469812109690596e-03
4.735974598146716619e-03
4.793778292706413202e-03
4.852921775518270753e-03
4.913447317292374272e-03
4.975398602087635624e-03
5.038820743945682246e-03
5.103760296317580436e-03
5.170265252522177057e-03
5.238385035126594258e-03
5.308170471726839090e-03
5.379673754113953321e-03
5.452948377216826348e-03
5.528049053507122501e-03
5.605031597700649293e-03
5.683952775568559823e-03
5.764870109442737922e-03
5.847841631520134253e-03
5.932925574284111936e-03
6.020179985198381711e-03
6.109662250217126611e-03
6.201428507475209573e-03
6.295532928669522743e-03
6.392026840938855314e-03
6.490957656317006275e-03
6.592367568823601087e-03
6.696291970663015292e-03
6.802757528457326064e-03
6.911779847459054160e-03
7.023360635692671439e-03
7.137484260203108555e-03
7.254113563123859576e-03
7.373184774917967976e-03
7.494601324427585531e-03
7.618226298403335539e-03
7.743873244628829422e-03
7.871294939645834265e-03
8.000169650697858126e-03
8.130084307230889262e-03
8.260513854335321815e-03
8.390795881837831427e-03
8.520099399736080770e-03
8.647386353131197856e-03
8.771364125923719612e-03
8.890426859387651204e-03
9.002582896264738066e-03
9.105365042515217722e-03
9.195719613287606231e-03
9.269869408060460447e-03
9.323144882578349169e-03
9.349776946645765863e-03
9.342644206611600000e-03
9.292967441943633666e-03
9.189945281250194720e-03
9.020328499019930613e-03
8.767937913366302682e-03
8.413145656617965207e-03
7.932367331606904326e-03
7.297665427730359866e-03
6.476675990794905635e-03
5.433368479049349720e-03
4.131301042844259808e-03
2.548220415183682919e-03
8.049096200392902301e-04
2.682398325238774528e-02
9.852414783445440083e-02
9.896680236808869102e-02
9.915743232894232151e-02
9.924771328022469197e-02
-9.914365180974042679e-02
-9.838486115688015177e-02
-9.356891087279770036e-02
-1.738836728376672372e-02
5.371199386959583932e-02
5.528603514468354019e-02
5.271245077434198040e-02
4.957658302905909586e-02
4.643447154344355898e-02
4.343908678490693287e-02
4.064182676290480078e-02
3.805726078324361134e-02
3.568354651378262410e-02
3.351087223465060161e-02
3.152563476375871976e-02
2.971272463199688130e-02
2.805682606343551377e-02
2.654315148881315756e-02
2.515783511282460722e-02
2.388811752441152847e-02
2.272240306620097045e-02
2.165024173278891351e-02
2.066226856390874361e-02
1.975012138386690597e-02
1.890634985978287275e-02
1.812432372805031916e-02
1.739814472868279893e-02
1.672256467368120336e-02
1.609291074911836650e-02
1.550501833909807142e-02
1.495517118217794261e-02
1.444004840735655520e-02
1.395667786828807405e-02
1.350239514923403522e-02
1.307480762077491143e-02
1.267176295585031864e-02
1.229132156361219946e-02
1.193173245133850174e-02
1.159141207814821245e-02
1.126892581554685829e-02
1.096297167733265021e-02
1.067236602442343807e-02
1.039603098854383068e-02
1.013298339257410335e-02
9.882324975016086588e-03
9.643233751844004775e-03
9.414956371404950564e-03
9.196801337398599618e-03
8.988132991689712359e-03
8.788366163126531960e-03
8.596961400967453870e-03
8.413420722227782367e-03
8.237283811491066809e-03
8.068124619685382304e-03
7.905548315197089004e-03
7.749188546620489060e-03
7.598704981572168560e-03
7.453781090430738887e-03
7.314122147709586907e-03
7.179453427100537799e-03
7.049518569123669476e-03
6.924078102835434789e-03
6.802908105241103898e-03
6.685798983968996301e-03
6.572554370435579330e-03
6.462990112189911929e-03
