-1.357914329448706159e-05
-1.428005149535505058e-05
-1.500465145366780551e-05
-1.575380625516709099e-05
-1.652840776572572778e-05
-1.732937664568334757e-05
-1.815766215573777487e-05
-1.901424171002474850e-05
-1.990012012402508912e-05
-2.081632849516845685e-05
-2.176392264337245752e-05
-2.274398102512786846e-05
-2.375760201908660996e-05
-2.480590046283204231e-05
-2.589000329894508567e-05
-2.701104416125144070e-05
-2.817015670240896608e-05
-2.936846642659363127e-05
-3.060708074673068602e-05
-3.188707693400905097e-05
-3.320948756374564326e-05
-3.457528298686507462e-05
-3.598535026545779392e-05
-3.744046790274402348e-05
-3.894127556590409878e-05
-4.048823784237598478e-05
-4.208160087861012588e-05
-4.372134051840170788e-05
-4.540710027395311599e-05
-4.713811712095394846e-05
-4.891313268735875130e-05
-5.073028689069059016e-05
-5.258699044816128598e-05
-5.447977190631281275e-05
-5.640409387490386006e-05
-5.835413196576821893e-05
-6.032250845783293514e-05
-6.229997087504879349e-05
-6.427500336862734809e-05
-6.623335591494916574e-05
-6.815747272598260409e-05
-7.002579669757036385e-05
-7.181192093853872027e-05
-7.348355106823190042e-05
-7.500123258320778863e-05
-7.631678557117049788e-05
-7.737137358351797722e-05
-7.809311350476244584e-05
-7.839410735260843310e-05
-7.816674320948457932e-05
-7.727906836169085025e-05
-7.556897976168652775e-05
-7.283690046346047442e-05
-6.883650936158336453e-05
-6.326295675238013949e-05
-5.573781812015510262e-05
-4.578979697364427004e-05
-3.282986240134289080e-05
-1.611906802015394824e-05
5.273295106883457706e-06
3.252436414137582776e-05
6.712943248581015876e-05
1.109964600655849454e-04
1.665710735678782584e-04
2.370024181086449744e-04
3.263637133597979689e-04
4.399458517841126071e-04
5.846479114295921597e-04
7.694948282308544663e-04
1.006318879125583932e-03
1.310646143787272400e-03
1.702828024171765264e-03
2.209445457686809444e-03
2.864984220896399369e-03
3.713739708166352571e-03
4.811910388392903748e-03
-6.230055094423911366e-03
-8.056909508810827791e-03
-1.040728422484706039e-02
-1.343625076702491261e-02
-1.732650539979911641e-02
-2.179588678886106023e-02
-1.712328626659670450e-02
3.777884554055311456e-02
4.927135470618961705e-02
4.420557942117637334e-02
3.680089736217839747e-02
-2.993631109456808964e-02
-2.426301319408163612e-02
-1.975550628244605866e-02
-1.621392398644368182e-02
-1.342954944743128542e-02
-1.122813977461929735e-02
-9.474143864173119323e-03
-8.064670762915088220e-03
-6.922145262599224691e-03
-5.988018156753517618e-03
-5.217892856300247739e-03
-4.577887419989185025e-03
-4.041956153234466109e-03
-3.589924561084534282e-03
-3.206045424269214628e-03
-2.877933363109271003e-03
-2.595774283742302568e-03
-2.351735064768274708e-03
-2.139519798442089671e-03
-1.954033901899639158e-03
-1.791128116930412739e-03
-1.647402057943621323e-03
-1.520052438865673872e-03
-1.406755043727322962e-03
-1.305572348841821384e-03
-1.214880770656553977e-03
-1.133313023689720700e-03
-1.059712183589661683e-03
-9.930948719892099263e-04
-9.326215913613503106e-04
-8.775726959363711055e-04
-8.273288295937014647e-04
-7.813549228606955777e-04
-7.391870401674480173e-04
-7.004215209575961887e-04
-6.647059756799064689e-04
-6.317317886026033169e-04
-6.012278501489956573e-04
-5.729552967939782748e-04
-5.467030800544447899e-04
-5.222842204509192676e-04
-4.995326295576391074e-04
-4.783004049645211975e-04
-4.584555203400869638e-04
-4.398798467368930654e-04
-4.224674525416111104e-04
-4.061231385833752316e-04
-3.907611723298759498e-04
-3.763041911452186250e-04
-3.626822495364778742e-04
-3.498319893846107975e-04
-3.376959155098335774e-04
-3.262217616964435685e-04
-3.153619346042829674e-04
-3.050730249105071401e-04
-2.953153766246940926e-04
-2.860527068599405531e-04
-2.772517694665244115e-04
-2.688820568816363554e-04
-2.609155353478498363e-04
-2.533264093285969576e-04
-2.460909115229448219e-04
-2.391871153701458086e-04
