2.004224704488785647e-03
2.025685093248380531e-03
2.047598080177445712e-03
2.069977647487342143e-03
2.092838331762048032e-03
2.116195249674657219e-03
2.140064124959609182e-03
2.164461316686294712e-03
2.189403848884885484e-03
2.214909441568060910e-03
2.240996543189988088e-03
2.267684364581759593e-03
2.294992914391072447e-03
2.322943036049282539e-03
2.351556446276367729e-03
2.380855775118664863e-03
2.410864607499299539e-03
2.441607526234276793e-03
2.473110156443095176e-03
2.505399211244624391e-03
2.538502538587353308e-03
2.572449169009560777e-03
2.607269364059375261e-03
2.642994665025794054e-03
2.679657941533727938e-03
2.717293439436607727e-03
2.755936827297328362e-03
2.795625240569823977e-03
2.836397322378669816e-03
2.878293259535938398e-03
2.921354812110379950e-03
2.965625334483662501e-03
3.011149785348860020e-03
3.057974723540329842e-03
3.106148285875881543e-03
3.155720142342027801e-03
3.206741422913189643e-03
3.259264609017362146e-03
3.313343381115940733e-03
3.369032411956088269e-03
3.426387092742566587e-03
3.485463176626721338e-03
3.546316320438558378e-03
3.609001501336292494e-03
3.673572279842066135e-03
3.740079874377896796e-03
3.808572004656771148e-03
3.879091451829561055e-03
3.951674271816113526e-03
4.026347584373549116e-03
4.103126843802221146e-03
4.182012477365951164e-03
4.262985754243719949e-03
4.346003721043670276e-03
4.430993010023073775e-03
4.517842294381291257e-03
4.606393134151232083e-03
4.696428931768525938e-03
4.787661708468185506e-03
4.879716439091491553e-03
4.972112774656839429e-03
5.064244191708394682e-03
5.155355023431840156e-03
5.244516596873166625e-03
5.330605065937077391e-03
5.412285887425788422e-03
5.488013876633418553e-03
5.556064413940159374e-03
5.614622220325826696e-03
5.661971491460693340e-03
5.696858232495188856e-03
5.719135982181183797e-03
5.730861971252027010e-03
5.738077229729215967e-03
5.753554517230169418e-03
5.800750539211127488e-03
5.918854361626937899e-03
6.167782836870500107e-03
6.629671674908174661e-03
7.400066541682195909e-03
8.569942467122962371e-03
1.163783804831830526e-02
9.802851907480912563e-02
9.583826254119819088e-02
-8.476505090773099604e-02
-3.925706420947007447e-02
2.049471055431127328e-03
1.389146482159999557e-02
1.776059171802895839e-02
1.914090974984394497e-02
1.943498160769657757e-02
1.916717380406906049e-02
1.859401479153208192e-02
1.786036617212714839e-02
1.705317029596566114e-02
1.622541413677581340e-02
1.540900860394741473e-02
1.462249716602073007e-02
1.387591595060256450e-02
1.317392526461682450e-02
1.251784151886269764e-02
1.190695534696922103e-02
1.133938284481481734e-02
1.081261087996027853e-02
1.032384211148264924e-02
9.870209211673912353e-03
9.448904017366262231e-03
9.057251687842583776e-03
8.692749632994857534e-03
8.353084177326067228e-03
8.036133443193135828e-03
7.739961980693779720e-03
7.462810722151366760e-03
7.203084554249630789e-03
6.959338955182289843e-03
6.730266589132824495e-03
6.514684387818894806e-03
6.311521413750367793e-03
6.119807649141772998e-03
5.938663759503221007e-03
5.767291822740300278e-03
5.604966980438996771e-03
5.451029949499822114e-03
5.304880323743710324e-03
5.165970592873700418e-03
5.033800807743085692e-03
4.907913824659396185e-03
4.787891066388882955e-03
4.673348742948016388e-03
4.563934480765585722e-03
4.459324314108017995e-03
4.359219997650307099e-03
4.263346603667922396e-03
4.171450371491927656e-03
4.083296780624884326e-03
3.998668822257828159e-03
3.917365446905698989e-03
3.839200168506751165e-03
3.763999807653087282e-03
3.691603358663905765e-03
3.621860967009685184e-03
3.554633005172488924e-03
3.489789236417253915e-03
3.427208057164801702e-03
3.366775809727495794e-03
3.308386158106454977e-03
3.251939520376945225e-03
3.197342551912604747e-03
3.144507674341226466e-03
3.093352645683181135e-03
