-9.519294562787550262e-04
-9.539534087681933450e-04
-9.559160379797870810e-04
-9.578137784349849415e-04
-9.596428919463606544e-04
-9.613994586321894520e-04
-9.630793673960358348e-04
-9.646783058390173693e-04
-9.661917495600857997e-04
-9.676149508050235770e-04
-9.689429264129190145e-04
-9.701704450139347902e-04
-9.712920134168911979e-04
-9.723018621311807497e-04
-9.731939299561509493e-04
-9.739618475606004466e-04
-9.745989199834159677e-04
-9.750981079617027092e-04
-9.754520079946205069e-04
-9.756528310409795512e-04
-9.756923797364647211e-04
-9.755620240058937576e-04
-9.752526749335910239e-04
-9.747547567429959425e-04
-9.740581767141154312e-04
-9.731522928612124090e-04
-9.720258791612035321e-04
-9.706670881108325766e-04
-9.690634103601547533e-04
-9.672016311437492408e-04
-9.650677832000742473e-04
-9.626470958330468619e-04
-9.599239397272418817e-04
-9.568817670887463933e-04
-9.535030466222282897e-04
-9.497691928040119524e-04
-9.456604888390951480e-04
-9.411560026127141487e-04
-9.362334948610773200e-04
-9.308693186841354716e-04
-9.250383094045466770e-04
-9.187136636496229247e-04
-9.118668063735624330e-04
-9.044672443609125256e-04
-8.964824045545050080e-04
-8.878774553008339510e-04
-8.786151083409743379e-04
-8.686553990484291443e-04
-8.579554420434509776e-04
-8.464691588715711479e-04
-8.341469739235329861e-04
-8.209354741736396566e-04
-8.067770275944907699e-04
-7.916093542767177471e-04
-7.753650432832936978e-04
-7.579710070922673903e-04
7.393478640732309426e-04
7.194092377736660548e-04
6.980609597755094153e-04
6.752001604715396343e-04
6.507142292035139608e-04
6.244796216814119116e-04
5.963604883261197642e-04
5.662070919776607258e-04
5.338539770344818969e-04
4.991178442668997572e-04
4.617950759057687371e-04
4.216588436667112472e-04
3.784557174949798597e-04
3.319016742921176988e-04
2.816773825337903769e-04
2.274226093417486272e-04
1.687295592390780641e-04
1.051349063212192458e-04
3.611022061994484389e-05
-3.894958913316926008e-05
-1.207402960514691870e-04
-2.100654516797861859e-04
-3.078573460693068142e-04
-4.152028498355941899e-04
-5.333754642881105568e-04
-6.638753181326673136e-04
-8.084794062571676321e-04
-9.693051239394456786e-04
-1.148891188687106713e-03
-1.350301476872595163e-03
1.577259299256672520e-03
1.834322438890145790e-03
2.127113226369325982e-03
2.462623539315200727e-03
2.849622622684511164e-03
3.299207092350708859e-03
3.825548896167818569e-03
4.446920378275931451e-03
5.187108434068443685e-03
6.077374626556220072e-03
7.159176154693691618e-03
8.487929122770743184e-03
1.013815027581127515e-02
1.221029881912716331e-02
1.483942510360364286e-02
1.820507843833768513e-02
2.254056235684387399e-02
2.813780341344007674e-02
3.534406220982042046e-02
4.455126501832712416e-02
5.613753424068287923e-02
6.946100200116081536e-02
6.990461562456906641e-02
2.451951263205529030e-02
5.361359635209672625e-03
-1.467757968894228826e-03
-3.749414512680543377e-03
-4.220691139997317931e-03
-3.997108197606735747e-03
-3.534133577202253074e-03
-3.019743671655639172e-03
-2.529473740054771769e-03
-2.090382796689743694e-03
-1.708619777606945611e-03
-1.381653118296077842e-03
-1.103759662467090896e-03
-8.684629292564360892e-04
-6.695676701046759938e-04
-5.015469593706300966e-04
-3.596356807182010673e-04
-2.397974722745943588e-04
-1.386437403424478632e-04
-5.334094282458123892e-05
1.847806986529643147e-05
7.879262292778688170e-05
1.292612074014209966e-04
1.712774066628952596e-04
2.060160430870927595e-04
2.344710189170484682e-04
2.574862586151166477e-04
2.757809938856714549e-04
2.899704419881132811e-04
3.005827462285309837e-04
3.080728875698990343e-04
3.128341412990537362e-04
3.152075414644128770e-04
3.154897254293020925e-04
3.139394581060106493e-04
3.107830770810032783e-04
3.062190531492176016e-04
3.004218234921168795e-04
2.935450248614801527e-04
2.857242302743839835e-04
2.770792735220795056e-04
