5.371334802932420383e-03
5.354297307779781745e-03
5.334545890623071385e-03
5.311908853036423350e-03
5.286205160662693636e-03
5.257244269136901460e-03
5.224826060344245349e-03
5.188740931181323734e-03
5.148770089851428811e-03
5.104686131291363838e-03
5.056253984655700862e-03
5.003232353112951891e-03
4.945375801011675509e-03
4.882437687621948852e-03
4.814174202047327711e-03
4.740349822682177194e-03
4.660744608678213385e-03
4.575163831502859768e-03
4.483450571549946195e-03
4.385502034706389995e-03
4.281290478454963244e-03
4.170889760119922407e-03
4.054508602351375446e-03
3.932531666739125242e-03
3.805569366683553278e-03
3.674516940687294619e-03
3.540622529148884645e-03
3.405562724836219690e-03
3.271522198692033978e-03
3.141271526001354619e-03
3.018234419617016329e-03
2.906532664232963636e-03
2.810994933465593704e-03
2.737115455585664714e-03
2.690951324216817042e-03
2.678953854658938649e-03
2.707739473575582201e-03
2.783817469541066680e-03
2.913302493058100850e-03
3.101645544117653808e-03
3.353415905407219899e-03
3.672157893577721044e-03
4.060332748622941246e-03
4.519341386105740765e-03
5.049611972911843827e-03
5.650729750267619034e-03
6.321585587532818629e-03
7.060523144951647012e-03
7.865470252448936161e-03
8.734046284465030174e-03
9.663642634210350968e-03
1.065147726276047258e-02
1.169462665537127077e-02
1.279003960172447885e-02
-1.393453737594868569e-02
-1.512480445273725604e-02
-1.635737310469637107e-02
-1.762860423875525773e-02
-1.893466571916938013e-02
-2.027150819467382625e-02
-2.163483703594500096e-02
-2.302007725586106834e-02
-2.442232596585376669e-02
-2.583628353350674034e-02
-2.725614924587732579e-02
-2.867545821288139396e-02
-3.008682002091328522e-02
-3.148148919255217004e-02
-3.284863769968408842e-02
-3.417407680857791064e-02
-3.543790995925263920e-02
-3.660999283150406791e-02
-3.764061056226133961e-02
-3.843999496067736221e-02
-3.882988595466393966e-02
-3.842054861540770971e-02
-3.628795791654537695e-02
-3.025325171570922289e-02
-1.685049947740115128e-02
2.095013664496034322e-03
1.671577735842037782e-02
2.449194855092865636e-02
2.826574052430653322e-02
3.008568425939472241e-02
3.092283200503775920e-02
3.122953089113268688e-02
3.123034546504870057e-02
3.104529123762389542e-02
3.074295765424998883e-02
3.036485423050058058e-02
2.993733355967289483e-02
2.947780158547845530e-02
2.899813477311063287e-02
2.850665338059556880e-02
2.800931032047409425e-02
2.751043472600982892e-02
2.701321267207804772e-02
2.652000725746314624e-02
2.603257740853126556e-02
2.555223101496319552e-02
2.507993439428878729e-02
2.461639203732508482e-02
2.416210570008623174e-02
2.371741886415291295e-02
2.328255064767681751e-02
2.285762198649151852e-02
2.244267606673965021e-02
2.203769442398614831e-02
2.164260973452295303e-02
2.125731605281465028e-02
2.088167705649847036e-02
2.051553272209372114e-02
2.015870475396837336e-02
1.981100101503397229e-02
1.947221915241826792e-02
1.914214956987116134e-02
1.882057786695314622e-02
1.850728684086726597e-02
1.820205812789580171e-02
1.790467354675312137e-02
1.761491619453123617e-02
1.733257133672816072e-02
1.705742712550694859e-02
1.678927517436598280e-02
1.652791101266713400e-02
1.627313443949299915e-02
1.602474979317464535e-02
1.578256615013445135e-02
1.554639746456974725e-02
1.531606265864547504e-02
1.509138567139306324e-02
1.487219547324735401e-02
1.465832605205481982e-02
1.444961637558015918e-02
1.424591033468392692e-02
1.404705667079166748e-02
1.385290889068793371e-02
1.366332517122601301e-02
1.347816825614643783e-02
1.329730534688006172e-02
1.312060798889646759e-02
1.294795195494304399e-02
1.277921712631162159e-02
1.261428737305680947e-02
1.245305043397895890e-02
1.229539779703328790e-02
1.214122458071369322e-02
1.199042941686840127e-02
1.184291433531193573e-02
1.169858465055016727e-02
