-1.416436052310121596e-03
-1.393774649529944121e-03
-1.370698924639257577e-03
-1.347207241210957029e-03
-1.323298251204141351e-03
-1.298970924739073496e-03
-1.274224581523708544e-03
-1.249058924085666433e-03
-1.223474072996055817e-03
-1.197470604259787130e-03
-1.171049589069883545e-03
-1.144212636133845606e-03
-1.116961936790450416e-03
-1.089300313159236033e-03
-1.061231269575690916e-03
-1.032759047595033230e-03
-1.003888684862785929e-03
-9.746260781851034949e-04
-9.449780511544547679e-04
-9.149524267285658041e-04
-8.845581051901696412e-04
-8.538051479608510519e-04
-8.227048677931225740e-04
-7.912699259137179197e-04
-7.595144367498196658e-04
-7.274540809453222678e-04
-6.951062274401786922e-04
-6.624900654792487131e-04
-6.296267475084382781e-04
-5.965395440257204029e-04
-5.632540115815265480e-04
-5.297981752556690793e-04
-4.962027271018243368e-04
-4.625012422256880029e-04
-4.287304143697490133e-04
-3.949303131068893080e-04
-3.611446650120253565e-04
-3.274211614814337423e-04
-2.938117962140163186e-04
-2.603732357687738030e-04
-2.271672270588442899e-04
-1.942610461734828320e-04
-1.617279935137716507e-04
-1.296479409209627676e-04
-9.810793728182165552e-05
-6.720288001471619310e-05
-3.703626092399492364e-05
-7.720996146654002246e-06
2.061964861299614427e-05
4.785102468629620631e-05
7.382594400606734553e-05
9.838338244272382127e-05
1.213470229807223078e-04
1.425236155910836189e-04
1.617011268485457620e-04
1.786466478556070214e-04
1.931040236931025333e-04
2.047911612753638977e-04
2.133969649128486523e-04
2.185778398362536734e-04
2.199536930557188796e-04
2.171033478666206662e-04
2.095592725098738285e-04
1.968015043808390985e-04
1.782506279457418685e-04
1.532596361852878175e-04
1.211044707239983254e-04
8.097299323284179451e-05
3.195208820783168591e-05
-2.698746770501969650e-05
-9.700881532925809125e-05
-1.794300476455346072e-04
-2.757491416960355934e-04
-3.876736183956452919e-04
-5.171559612465737032e-04
-6.664360791214241075e-04
-8.380924223603258838e-04
-1.035103776376167239e-03
-1.260924290906961787e-03
-1.519574993116390438e-03
-1.815755928788131968e-03
-2.154984244379209990e-03
-2.543765053152569067e-03
-2.989803940745994204e-03
-3.502272619997803815e-03
-4.092142755722893988e-03
-4.772607630630365527e-03
-5.559617482507772657e-03
-6.472562477751742094e-03
-7.535147961961530250e-03
-8.776520464265358257e-03
-1.023272046266987534e-02
-1.194855923269411146e-02
-1.398004101511640673e-02
-1.639747396048862882e-02
-1.928942254658683186e-02
-2.276762398004833488e-02
-2.697286305582052846e-02
-3.208144885995878326e-02
-3.831109709368091254e-02
-4.592311973311163920e-02
-5.521351421084069733e-02
-6.647501092254282096e-02
-7.988059793744450854e-02
-9.510449440687307465e-02
-1.095852889392884832e-01
-1.030480388388346213e-01
1.041285084181538534e-01
2.117123122388624712e-01
1.996366678321994104e-01
1.754049832172770440e-01
1.507462618975155544e-01
1.283168145421122175e-01
1.088652827313636440e-01
9.242305083581299485e-02
7.871276964569035028e-02
6.734857984465203451e-02
5.793763389736308195e-02
5.012569061588327546e-02
4.361222179301753321e-02
3.815056376530170934e-02
3.354184068857930801e-02
2.962710621231803843e-02
2.627972593728067352e-02
2.339876736713325522e-02
2.090356798341977407e-02
1.872939960497985168e-02
1.682406165239780371e-02
1.514522524811723336e-02
1.365836892274691072e-02
1.233517405571862846e-02
1.115227509757066304e-02
1.009028285417451487e-02
9.133017960156059045e-03
8.266906458578499040e-03
7.480500796579692135e-03
6.764098233318277531e-03
6.109435246554911769e-03
5.509441514361751446e-03
4.958040828879711759e-03
-4.449989168212431512e-03
-3.980742336371745349e-03
-3.546347249332781892e-03
-3.143352224544510021e-03
-2.768732616583946538e-03
-2.419828903981402490e-03
-2.094294924767925448e-03
-1.790054420963305137e-03
-1.505264415155638247e-03
-1.238284228380459595e-03
