-2.065035272251714016e-03
-2.046486165203309504e-03
-2.026536475682794158e-03
-2.005113710281614114e-03
-1.982141222382438617e-03
-1.957537928807040473e-03
-1.931218003413170958e-03
-1.903090545454177995e-03
-1.873059220282968784e-03
-1.841021869720016468e-03
-1.806870089104406496e-03
-1.770488767719735623e-03
-1.731755588915195876e-03
-1.690540485822178418e-03
-1.646705048092111934e-03
-1.600101874551507208e-03
-1.550573866073823304e-03
-1.497953452276878927e-03
-1.442061744899802989e-03
-1.382707609818289995e-03
-1.319686648700746368e-03
-1.252780080143289787e-03
-1.181753508872118719e-03
-1.106355570117012466e-03
-1.026316434603324890e-03
-9.413461577076343012e-04
-8.511328541230822609e-04
-7.553406768940340577e-04
-6.536075767701876593e-04
-5.455428146172724979e-04
-4.307241956693630414e-04
-3.086949901699997945e-04
-1.789604997581295542e-04
-4.098422320203409797e-05
1.058164318236687329e-04
2.620749519877119127e-04
4.284811068968608083e-04
6.057870039241630700e-04
7.948139026123790529e-04
9.964598964458115660e-04
1.211708586657145315e-03
1.441638892559771179e-03
1.687436165903943852e-03
1.950404804003214032e-03
2.231982588029479686e-03
2.533757010218851136e-03
2.857483897572676845e-03
3.205108690944813432e-03
3.578790798961506425e-03
3.980931517035546374e-03
4.414206085065541796e-03
4.881600554921372570e-03
5.386454253101968792e-03
5.932508757258703191e-03
6.523964460710574009e-03
7.165545979379073227e-03
7.862577863991970784e-03
8.621072320221412344e-03
9.447830913698163080e-03
1.035056254909139106e-02
1.133802036636588628e-02
1.242016059829265107e-02
1.360832689053043110e-02
1.491546411822564089e-02
1.635636638065224302e-02
1.794796470128762200e-02
1.970966117495154268e-02
2.166371822715079665e-02
2.383571495122027706e-02
2.625508845713403483e-02
2.895578926592412561e-02
3.197710069207221339e-02
3.536471173089500430e-02
3.917220805107757275e-02
4.346328862382992098e-02
4.831528940915186254e-02
5.382512617635504260e-02
6.011981207067418342e-02
6.737578530619142692e-02
7.585539407800012679e-02
8.597614111861084929e-02
9.843215383201070479e-02
1.142893413850957773e-01
1.336417505313557408e-01
1.365904241610124137e-01
-3.383017989789982582e-02
-2.604408011608982942e-02
-3.340489521400619166e-02
-3.889847003492702404e-02
-4.068781016363087755e-02
-4.020557532014479296e-02
-3.846916589455773305e-02
-3.607831309363826455e-02
-3.338608029552245227e-02
-3.060339146261292775e-02
-2.785648395474277228e-02
-2.521934037743076007e-02
-2.273291638487948130e-02
-2.041707080293347909e-02
-1.827822514823626565e-02
-1.631438894029996201e-02
-1.451849144197786545e-02
-1.288059290391599387e-02
-1.138934156352511273e-02
-1.003291875272327438e-02
-8.799636133483612621e-03
-7.678297481730489427e-03
-6.658402503000926398e-03
-5.730246113353404391e-03
-4.884949922449477455e-03
-4.114451028287335888e-03
-3.411465139173147643e-03
-2.769435419833071732e-03
-2.182474575554982366e-03
-1.645305020735093882e-03
-1.153200159593442686e-03
-7.019285788376350421e-04
-2.877021332951812393e-04
9.287163134441556167e-05
4.428326184536257593e-04
7.649069955456000436e-04
1.061541921713121672e-03
1.334936490693272582e-03
1.587069220844311568e-03
1.819722427084086158e-03
2.034503798696435384e-03
2.232865487329482868e-03
2.416120985531289289e-03
2.585460050398558085e-03
2.741961901381761990e-03
2.886606896788046495e-03
3.020286870264177193e-03
3.143814287890095427e-03
3.257930367235761793e-03
3.363312282856051327e-03
3.460579567411109503e-03
3.550299804325696140e-03
3.632993695983660620e-03
3.709139581153653165e-03
3.779177466206512515e-03
3.843512626769185481e-03
3.902518829312612292e-03
3.956541216561110241e-03
4.005898894636872321e-03
4.050887255779955787e-03
4.091780066147437944e-03
4.128831344723166152e-03
4.162277056289104271e-03
4.192336638684346362e-03
4.219214382205474512e-03
