4.178395023149539256e-03
4.211533142158607745e-03
4.241785587218993570e-03
4.268933937875862838e-03
4.292745689171706402e-03
4.312973250344631637e-03
4.329352860743984621e-03
4.341603415038974845e-03
4.349425188946653975e-03
4.352498455728381899e-03
4.350481982636322797e-03
4.343011395279150477e-03
4.329697396499243567e-03
4.310123824850631280e-03
4.283845536005470578e-03
4.250386088492374981e-03
4.209235212975892537e-03
4.159846041758452628e-03
4.101632072430527742e-03
4.033963836359566457e-03
3.956165239099584952e-03
3.867509535705693224e-03
3.767214899232707026e-03
3.654439535405007433e-03
3.528276290321930020e-03
3.387746691176030112e-03
3.231794352017258731e-03
3.059277667468274231e-03
2.868961707021000507e-03
2.659509210468868901e-03
2.429470571460479178e-03
2.177272680309982889e-03
1.901206479126171800e-03
1.599413061414978188e-03
1.269868124191608771e-03
9.103645528585335711e-04
5.184928869166327559e-04
9.161937749402326858e-05
-3.731386953831350439e-04
-8.789408274962884349e-04
-1.429254656435396953e-03
-2.027891394775105383e-03
-2.679045913273059298e-03
-3.387342145978911034e-03
-4.157884591696081600e-03
-4.996316804632305875e-03
-5.908887902665305170e-03
-6.902528277160202563e-03
-7.984935864936315575e-03
-9.164674542979089900e-03
-1.045128643019399561e-02
-1.185542012805629319e-02
-1.338897720091924981e-02
-1.506527948140345963e-02
-1.689926007655773166e-02
-1.890768122806063545e-02
-2.110938241574522589e-02
-2.352556224243307348e-02
-2.618009763034312432e-02
-2.909990359162484275e-02
-3.231533615677240068e-02
-3.586063973628839108e-02
-3.977443794360024931e-02
-4.410026328893024150e-02
-4.888711557430358567e-02
-5.419003049123372051e-02
-6.007062782664485123e-02
-6.659759156111344502e-02
-7.384701054065634374e-02
-8.190247681926710044e-02
-9.085479799789575317e-02
-1.008011296481435837e-01
-1.118432758912383251e-01
-1.240848455060175048e-01
-1.376268976396752830e-01
-1.525616808387741941e-01
-1.689640788577919661e-01
-1.868804284333124288e-01
-2.063144005500462397e-01
-2.272093303976374101e-01
-2.494245855085587826e-01
-2.726955921844458897e-01
-2.965294386829273598e-01
-3.197516743051586618e-01
-3.367284851083648944e-01
-1.610140177321344734e-01
4.098749719415223369e-01
3.902819223419309314e-01
3.608727403001295020e-01
3.315062945510254822e-01
3.034005660892513667e-01
2.769449446250640823e-01
2.523083555639777376e-01
2.295510668100343710e-01
2.086626783548438668e-01
1.895837795362178557e-01
1.722219861854518974e-01
1.564645954110953918e-01
1.421884198380250763e-01
1.292671239382614801e-01
1.175764205385695094e-01
1.069975244043544771e-01
9.741925431453254958e-02
8.873913410475531283e-02
8.086378474935990157e-02
7.370883789356597049e-02
6.719854475950259864e-02
6.126520681764285881e-02
5.584851686599368037e-02
5.089487043873996974e-02
4.635668634920220299e-02
4.219176009745295719e-02
3.836266340497818117e-02
3.483619607452104194e-02
3.158289176020090405e-02
2.857657634544785719e-02
2.579397592776461190e-02
2.321437051207242419e-02
2.081928914261016450e-02
1.859224216577720634e-02
1.651848648121079233e-02
1.458481991730742333e-02
1.277940120210613317e-02
1.109159235336193428e-02
9.511820659900305230e-03
8.031457755842574819e-03
6.642713593487448165e-03
5.338543395750017240e-03
4.112565915095012237e-03
2.958991543313471695e-03
1.872559008063934272e-03
8.484795587855309407e-04
-1.176123095145698016e-04
-1.029702420053957290e-03
-1.891435481493286552e-03
-2.706149279886438386e-03
-3.476905034695998431e-03
-4.206514387632864782e-03
-4.897563431886187146e-03
-5.552434136593675795e-03
-6.173323475812453331e-03
-6.762260531713804035e-03
-7.321121807690400551e-03
-7.851644957474923636e-03
-8.355441110658223813e-03
-8.834005952900403358e-03
-9.288729699688191843e-03
-9.720906085756264581e-03
-1.013174047763454322e-02
-1.052235720405925168e-02
