-2.547410098247077093e-03
-2.591342627287634981e-03
-2.634802816849496354e-03
-2.677733349517874561e-03
-2.720073020179042400e-03
-2.761756427046180296e-03
-2.802713631332054423e-03
-2.842869781731371948e-03
-2.882144699283245570e-03
-2.920452417585289728e-03
-2.957700672573643219e-03
-2.993790335230062105e-03
-3.028614779578359117e-03
-3.062059177152604006e-03
-3.093999707749400807e-03
-3.124302674681334047e-03
-3.152823510811919583e-03
-3.179405659454320743e-03
-3.203879311534874041e-03
-3.226059977285616887e-03
-3.245746867007653913e-03
-3.262721050952932522e-03
-3.276743363081618954e-03
-3.287552007025851264e-03
-3.294859814934131270e-03
-3.298351100592927798e-03
-3.297678037024603936e-03
-3.292456475189775578e-03
-3.282261103888767240e-03
-3.266619830842254490e-03
-3.245007240252367753e-03
-3.216836951947882328e-03
-3.181452670016099438e-03
-3.138117662914774453e-03
-3.086002360362577468e-03
-3.024169681846489155e-03
-2.951557624200268348e-03
-2.866958526813373487e-03
-2.768994297239646407e-03
-2.656086710725813482e-03
-2.526421685861507394e-03
-2.377906175436483860e-03
-2.208115984842967672e-03
-2.014232426546108679e-03
-1.792965224858944495e-03
-1.540458488232310241e-03
-1.252175861013532510e-03
-9.227601630394932641e-04
-5.458619655250296354e-04
-1.139307397262367960e-04
3.820383294091678206e-04
9.528086237151345284e-04
1.611262601311058695e-03
2.372819190273461887e-03
3.255899043797638726e-03
4.282409961556266076e-03
5.478191329887999172e-03
6.873300228222911645e-03
8.501933863363911326e-03
1.040165787138537523e-02
1.261145839097524424e-02
1.516800886080742206e-02
1.809956773475152048e-02
2.141732636507422127e-02
2.510506407123930250e-02
2.910966173195184137e-02
3.333671259284069766e-02
3.765562296509193663e-02
4.191575372133556077e-02
4.596989411971436068e-02
4.969707313827118056e-02
5.301693931008071015e-02
5.589257091467635108e-02
5.832391687821138204e-02
6.033671979672582814e-02
6.197130887282225470e-02
6.327371216855297298e-02
6.428973161816117776e-02
6.506159110118839295e-02
6.562642374570804016e-02
6.601590400917783930e-02
6.625650550177691889e-02
6.637004625046577511e-02
6.637432247827779186e-02
6.628372506058620439e-02
6.610978933888786435e-02
6.586166065390589019e-02
6.554647421861342638e-02
-6.516965522970720459e-02
-6.473514743889864642e-02
-6.424557813317571808e-02
-6.370236591320764530e-02
-6.310577548896231792e-02
-6.245492125136657691e-02
-6.174771876107251062e-02
-6.098078058317724093e-02
-6.014925018680127022e-02
-5.924656518589521692e-02
-5.826413967838860175e-02
-5.719095629409544357e-02
-5.601306474885658915e-02
-5.471300092238650520e-02
-5.326917903924070774e-02
-5.165538660516779540e-02
-4.984065217671830583e-02
-4.778998567918295998e-02
-4.546680784858361107e-02
-4.283818355631715397e-02
-3.988390892164479090e-02
-3.660939973100688083e-02
-3.305951766020875926e-02
-2.932655389982106314e-02
-2.554396495017486127e-02
-2.186270676522800854e-02
-1.841823922382620007e-02
-1.530378235139065110e-02
-1.256092630391620127e-02
-1.018690662243884257e-02
-8.150006645791175314e-03
-6.404757580029004499e-03
-4.902847469866366409e-03
-3.599311981035753505e-03
-2.455215450197570370e-03
-1.438232991104942265e-03
-5.221881198113828559e-04
3.138141758820198191e-04
1.086323980568418279e-03
1.808402363513782196e-03
2.490345090521532689e-03
3.140269688678185012e-03
3.764580794504436209e-03
4.368334417225684316e-03
4.955521351525889184e-03
5.529287277764322744e-03
6.092103863680064721e-03
6.645902173867745261e-03
7.192177153245167542e-03
7.732069911466387009e-03
8.266432942962378960e-03
8.795882193607159477e-03
9.320838952834253899e-03
9.841563842777898904e-03
1.035818464024244184e-02
1.087071926097014744e-02
1.137909492721020377e-02
1.188316430439056298e-02
1.238271921321545260e-02
1.287750238578562120e-02
1.336721762847752071e-02
1.385153867278059343e-02
