5.529788986384088015e-03
5.520331146975717904e-03
5.491955988710923650e-03
5.444658578314320700e-03
5.378430651356889448e-03
5.293260549164067671e-03
5.189133131007002409e-03
5.066029663064107631e-03
4.923927684570152119e-03
4.762800853411241174e-03
4.582618772841108058e-03
4.383346802236686574e-03
4.164945855297889563e-03
3.927372190539690951e-03
3.670577199354657302e-03
3.394507199653473608e-03
3.099103244295651604e-03
2.784300956377568255e-03
2.450030407085257607e-03
2.096216055594347406e-03
1.722776776280528655e-03
1.329626005369133508e-03
9.166720479765894927e-04
4.838185982412705494e-04
3.096553990279249624e-05
-4.419898859302164485e-04
-9.351514339951481469e-04
-1.448621584482816292e-03
-1.982498461444977787e-03
-2.536871695541055745e-03
-3.111816911593949520e-03
-3.707388421006240983e-03
-4.323609564643613075e-03
-4.960459970496652188e-03
-5.617858743890109981e-03
-6.295642271331354685e-03
-1.160347403017614534e-02
-1.081888098107947581e-02
-1.005814072884641565e-02
-9.321141868184964693e-03
-8.607715565143107816e-03
-7.917653923366720081e-03
-7.250723898473019659e-03
-6.606677801192967041e-03
-5.985261181477026515e-03
-5.386218698902987476e-03
-4.809298443645794625e-03
-4.254255065250933318e-03
-3.720851984828374079e-03
-3.208862903955902145e-03
-2.718072775675343163e-03
-2.248278366019887398e-03
-1.799288506059487950e-03
-1.370924112231783690e-03
-9.630180356751882279e-04
-5.754147878154957860e-04
-2.079701789542481242e-04
1.394491014346536852e-04
4.669659404070476021e-04
7.746932761745460323e-04
1.062734578149465009e-03
1.331184322217277395e-03
1.580128453659266925e-03
1.809644831251842109e-03
2.019803648619904017e-03
2.210667829145041615e-03
2.382293392073123704e-03
2.534729788220202538e-03
2.668020203613744468e-03
2.782201830659547862e-03
2.877306105861470245e-03
2.953358914050639543e-03
3.010380758652763007e-03
3.048386897909277898e-03
3.067387447204031597e-03
3.067387447204434486e-03
3.048386897911704342e-03
3.010380758643022535e-03
2.953358914053630640e-03
2.877306105856918331e-03
2.782201830650033337e-03
2.668020203620684230e-03
2.534729788221496641e-03
2.382293392078648799e-03
2.210667829134641080e-03
2.019803648621988721e-03
1.809644831270566063e-03
1.580128453667762299e-03
1.331184322235254335e-03
1.062734578135842442e-03
7.746932761708130158e-04
4.669659404086059801e-04
1.394491014276703932e-04
-2.079701789555549131e-04
-5.754147878169772398e-04
-9.630180356780123577e-04
-1.370924112228828588e-03
-1.799288506059603526e-03
-2.248278366021430434e-03
-2.718072775673951481e-03
-3.208862903956089495e-03
-3.720851984825850490e-03
-4.254255065251226486e-03
-4.809298443646192744e-03
-5.386218698902371649e-03
-5.985261181478384804e-03
-6.606677801194117162e-03
-7.250723898474325906e-03
-7.917653923366794674e-03
-8.607715565140778083e-03
-9.321141868183018334e-03
-1.005814072884825099e-02
-1.081888098107911846e-02
-1.160347403017650443e-02
-6.295642271331582801e-03
-5.617858743889765638e-03
-4.960459970496780557e-03
-4.323609564643330315e-03
-3.707388421007655650e-03
-3.111816911596429740e-03
-2.536871695538478379e-03
-1.982498461444256142e-03
-1.448621584481835523e-03
-9.351514339946962514e-04
-4.419898859311997656e-04
3.096553990184255895e-05
4.838185982433090664e-04
9.166720479777936076e-04
1.329626005369813737e-03
1.722776776281802159e-03
2.096216055589700082e-03
2.450030407085953665e-03
2.784300956377157125e-03
3.099103244296195873e-03
3.394507199653555574e-03
3.670577199353779099e-03
3.927372190542633909e-03
4.164945855305334996e-03
4.383346802225069130e-03
4.582618772849359270e-03
4.762800853406252109e-03
4.923927684566252461e-03
5.066029663053576125e-03
5.189133131025636808e-03
5.293260549156192894e-03
5.378430651370632795e-03
5.444658578303753632e-03
5.491955988687323605e-03
5.520331146991805729e-03
5.529788986354555215e-03
