1.478906389669492338e-01
1.478871850132331967e-01
1.478768281481492863e-01
1.478595832951843381e-01
1.478354751094507480e-01
1.478045376456625093e-01
1.477668138810710186e-01
1.477223550806152086e-01
1.476712199870048037e-01
1.476134738133201840e-01
1.475491870096119762e-01
1.474784337677478852e-01
1.474012902199599850e-01
1.473178322758762482e-01
1.472281330296204560e-01
1.471322596523265414e-01
1.470302696650953311e-01
1.469222064621699408e-01
1.468080939223168069e-01
1.466879299065586839e-01
1.465616783901569353e-01
1.464292599134623396e-01
1.462905399565537501e-01
1.461453147424850996e-01
1.459932938488353038e-01
1.458340788522784759e-01
1.456671370417826350e-01
1.454917690107318529e-01
1.453070686808847767e-01
1.451118740383827710e-01
1.449047066170314757e-01
1.446836976396409513e-01
1.444464989097041518e-01
1.441901773844992962e-01
1.439110944953196081e-01
1.436047758228262972e-01
1.432657855204485520e-01
1.428876356981420848e-01
1.424627874995069710e-01
1.419828411427844495e-01
1.414390655583942780e-01
1.408234688331021500e-01
1.393772214667719500e-01
1.396136055082778105e-01
1.398479837882891097e-01
1.400797167900805218e-01
1.403082480582183156e-01
1.405330859766929230e-01
1.407537889836316114e-01
1.409699537592978003e-01
1.411812059342921755e-01
1.413871929022044727e-01
1.415875783706130320e-01
1.417820383371082016e-01
1.419702582273725533e-01
1.421519309776817508e-01
1.423267558832571889e-01
1.424944380665667254e-01
1.426546884463744114e-01
1.428072241096976780e-01
1.429517690056244239e-01
1.430880548930085205e-01
1.432158224839363836e-01
1.433348227324529600e-01
1.434448182236576497e-01
1.435455846225691667e-01
1.436369121455221276e-01
1.437186070195253240e-01
1.437904928974103602e-01
1.438524121988483118e-01
1.439042273496172197e-01
1.439458218940225520e-01
1.439771014581193997e-01
1.439979945444663512e-01
1.440084531425276093e-01
1.440084531425276093e-01
1.439979945444661014e-01
1.439771014581192887e-01
1.439458218940231349e-01
1.439042273496169144e-01
1.438524121988485338e-01
1.437904928974106933e-01
1.437186070195248244e-01
1.436369121455216002e-01
1.435455846225694165e-01
1.434448182236579272e-01
1.433348227324530988e-01
1.432158224839354399e-01
1.430880548930086038e-01
1.429517690056247570e-01
1.428072241096975115e-01
1.426546884463748277e-01
1.424944380665656152e-01
1.423267558832565782e-01
1.421519309776814455e-01
1.419702582273721092e-01
1.417820383371085069e-01
1.415875783706123936e-01
1.413871929022040008e-01
1.411812059342924808e-01
1.409699537592973839e-01
1.407537889836321943e-01
1.405330859766930340e-01
1.403082480582178160e-01
1.400797167900800222e-01
1.398479837882893040e-01
1.396136055082784211e-01
1.393772214667711729e-01
1.408234688331025386e-01
1.414390655583945555e-01
1.419828411427853931e-01
1.424627874995066934e-01
1.428876356981426399e-01
1.432657855204486907e-01
1.436047758228256588e-01
1.439110944953197468e-01
1.441901773845002399e-01
1.444464989097039576e-01
1.446836976396410346e-01
1.449047066170317810e-01
1.451118740383821326e-01
1.453070686808852763e-01
1.454917690107309647e-01
1.456671370417831624e-01
1.458340788522791698e-01
1.459932938488345266e-01
1.461453147424849885e-01
1.462905399565533615e-01
1.464292599134620343e-01
1.465616783901574904e-01
1.466879299065582953e-01
1.468080939223166959e-01
1.469222064621703294e-01
1.470302696650961360e-01
1.471322596523263748e-01
1.472281330296205948e-01
1.473178322758762204e-01
1.474012902199593467e-01
1.474784337677480794e-01
1.475491870096110325e-01
1.476134738133206559e-01
1.476712199870049147e-01
1.477223550806154861e-01
1.477668138810706855e-01
1.478045376456627036e-01
1.478354751094514696e-01
1.478595832951844768e-01
1.478768281481491476e-01
1.478871850132335020e-01
1.478906389669498445e-01
