2.612490510464526849e-03
2.658143717327504651e-03
2.705131150044837174e-03
2.753518757220269064e-03
2.803377944902485375e-03
2.854786228330796760e-03
2.907827977899596350e-03
2.962595273416274155e-03
3.019188882320722467e-03
3.077719378757420854e-03
3.138308421070046261e-03
3.201090204574846831e-03
3.266213103468279533e-03
3.333841508542267906e-03
3.404157853106798415e-03
3.477364793301823687e-03
3.553687462776039530e-03
3.633375642232705705e-03
3.716705549480892046e-03
3.803980728590894422e-03
3.895531135745367024e-03
3.991708880812988580e-03
4.092878013011863603e-03
4.199393943792789630e-03
4.311565093645663982e-03
4.429584340991749025e-03
4.553409613511694154e-03
4.682559783354411920e-03
4.815772148306363132e-03
4.950441624967799603e-03
5.081739804029011820e-03
5.201338320439896634e-03
5.295876470472082875e-03
5.346107982585251994e-03
5.330067474433930474e-03
5.241195623695515948e-03
5.169481659554497899e-03
5.691885085165437896e-03
6.986806889206331750e-03
7.517391538356621439e-03
7.699920080159711189e-03
7.701187319955504762e-03
7.564920608435526939e-03
7.324279424878177291e-03
7.007167211503517734e-03
6.634064492791524881e-03
6.218231886046726720e-03
5.767205930950425330e-03
5.284392293492118364e-03
4.770324089551108981e-03
-4.223558700497731522e-03
-3.641322121609946727e-03
-3.020035678373667043e-03
-2.355855015914648520e-03
-1.645338122288675375e-03
-8.863296066028980569e-04
-7.907712453539272879e-05
7.725437526022449486e-04
1.660020698699027353e-03
2.569909839694239917e-03
3.484724786358028847e-03
4.385108709487217649e-03
5.252779359634363043e-03
6.073282531679963236e-03
6.837659704588244791e-03
7.542688402760233668e-03
8.189972252986704726e-03
8.784468794085426024e-03
9.332996121428072112e-03
9.843033157556774215e-03
1.032190710647262755e-02
1.077632700415451228e-02
1.121217149746855934e-02
1.163443878618472538e-02
1.204728693772882941e-02
1.245411602461415912e-02
1.285766253645218016e-02
1.326008977880283046e-02
1.366306631652081105e-02
1.406782933774688993e-02
1.447523234395001190e-02
1.488577771474761113e-02
1.529963504658404805e-02
1.571664608436731947e-02
1.613631676462784492e-02
1.655779648304331331e-02
1.697984424963469574e-02
1.740078093545441296e-02
1.781842637013006381e-02
1.823001965075046749e-02
1.863212072003461728e-02
1.902049115374490618e-02
1.938995231309703637e-02
1.973421980982908996e-02
2.004571497656143508e-02
2.031535729452416117e-02
2.053234729471617448e-02
2.068395834566996716e-02
2.075536914458231408e-02
2.072958763659263348e-02
2.058754157569461785e-02
2.030843875153381939e-02
1.987052422877860769e-02
1.925236877438282757e-02
1.843478934010547854e-02
1.740340113390040355e-02
1.615161172359877439e-02
1.468360518066631759e-02
1.301660643860434730e-02
1.118160820739641514e-02
9.221939171396867363e-03
7.189594664083295839e-03
5.139968045204418301e-03
3.126172544693495148e-03
1.194234722270065552e-03
-6.199595776053556939e-04
-2.291731192468990375e-03
-3.807012403127599254e-03
-5.160701527033545455e-03
-6.354583635666669061e-03
-7.395275384981456201e-03
-8.292454066659515899e-03
-9.057468824967898624e-03
-9.702329152576183446e-03
-1.023901523670306402e-02
-1.067903922006536999e-02
-1.103318993051177754e-02
-1.131140505618670467e-02
-1.152272781435847993e-02
-1.167531693358639378e-02
-1.177648823280005863e-02
-1.183277319371756064e-02
-1.184998503161693861e-02
-1.183328631732487313e-02
-1.178725460039953266e-02
-1.171594406312288783e-02
-1.162294224945596699e-02
-1.151142154532835971e-02
-1.138418546529110231e-02
-1.124371001409417425e-02
-1.109218050006492706e-02
-1.093152422011064995e-02
-1.076343943991023289e-02
-1.058942107430745072e-02
-1.041078344280692292e-02
-1.022868044005328936e-02
-1.004412342521039669e-02
-9.857997099584264733e-03
-9.671073609769126334e-03
-9.484025084641869996e-03
