-1.003928562838353328e-01
-1.003988935219818635e-01
-1.004168753520199020e-01
-1.004464124804336778e-01
-1.004868573732475984e-01
-1.005373064978889036e-01
-1.005966040639945935e-01
-1.006633478275655996e-01
-1.007358976291295172e-01
-1.008123874001622539e-01
-1.008907413826243132e-01
-1.009686952552152073e-01
-1.010438227393771343e-01
-1.011135680646595009e-01
-1.011752844078557811e-01
-1.012262780911566823e-01
-1.012638579462062510e-01
-1.012853888459874091e-01
-1.012883480047629542e-01
-1.012703822819956689e-01
-1.012293644366758505e-01
-1.011634460979872058e-01
-1.010711051760584955e-01
-9.032554629691962045e-02
-9.089406858442834747e-02
-9.148181228493007522e-02
-9.208651093770564566e-02
-9.270550807762005519e-02
-9.333575255671033855e-02
-9.397380589215734159e-02
-9.461586364283466888e-02
-9.525779241804409325e-02
-9.589518350133859059e-02
-9.652342323173153382e-02
-9.713777925398782431e-02
-9.773350058959009989e-02
-9.830592828227388558e-02
-9.885061225286366493e-02
-9.936342908699193066e-02
-9.984069490198571595e-02
-1.002792672976267896e-01
-1.006766307493121987e-01
-1.010309606541591604e-01
-1.013411625306077229e-01
-1.016068844817636235e-01
-1.018285028006938736e-01
-1.020070823401829502e-01
-1.021443148150873170e-01
-1.022424394083923244e-01
-1.023041508188012039e-01
-1.023325001833168962e-01
-1.023307941562032891e-01
-1.023024968960363629e-01
-1.022511389076414395e-01
-1.021802357202856310e-01
-1.020932183690415468e-01
-1.019933766775427686e-01
-1.018838154879145863e-01
-1.017674232911960075e-01
-1.016468521971144318e-01
-1.015245078432082254e-01
-1.014025476624245276e-01
-1.012828858784360631e-01
-1.011672036487823723e-01
-1.010569628970001965e-01
-1.009534225392108714e-01
-1.008576559952852059e-01
-1.007705690623595246e-01
-1.006929174068022376e-01
-1.006253230914478519e-01
-1.005682896940510856e-01
-1.005222156886631524e-01
-1.004874058548472365e-01
-1.004640805519250030e-01
-1.004523827500970745e-01
-1.004523827500985456e-01
-1.004640805519233099e-01
-1.004874058548482496e-01
-1.005222156886666079e-01
-1.005682896940510024e-01
-1.006253230914510161e-01
-1.006929174068048466e-01
-1.007705690623602462e-01
-1.008576559952868712e-01
-1.009534225392120094e-01
-1.010569628970015288e-01
-1.011672036487835796e-01
-1.012828858784399905e-01
-1.014025476624229871e-01
-1.015245078432107650e-01
-1.016468521971132799e-01
-1.017674232911931487e-01
-1.018838154879133095e-01
-1.019933766775437678e-01
-1.020932183690443640e-01
-1.021802357202849648e-01
-1.022511389076410093e-01
-1.023024968960380421e-01
-1.023307941562034418e-01
-1.023325001833166881e-01
-1.023041508188009957e-01
-1.022424394083942256e-01
-1.021443148150883440e-01
-1.020070823401826587e-01
-1.018285028006938875e-01
-1.016068844817640954e-01
-1.013411625306072511e-01
-1.010309606541604371e-01
-1.006766307493128648e-01
-1.002792672976265259e-01
-9.984069490198468899e-02
-9.936342908699107024e-02
-9.885061225286459474e-02
-9.830592828227451008e-02
-9.773350058958973907e-02
-9.713777925398844881e-02
-9.652342323173238037e-02
-9.589518350133800773e-02
-9.525779241804559205e-02
-9.461586364283466888e-02
-9.397380589215727220e-02
-9.333575255670904791e-02
-9.270550807762104051e-02
-9.208651093770685303e-02
-9.148181228492902051e-02
-9.089406858443059567e-02
-9.032554629691683101e-02
-1.010711051760632556e-01
-1.011634460979874695e-01
-1.012293644366718676e-01
-1.012703822819970012e-01
-1.012883480047628987e-01
-1.012853888459878116e-01
-1.012638579462051408e-01
-1.012262780911549892e-01
-1.011752844078549068e-01
-1.011135680646577106e-01
-1.010438227393773841e-01
-1.009686952552144718e-01
-1.008907413826247296e-01
-1.008123874001624065e-01
-1.007358976291282404e-01
-1.006633478275654053e-01
-1.005966040639960785e-01
-1.005373064978850456e-01
-1.004868573732448783e-01
-1.004464124804334418e-01
-1.004168753520209428e-01
-1.003988935219834733e-01
-1.003928562838369287e-01
