-8.833769777784439281e-03
-8.981500353864413366e-03
-9.130359863986498015e-03
-9.280270543499696823e-03
-9.431146828543429672e-03
-9.582894798024294003e-03
-9.735411577715208375e-03
-9.888584703798330988e-03
-1.004229144305088250e-02
-1.019639806657879344e-02
-1.035075907384047644e-02
-1.050521636336157472e-02
-1.065959834632493330e-02
-1.081371899884900345e-02
-1.096737684844106830e-02
-1.112035388972176797e-02
-1.127241442406393124e-02
-1.142330381732589717e-02
-1.157274716929582170e-02
-1.172044788786841263e-02
-1.186608616027273744e-02
-1.200931731289175963e-02
-1.214977005033676671e-02
-1.228704456342921691e-02
-1.242071049458290388e-02
-1.255030474778720539e-02
-1.267532912886232266e-02
-1.279524779997676109e-02
-1.290948453038809340e-02
-1.301741972313477658e-02
-1.311838719480709625e-02
-1.321167068250175824e-02
-1.329650004872784397e-02
-1.337204715105405617e-02
-1.343742133897155022e-02
-1.349166453539327182e-02
-1.353374585470765168e-02
-1.356255570311568071e-02
-1.357689930026254044e-02
-1.357548955407006375e-02
-1.355693921312231542e-02
-1.351975221370418923e-02
-1.346231413167101043e-02
-1.338288164395698421e-02
-1.327957090155745812e-02
-1.315034471727283272e-02
-1.299299847949458853e-02
-1.280514472173482909e-02
-1.258419631088320001e-02
-1.232734827233172847e-02
-1.203155835580502209e-02
-1.169352657454500455e-02
-1.130967413750944006e-02
-1.087612246089414425e-02
-1.038867331620609014e-02
-9.842791679314025211e-03
-9.233593523699609729e-03
-8.555841690022741863e-03
-7.803954097920090538e-03
-6.972029965752982172e-03
-6.053901358900867780e-03
-5.043219224969794356e-03
-3.933584920452246059e-03
-2.718739754309668077e-03
-1.392825714618434185e-03
4.927052628188322014e-05
1.611482128107813439e-03
3.296034937298450429e-03
5.102841821488138252e-03
7.028850778471013028e-03
9.067403119071115736e-03
1.120768348522084568e-02
1.343436399769330769e-02
1.572755155694080531e-02
1.806313111697459284e-02
2.041355325146229638e-02
2.274904445116077145e-02
2.503913697543315442e-02
2.725434379976408861e-02
2.936776616783245974e-02
3.135643034075220881e-02
3.320220438977286581e-02
3.489222810575001721e-02
3.641887456413180763e-02
3.777932861062740372e-02
3.897490363830351245e-02
4.001022325211369551e-02
4.089237675841607411e-02
4.163012790792753465e-02
4.223322474150201927e-02
4.271183113970761919e-02
-4.307608060657777682e-02
-4.333574013278052028e-02
-4.349996543084544420e-02
-4.357712666212120584e-02
-4.357468432400996017e-02
-4.349909694411497468e-02
-4.335574477289935724e-02
-4.314885630620002993e-02
-4.288142705841066493e-02
-4.255512268029403022e-02
-4.217016167187441489e-02
-4.172517727330470050e-02
-4.121706465659549790e-02
-4.064082967849509676e-02
-3.998947081953937999e-02
-3.925394791760425384e-02
-3.842331986464584542e-02
-3.748516475607732712e-02
-3.642641885860906786e-02
-3.523476289903616776e-02
-3.390061246265594491e-02
-3.241960178086005645e-02
-3.079518695123322977e-02
-2.904071021409628320e-02
-2.718012599060970133e-02
-2.524677793782490604e-02
-2.328018275349197364e-02
-2.132150551076957695e-02
-1.940890667968981492e-02
-1.757391468253957645e-02
-1.583948091677619963e-02
-1.421973210046533452e-02
-1.272097396844642549e-02
-1.134334707690652991e-02
-1.008262205841415141e-02
-8.931809159269698747e-03
-7.882436664274003468e-03
-6.925477029290154699e-03
-6.051965199104481462e-03
-5.253376928621243842e-03
-4.521834293941176704e-03
-3.850194509596374139e-03
-3.232064576074535501e-03
-2.661771923076048599e-03
-2.134311382244153711e-03
-1.645281589716654806e-03
-1.190818871969523450e-03
-7.675332864985192835e-04
-3.724492998023450161e-04
-2.952215750743410368e-06
3.432593564466320316e-04
6.682151756195117698e-04
9.737096113213061961e-04
1.261332993458201979e-03
1.532498635039264423e-03
1.788466076802719407e-03
2.030361061264377744e-03
2.259192692201475103e-03
2.475868181417828669e-03
