-1.135680744431422258e-02
-1.138405424575569640e-02
-1.146571993680295040e-02
-1.160157907983890881e-02
-1.179125162065771705e-02
-1.203419640604674705e-02
-1.232970212209569261e-02
-1.267687567658564406e-02
-1.307462806943469023e-02
-1.352165782677349631e-02
-1.401643211958315122e-02
-1.455716574991197318e-02
-1.514179826942284486e-02
-1.576796959925427441e-02
-1.643299464894405412e-02
-1.713383758725603792e-02
-1.786708659862085852e-02
-1.862893016351130707e-02
-1.941513612416492091e-02
-2.022103502929626165e-02
-2.104150947875740515e-02
-2.187099139218005167e-02
-2.270346927851370211e-02
-2.353250765540947087e-02
-2.435128072309373365e-02
-2.515262219965356053e-02
-2.592909283942019041e-02
-2.667306655661952006e-02
-2.737683525208370675e-02
-2.803273140194819171e-02
-2.863326625454542737e-02
-2.917128016721985684e-02
-2.964010030401168644e-02
-3.003369973905261475e-02
-3.034685111363867940e-02
-3.057526751638117712e-02
-3.071572330682907984e-02
-3.076614824482480290e-02
-3.072568951529736428e-02
-3.059473797149693530e-02
-3.037491701034889663e-02
-3.006903474166426615e-02
-2.968100229587147462e-02
-2.921572301928488866e-02
-2.867895875861039418e-02
-2.807718032765416788e-02
-2.741740954229186789e-02
-2.670705993990402441e-02
-2.595378255982393884e-02
-2.516532208160749892e-02
-2.434938734401958030e-02
-2.351353893760812011e-02
-2.266509529568742215e-02
-2.181105758859724561e-02
-2.095805280821347316e-02
-2.011229373593194369e-02
-1.927955401523780143e-02
-1.846515627830203066e-02
-1.767397117312027172e-02
-1.691042516668295886e-02
-1.617851512425208527e-02
-1.548182785152688555e-02
-1.482356300772624640e-02
-1.420655803084910039e-02
-1.363331394560631134e-02
-1.310602113849784929e-02
-1.262658437632324139e-02
-1.219664651084802036e-02
-1.181761045227750113e-02
-1.149065910867908512e-02
-1.121677307938459892e-02
-1.099674596023966777e-02
-1.083119717053323237e-02
-1.072058224819794764e-02
-1.066520058447988258e-02
-1.066520058448189659e-02
-1.072058224819887225e-02
-1.083119717053444321e-02
-1.099674596024106075e-02
-1.121677307938637527e-02
-1.149065910867911114e-02
-1.181761045227727909e-02
-1.219664651084811056e-02
-1.262658437632178596e-02
-1.310602113849521945e-02
-1.363331394560508315e-02
-1.420655803085090971e-02
-1.482356300772758387e-02
-1.548182785152620033e-02
-1.617851512425135321e-02
-1.691042516668136639e-02
-1.767397117312070887e-02
-1.846515627830202719e-02
-1.927955401523705550e-02
-2.011229373593206166e-02
-2.095805280821396235e-02
-2.181105758859720398e-02
-2.266509529568811257e-02
-2.351353893760790501e-02
-2.434938734402053440e-02
-2.516532208160793954e-02
-2.595378255982240187e-02
-2.670705993990309460e-02
-2.741740954229063276e-02
-2.807718032765720018e-02
-2.867895875860827781e-02
-2.921572301928463192e-02
-2.968100229587436814e-02
-3.006903474166324267e-02
-3.037491701034887581e-02
-3.059473797149705326e-02
-3.072568951529544914e-02
-3.076614824482550720e-02
-3.071572330682918392e-02
-3.057526751638153448e-02
-3.034685111364026494e-02
-3.003369973905365906e-02
-2.964010030401065948e-02
-2.917128016721808395e-02
-2.863326625454612126e-02
-2.803273140194953439e-02
-2.737683525208214549e-02
-2.667306655662175785e-02
-2.592909283942101267e-02
-2.515262219965389706e-02
-2.435128072309189831e-02
-2.353250765541067130e-02
-2.270346927851507601e-02
-2.187099139218213334e-02
-2.104150947875733577e-02
-2.022103502929504387e-02
-1.941513612416529214e-02
-1.862893016350948908e-02
-1.786708659861859297e-02
-1.713383758725509770e-02
-1.643299464894336370e-02
-1.576796959925435074e-02
-1.514179826942323691e-02
-1.455716574991071897e-02
-1.401643211958475063e-02
-1.352165782677341825e-02
-1.307462806943317062e-02
-1.267687567658216767e-02
-1.232970212209690518e-02
-1.203419640604775145e-02
-1.179125162065842135e-02
-1.160157907983859829e-02
-1.146571993680214202e-02
-1.138405424575219746e-02
-1.135680744431067854e-02
