-1.273258613167784110e-02
-1.274315848795746185e-02
-1.277486911821249307e-02
-1.282769857181314394e-02
-1.290161397909199946e-02
-1.299656836523886520e-02
-1.311249967319797101e-02
-1.324932947887924248e-02
-1.340696137705679400e-02
-1.358527901110312061e-02
-1.378414371449960402e-02
-1.400339172684746114e-02
-1.424283094120357314e-02
-1.450223713495745609e-02
-1.478134963054120350e-02
-1.507986632797604816e-02
-1.539743804728629234e-02
-1.573366211579963966e-02
-1.608807513477743256e-02
-1.646014486120503731e-02
-1.684926114601080840e-02
-1.725472588035732724e-02
-1.767574191801536340e-02
-1.811140096740194647e-02
-1.856067048263840627e-02
-1.902237963213423977e-02
-1.949520448897579944e-02
-1.997765267206682085e-02
-2.046804777359721370e-02
-2.096451403965974083e-02
-2.146496192805494307e-02
-2.196707534624191618e-02
-2.246830157647228959e-02
-2.296584510550974886e-02
-2.345666678855916343e-02
-2.393748996253020067e-02
-2.679720445291558506e-02
-2.629662277223175637e-02
-2.578321044884265140e-02
-2.526032295061949803e-02
-2.473109830546701277e-02
-2.419844423983728149e-02
-2.366503336965091256e-02
-2.313330479184750460e-02
-2.260547056392985324e-02
-2.208352574323214218e-02
-2.156926085752262218e-02
-2.106427587997391701e-02
-2.056999496872045224e-02
-2.008768139954606943e-02
-1.961845226353943136e-02
-1.916329262357852753e-02
-1.872306892120422644e-02
-1.829854150298848223e-02
-1.789037619630933981e-02
-1.749915490943885349e-02
-1.712538526400191746e-02
-1.676950929112629510e-02
-1.643191123812857285e-02
-1.611292454201956187e-02
-1.581283803129247476e-02
-1.553190141906918460e-02
-1.527033014988722973e-02
-1.502830966037874312e-02
-1.480599911019426541e-02
-1.460353463583279054e-02
-1.442103217517421224e-02
-1.425858990603982857e-02
-1.411629033728013273e-02
-1.399420208647763481e-02
-1.389238137376978474e-02
-1.381087325700436352e-02
-1.374971262970142022e-02
-1.370892499892222699e-02
-1.368852705698305437e-02
-1.368852705698121903e-02
-1.370892499892054604e-02
-1.374971262969914079e-02
-1.381087325700536272e-02
-1.389238137376603600e-02
-1.399420208647511599e-02
-1.411629033727725135e-02
-1.425858990603878947e-02
-1.442103217517809455e-02
-1.460353463583202900e-02
-1.480599911019440940e-02
-1.502830966037935201e-02
-1.527033014988885863e-02
-1.553190141906929736e-02
-1.581283803129375151e-02
-1.611292454201704652e-02
-1.643191123812863530e-02
-1.676950929112731858e-02
-1.712538526400247604e-02
-1.749915490943972085e-02
-1.789037619631202516e-02
-1.829854150298675444e-02
-1.872306892119531344e-02
-1.916329262357421848e-02
-1.961845226353374147e-02
-2.008768139957070251e-02
-2.056999496870634894e-02
-2.106427587992950809e-02
-2.156926085752301769e-02
-2.208352574322428388e-02
-2.260547056390962983e-02
-2.313330479187060765e-02
-2.366503336966425258e-02
-2.419844423980980347e-02
-2.473109830546130206e-02
-2.526032295062969127e-02
-2.578321044884067381e-02
-2.629662277222297867e-02
-2.679720445290416017e-02
-2.393748996253883612e-02
-2.345666678853914819e-02
-2.296584510550076647e-02
-2.246830157653302920e-02
-2.196707534623939737e-02
-2.146496192803151390e-02
-2.096451403963737331e-02
-2.046804777356042715e-02
-1.997765267205094120e-02
-1.949520448898740127e-02
-1.902237963214566813e-02
-1.856067048262899713e-02
-1.811140096740741084e-02
-1.767574191799729799e-02
-1.725472588035090182e-02
-1.684926114602088021e-02
-1.646014486120728204e-02
-1.608807513478586332e-02
-1.573366211579920945e-02
-1.539743804728259044e-02
-1.507986632797722083e-02
-1.478134963054113585e-02
-1.450223713495689057e-02
-1.424283094119814345e-02
-1.400339172684868239e-02
-1.378414371450943469e-02
-1.358527901110155589e-02
-1.340696137705752085e-02
-1.324932947888567830e-02
-1.311249967320284905e-02
-1.299656836524051666e-02
-1.290161397908996116e-02
-1.282769857180830926e-02
-1.277486911821672927e-02
-1.274315848796373635e-02
-1.273258613168178413e-02
