-3.688841121835743225e-02
-3.689104480826209398e-02
-3.689904568206804625e-02
-3.691271607454061493e-02
-3.693256615466106868e-02
-3.695932381721292459e-02
-3.699394863582665394e-02
-3.703765020908196537e-02
-3.709191117424733009e-02
-3.715851518149976968e-02
-3.723958010009050662e-02
-3.733759664350989882e-02
-3.745547242038418934e-02
-3.759658109197714509e-02
-3.776481577615233010e-02
-3.796464498265172960e-02
-3.820116806157048545e-02
-3.848016521642921850e-02
-3.880813434778026400e-02
-3.919230308012910252e-02
-3.964059899241330343e-02
-4.016155407395229082e-02
-4.076411069952018407e-02
-4.145728632894933596e-02
-4.224964391216724097e-02
-4.314850732671932781e-02
-4.415886108931278003e-02
-4.528188913049073505e-02
-4.651314990727656307e-02
-4.784046752782965262e-02
-4.924175051339355763e-02
-5.068312755392547636e-02
-5.211798123319034276e-02
-5.348759271118506270e-02
-5.472406959440311025e-02
-5.575589951441453640e-02
-5.651581351641250112e-02
-5.694978562781608661e-02
-5.702526490215523158e-02
-5.673654203213316510e-02
-5.610573652850398690e-02
-5.517911161006516102e-02
-5.401977511666172099e-02
-5.269871956671709490e-02
-5.128627674500246814e-02
-4.984550894854486436e-02
-4.842820278262645328e-02
-4.707335856896009696e-02
-4.580759623356480542e-02
-4.464674872906285868e-02
-4.359799023755314001e-02
-4.266202630478158758e-02
-4.183506411427874438e-02
-4.111043489197987316e-02
-4.047984332697866089e-02
-3.993427660707621341e-02
-3.946463081293229841e-02
-3.906211746990608663e-02
-3.871850756970026536e-02
-3.842626058739544159e-02
-3.817857550747098816e-02
-3.796939138840423056e-02
-3.779335719640922880e-02
-3.764578459323929260e-02
-3.752259287064201032e-02
-3.742025199413637204e-02
-3.733572746127437891e-02
-3.726642914319282934e-02
-3.721016526181043088e-02
-3.716510200491049409e-02
-3.712972888438970803e-02
-3.710282971785508477e-02
-3.708345900320782901e-02
-3.707092342064442769e-02
-3.706476820934023753e-02
-3.706476820933959915e-02
-3.707092342064288032e-02
-3.708345900320519223e-02
-3.710282971785736766e-02
-3.712972888439168562e-02
-3.716510200490988347e-02
-3.721016526181076395e-02
-3.726642914319359956e-02
-3.733572746127417769e-02
-3.742025199413667041e-02
-3.752259287064230869e-02
-3.764578459324068732e-02
-3.779335719640804225e-02
-3.796939138840280115e-02
-3.817857550746975998e-02
-3.842626058739611467e-02
-3.871850756970062618e-02
-3.906211746990646133e-02
-3.946463081293122288e-02
-3.993427660707511012e-02
-4.047984332697831394e-02
-4.111043489197854089e-02
-4.183506411427923011e-02
-4.266202630478153207e-02
-4.359799023755395880e-02
-4.464674872906490566e-02
-4.580759623356776139e-02
-4.707335856896015941e-02
-4.842820278262573164e-02
-4.984550894854451741e-02
-5.128627674500348815e-02
-5.269871956671556834e-02
-5.401977511666042342e-02
-5.517911161006718024e-02
-5.610573652850239790e-02
-5.673654203213437941e-02
-5.702526490215351768e-02
-5.694978562781940340e-02
-5.651581351641012801e-02
-5.575589951441288494e-02
-5.472406959440453966e-02
-5.348759271118711661e-02
-5.211798123318969050e-02
-5.068312755392456737e-02
-4.924175051339375192e-02
-4.784046752782821627e-02
-4.651314990727814513e-02
-4.528188913049242814e-02
-4.415886108931085102e-02
-4.314850732671943190e-02
-4.224964391216658871e-02
-4.145728632895129273e-02
-4.076411069952071142e-02
-4.016155407395233246e-02
-3.964059899241160340e-02
-3.919230308012879027e-02
-3.880813434778168647e-02
-3.848016521642971810e-02
-3.820116806156940298e-02
-3.796464498265200715e-02
-3.776481577615455748e-02
-3.759658109197765163e-02
-3.745547242038383545e-02
-3.733759664351107843e-02
-3.723958010008931313e-02
-3.715851518149920069e-02
-3.709191117424732315e-02
-3.703765020908456052e-02
-3.699394863582528697e-02
-3.695932381721581811e-02
-3.693256615466056214e-02
-3.691271607453811693e-02
-3.689904568206747726e-02
-3.689104480826273236e-02
-3.688841121835942372e-02
