4.536447049123010222e-03
4.572933657489050563e-03
4.609261018121271758e-03
4.645403028707348336e-03
4.681331963324347756e-03
4.717018353397675612e-03
4.752430857031475497e-03
4.787536115340315646e-03
4.822298594149551643e-03
4.856680409254424124e-03
4.890641133142928365e-03
4.924137580785678536e-03
4.957123571739940893e-03
4.989549665405990098e-03
5.021362865767931005e-03
5.052506291431488328e-03
5.082918806036090809e-03
5.112534603398471988e-03
5.141282740779698490e-03
5.169086612582265983e-03
5.195863355502275405e-03
5.221523174588044158e-03
5.245968577853282744e-03
5.269093504868607725e-03
5.290782332140281374e-03
5.310908734923236452e-03
5.329334381295527945e-03
5.345907429744334305e-03
5.360460795920257704e-03
5.372810147479353815e-03
5.382751577654693032e-03
5.390058898180408176e-03
5.394480479850527477e-03
5.395735553859748457e-03
5.393509868532653240e-03
5.387450573044433311e-03
5.377160171501971231e-03
5.362189355710478278e-03
5.342028481663721462e-03
5.316097401239144871e-03
5.283733294391759761e-03
5.244176065579073120e-03
5.196550768196347980e-03
5.139846399136616117e-03
5.072890259428697313e-03
4.994316904806256341e-03
4.902530513414729563e-03
4.795659285215289613e-03
4.671500279651186194e-03
4.527452939048118297e-03
4.360439520740208574e-03
4.166810928165870509e-03
3.942237268643816739e-03
3.681584348321331746e-03
3.378781026093721773e-03
3.026689119355038815e-03
2.616999195380664833e-03
2.140194462304512157e-03
1.585653505581305356e-03
9.420015038784090855e-04
1.978635923773064409e-04
-6.567958040894772420e-04
-1.628590925146417012e-03
-2.717889087050145980e-03
-3.915598081600579761e-03
-5.200464895698198031e-03
-6.538265813254492964e-03
-7.884191496010273248e-03
-9.188683135882572128e-03
-1.040525553079055254e-02
-1.149760710119680784e-02
-1.244362529408339635e-02
-1.323554378475551296e-02
-1.387721205148957637e-02
-1.438016111686057918e-02
-1.475986861614204948e-02
-1.503293494948756970e-02
-1.521529449539736623e-02
-1.532127652001462337e-02
-1.536324682081677273e-02
-1.535159374053911285e-02
-1.529488994092513543e-02
-1.520012452003902115e-02
-1.507294635974945618e-02
-1.491788932058678296e-02
-1.473856727187680682e-02
-1.453783625359653109e-02
-1.431792555082272989e-02
1.408054125139698853e-02
1.382694624342112322e-02
1.355802032950227665e-02
1.327430359228311263e-02
1.297602555300689242e-02
1.266312213480993987e-02
1.233524204625331688e-02
1.199174400742111790e-02
1.163168635172261156e-02
1.125381112302560604e-02
1.085652614413706862e-02
1.043789114849399957e-02
9.995618718882090525e-03
9.527108610529341770e-03
9.029546525247747479e-03
8.500116880650887552e-03
7.936403153477544770e-03
7.337072644261755094e-03
6.702944484155745619e-03
6.038474042827202126e-03
5.353479157718693537e-03
4.664527432322373990e-03
3.994909492506790172e-03
3.372010675286973846e-03
2.821845702926664701e-03
2.362513976832431029e-03
1.999784699690337897e-03
1.727071991460049638e-03
1.529253554913970192e-03
1.387786634686208331e-03
1.284810664118007928e-03
1.205374312631138367e-03
1.138077374130914976e-03
1.074795070328607438e-03
1.010041852860410483e-03
9.402971429592829611e-04
8.634310035171774422e-04
7.782638248942583270e-04
6.842484459155667720e-04
5.812490937792194612e-04
4.693914450097161351e-04
3.489627561540642464e-04
2.203463320149603999e-04
8.397914258692629197e-05
-5.967514231986631446e-05
-2.101429501161142244e-04
-3.669509599667983291e-04
-5.296319665693549616e-04
-6.977280139965416628e-04
-8.707918310563583786e-04
-1.048387246498486136e-03
-1.230089027227557197e-03
-1.415482426143428729e-03
-1.604162622049938591e-03
-1.795734164779322350e-03
-1.989810492561923383e-03
-2.186013558172494875e-03
-2.383973580122572544e-03
-2.583328921994219873e-03
-2.783726094448546462e-03
-2.984819869036259288e-03
-3.186273489745143628e-03
