-8.401415955150198789e-02
-8.402534377515065434e-02
-8.405892400832883082e-02
-8.411498244577467198e-02
-8.419365442526172139e-02
-8.429512589988323590e-02
-8.441962980466440059e-02
-8.456744122404988295e-02
-8.473887124206508359e-02
-8.493425933431414387e-02
-8.515396414133821756e-02
-8.539835244797626401e-02
-8.566778618497918052e-02
-8.596260726982610234e-02
-8.628312011639203971e-02
-8.662957167152839089e-02
-8.700212888462953431e-02
-8.740085358822044515e-02
-8.782567486804347678e-02
-8.827635913355277864e-02
-8.875247826754054103e-02
-8.925337643713661395e-02
-8.977813638645455729e-02
-1.009511855497162713e-01
-1.008029271412400618e-01
-1.006259849082934837e-01
-1.004204358226303967e-01
-1.001867735226678741e-01
-9.992589097177165258e-02
-9.963905207312577506e-02
-9.932785373477133473e-02
-9.899418030339857122e-02
-9.864015256484720551e-02
-9.826807363030960751e-02
-9.788037399359822421e-02
-9.747955787351204882e-02
-9.706815267448923312e-02
-9.664866304216682136e-02
-9.622353059409832765e-02
-9.579510000361468602e-02
-9.536559173523738442e-02
-9.493708139494161369e-02
-9.451148538230691454e-02
-9.409055232079965858e-02
-9.367585959766830395e-02
-9.326881426175062662e-02
-9.287065749779499502e-02
-9.248247190998226674e-02
-9.210519089449875629e-02
-9.173960945118408983e-02
-9.138639586810119730e-02
-9.104610380287048166e-02
-9.071918437425534332e-02
-9.040599796262593912e-02
-9.010682549520182549e-02
-8.982187905967760344e-02
-8.955131174717263776e-02
-8.929522667232286937e-02
-8.905368515542613772e-02
-8.882671407961822974e-02
-8.861431245626387454e-02
-8.841645724541957740e-02
-8.823310848631857328e-02
-8.806421379669207572e-02
-8.790971230021636662e-02
-8.776953803950859889e-02
-8.764362292849041391e-02
-8.753189929322961749e-02
-8.743430204519582472e-02
-8.735077052529316433e-02
-8.728125005165740524e-02
-8.722569319891847195e-02
-8.718406083177068777e-02
-8.715632291106537033e-02
-8.714245908656186035e-02
-8.714245908656316486e-02
-8.715632291106437113e-02
-8.718406083177132615e-02
-8.722569319892059525e-02
-8.728125005165712769e-02
-8.735077052529520436e-02
-8.743430204519780924e-02
-8.753189929323036689e-02
-8.764362292849134373e-02
-8.776953803950919564e-02
-8.790971230021708827e-02
-8.806421379669292226e-02
-8.823310848632096026e-02
-8.841645724541828677e-02
-8.861431245626562314e-02
-8.882671407961761911e-02
-8.905368515542425034e-02
-8.929522667232225874e-02
-8.955131174717319287e-02
-8.982187905967926878e-02
-9.010682549520122875e-02
-9.040599796262571708e-02
-9.071918437425605108e-02
-9.104610380287078697e-02
-9.138639586810130833e-02
-9.173960945118406207e-02
-9.210519089450000529e-02
-9.248247190998293288e-02
-9.287065749779510604e-02
-9.326881426175080703e-02
-9.367585959766905335e-02
-9.409055232079933939e-02
-9.451148538230837171e-02
-9.493708139494273779e-02
-9.536559173523709299e-02
-9.579510000361367295e-02
-9.622353059409748111e-02
-9.664866304216805648e-02
-9.706815267448955231e-02
-9.747955787351146595e-02
-9.788037399359841850e-02
-9.826807363031057896e-02
-9.864015256484677530e-02
-9.899418030340015329e-02
-9.932785373477155677e-02
-9.963905207312588608e-02
-9.992589097177041746e-02
-1.001867735226691924e-01
-1.004204358226323118e-01
-1.006259849082926511e-01
-1.008029271412424072e-01
-1.009511855497141619e-01
-8.977813638645916472e-02
-8.925337643713705804e-02
-8.875247826753671077e-02
-8.827635913355409703e-02
-8.782567486804385148e-02
-8.740085358822086148e-02
-8.700212888462856287e-02
-8.662957167152744720e-02
-8.628312011639135970e-02
-8.596260726982475620e-02
-8.566778618497923603e-02
-8.539835244797591707e-02
-8.515396414133881431e-02
-8.493425933431436592e-02
-8.473887124206405663e-02
-8.456744122404957764e-02
-8.441962980466556632e-02
-8.429512589988071014e-02
-8.419365442526031973e-02
-8.411498244577410299e-02
-8.405892400832963574e-02
-8.402534377515186170e-02
-8.401415955150325077e-02
