-6.250149539980174272e-03
-6.288032796745790694e-03
-6.401716571504633552e-03
-6.591303278459685611e-03
-6.856964951233490528e-03
-7.198945282029202072e-03
-7.617562523711384620e-03
-8.113213298924268346e-03
-8.686377366344361431e-03
-9.337623393652873943e-03
-1.006761577170047807e-02
-1.087712246726533181e-02
-1.176702383415234587e-02
-1.273832215668994731e-02
-1.379215143747680727e-02
-1.492978648009269868e-02
-1.615264951568467361e-02
-1.746231123146893549e-02
-1.886048064942418695e-02
-2.034897410548725666e-02
-2.192964623017258294e-02
-2.360425286763903965e-02
-2.537419286147934647e-02
-2.724003459750900386e-02
-2.920066001624677110e-02
-3.125172956995009993e-02
-3.338294983931128918e-02
-3.557327070759856019e-02
-3.778266390796733432e-02
-3.993882220101446778e-02
-4.191812165287309849e-02
-4.352554006707311934e-02
-4.449207105667925960e-02
-4.452513765616283176e-02
-4.343117498089082984e-02
-3.096646163940831170e-02
-3.332564216858949907e-02
-3.556421192080513882e-02
-3.766702618300681038e-02
-3.963896281924918913e-02
-2.389481478624842434e-02
-2.054580704621959339e-02
-1.737757434406269133e-02
-1.438623072786542924e-02
-1.156191311429784208e-02
-8.893153588941816318e-03
-6.368816761064863274e-03
-3.978846257022575390e-03
-1.714460067384049411e-03
4.318915102526346889e-04
2.466656886016720292e-03
4.395335779398457446e-03
6.222624887556765447e-03
7.952546252959102890e-03
9.588556122811590574e-03
1.113363549402001697e-02
1.259036472798422818e-02
1.396098482070478111e-02
1.524744771051213775e-02
1.645145766711668053e-02
1.757450545276366405e-02
1.861789662582378352e-02
1.958277508570675091e-02
2.047014273510431442e-02
2.128087595563911069e-02
2.201573944977995231e-02
2.267539788836646364e-02
2.326042571281586313e-02
2.377131536952683741e-02
2.420848419711641233e-02
2.457228014160869889e-02
2.486298643765778860e-02
2.508082536409013408e-02
2.522596115734824715e-02
2.529850214513835668e-02
2.529850214513465131e-02
2.522596115734617242e-02
2.508082536409248636e-02
2.486298643764943764e-02
2.457228014161331325e-02
2.420848419711358820e-02
2.377131536953000154e-02
2.326042571281943319e-02
2.267539788837501930e-02
2.201573944977651062e-02
2.128087595563392387e-02
2.047014273509565468e-02
1.958277508569482989e-02
1.861789662582822094e-02
1.757450545276526693e-02
1.645145766712423005e-02
1.524744771051528974e-02
1.396098482071296554e-02
1.259036472798933173e-02
1.113363549402933243e-02
9.588556122817639554e-03
7.952546252963682560e-03
6.222624887547409216e-03
4.395335779388454163e-03
2.466656886021372386e-03
4.318915102688502877e-04
-1.714460067396270104e-03
-3.978846257024588537e-03
-6.368816761070397910e-03
-8.893153588935324982e-03
-1.156191311429543948e-02
-1.438623072786772948e-02
-1.737757434406028700e-02
-2.054580704621692192e-02
-2.389481478623001892e-02
-3.963896281924923770e-02
-3.766702618301155658e-02
-3.556421192080554822e-02
-3.332564216860508383e-02
-3.096646163941167013e-02
-4.343117498088808204e-02
-4.452513765616419872e-02
-4.449207105668241680e-02
-4.352554006706903234e-02
-4.191812165287468750e-02
-3.993882220101228897e-02
-3.778266390794756541e-02
-3.557327070760266108e-02
-3.338294983930271270e-02
-3.125172956995713597e-02
-2.920066001623509294e-02
-2.724003459751014183e-02
-2.537419286147647376e-02
-2.360425286763849495e-02
-2.192964623016994269e-02
-2.034897410549816460e-02
-1.886048064942701108e-02
-1.746231123147362618e-02
-1.615264951566862048e-02
-1.492978648007677045e-02
-1.379215143746784222e-02
-1.273832215670865804e-02
-1.176702383416184522e-02
-1.087712246726096725e-02
-1.006761577170474029e-02
-9.337623393649166839e-03
-8.686377366344916542e-03
-8.113213298910116472e-03
-7.617562523717146504e-03
-7.198945282030281070e-03
-6.856964951240463249e-03
-6.591303278463341540e-03
-6.401716571503534604e-03
-6.288032796747505468e-03
-6.250149539982033028e-03
