-1.735459934342298838e-01
-1.735642005799689913e-01
-1.736193812230086564e-01
-1.737132085875514043e-01
-1.738484601442943367e-01
-1.740290123847604287e-01
-1.742598557853848595e-01
-1.745471502957211263e-01
-1.748983454863531628e-01
-1.753223929300511130e-01
-1.758300823015992720e-01
-1.764345381051481976e-01
-1.771519219301407044e-01
-1.780023965495664828e-01
-1.790114232348126166e-01
-1.802114811242065684e-01
-1.816443127925701506e-01
-1.833638015747457439e-01
-1.854395467911682527e-01
-1.879610652627746736e-01
-1.910421951035924659e-01
-1.948244909964177152e-01
-1.994768044004026353e-01
-2.051853175942899010e-01
-2.121236906737113959e-01
-2.203877001007547576e-01
-2.298782115231821910e-01
-2.401347020000613453e-01
-2.501791241603794624e-01
-2.585211623435499373e-01
-2.635043710720417764e-01
-2.639729049411474460e-01
-2.598613454155427327e-01
-2.522203644816645718e-01
-2.426597457706826666e-01
-3.334696251341598972e-01
-3.133883382014984731e-01
-2.891409808370334900e-01
-2.662635036842119773e-01
-2.472777670361511748e-01
-1.973146771212594963e-01
-1.933442764479197107e-01
-1.900647432198180053e-01
-1.873378548019022649e-01
-1.850509630800505623e-01
-1.831144985587084550e-01
-1.814581558495078351e-01
-1.800270765558011909e-01
-1.787785261268403092e-01
-1.776791823206996523e-01
-1.767029963418203509e-01
-1.758295359070903563e-01
-1.750427132248063566e-01
-1.743298119248896105e-01
-1.736807426942402199e-01
-1.730874725542528025e-01
-1.725435855971193255e-01
-1.720439432722447592e-01
-1.715844202455767964e-01
-1.711616978660554234e-01
-1.707731017817693264e-01
-1.704164736112588341e-01
-1.700900690764365342e-01
-1.697924768611745461e-01
-1.695225538389659448e-01
-1.692793733362465691e-01
-1.690621838580829428e-01
-1.688703762671319442e-01
-1.687034578274751451e-01
-1.685610318407699260e-01
-1.684427818428886059e-01
-1.683484595178560417e-01
-1.682778756391629660e-01
-1.682308934801622358e-01
-1.682074242537423547e-01
-1.682074242537412168e-01
-1.682308934801628464e-01
-1.682778756391615782e-01
-1.683484595178555143e-01
-1.684427818428894108e-01
-1.685610318407646246e-01
-1.687034578274765606e-01
-1.688703762671325270e-01
-1.690621838580838310e-01
-1.692793733362462916e-01
-1.695225538389629472e-01
-1.697924768611711877e-01
-1.700900690764320655e-01
-1.704164736112597778e-01
-1.707731017817760433e-01
-1.711616978660540911e-01
-1.715844202455754086e-01
-1.720439432722425388e-01
-1.725435855971219345e-01
-1.730874725542495551e-01
-1.736807426942401367e-01
-1.743298119248882505e-01
-1.750427132248013884e-01
-1.758295359070830843e-01
-1.767029963418204064e-01
-1.776791823206909093e-01
-1.787785261268373671e-01
-1.800270765558013852e-01
-1.814581558495067526e-01
-1.831144985587069562e-01
-1.850509630800470373e-01
-1.873378548018970746e-01
-1.900647432198288023e-01
-1.933442764479299802e-01
-1.973146771213227235e-01
-2.472777670361956948e-01
-2.662635036842024294e-01
-2.891409808370405399e-01
-3.133883382015026364e-01
-3.334696251340923956e-01
-2.426597457524095336e-01
-2.522203644816904955e-01
-2.598613454155225821e-01
-2.639729049411623230e-01
-2.635043710720524346e-01
-2.585211623435606509e-01
-2.501791241603822935e-01
-2.401347020000620947e-01
-2.298782115231823575e-01
-2.203877001007460978e-01
-2.121236906736899963e-01
-2.051853175942928986e-01
-1.994768044003991103e-01
-1.948244909964201577e-01
-1.910421951035923827e-01
-1.879610652627778933e-01
-1.854395467911680584e-01
-1.833638015747497130e-01
-1.816443127925704004e-01
-1.802114811242085946e-01
-1.790114232348188616e-01
-1.780023965495534655e-01
-1.771519219301356807e-01
-1.764345381051466433e-01
-1.758300823016017977e-01
-1.753223929300525563e-01
-1.748983454863564935e-01
-1.745471502957212928e-01
-1.742598557854009855e-01
-1.740290123847597903e-01
-1.738484601442941979e-01
-1.737132085875466581e-01
-1.736193812230052147e-01
-1.735642005799723497e-01
-1.735459934342299115e-01
