-1.866936256490974166e-01
-1.867971702784208821e-01
-1.871077740026068914e-01
-1.876253468479081310e-01
-1.883497405909782263e-01
-1.892807513817068854e-01
-1.904181234610468065e-01
-1.917615540150744424e-01
-1.933106992111849332e-01
-1.950651814593072353e-01
-1.970245979261861236e-01
-1.991885302960959281e-01
-2.015565557078958792e-01
-2.041282586857580961e-01
-2.069032436956818322e-01
-2.098811476549160560e-01
-2.130616512319102873e-01
-2.164444869884999123e-01
-2.200294411587414845e-01
-2.238163438474613520e-01
-2.278050392058713070e-01
-2.319953219536989020e-01
-2.363868182516562499e-01
-2.409787754054047715e-01
-2.457697030200258204e-01
-2.507567729823759750e-01
-2.559348293505889216e-01
-2.612947710179365224e-01
-2.668209369360293182e-01
-2.724869374963249657e-01
-2.782491554525138300e-01
-2.178729399411825363e-01
-2.139124233421515475e-01
-2.104365381315419781e-01
-2.075578605269334243e-01
-2.053819246795232090e-01
-2.039969237742852159e-01
-2.034635409367069325e-01
-2.038070309768253152e-01
-2.050134818666595748e-01
-2.070312681859928228e-01
-2.097773677004697856e-01
-2.131469964379782700e-01
-2.170244069535743059e-01
-2.212928318470095135e-01
-2.258422256990389454e-01
-2.674421246967642607e-01
-2.613397344562236602e-01
-2.554162173418407789e-01
-2.496950806780757204e-01
-2.441891044960502188e-01
-2.389047082433896352e-01
-2.338446422996746932e-01
-2.290096179803904064e-01
-2.243992799941486316e-01
-2.200127769189433036e-01
-2.158490879970078047e-01
-2.119072032319562482e-01
-2.081862158837002319e-01
-2.046853632783961485e-01
-2.014040377218090649e-01
-1.983417807022973822e-01
-1.954982683266880683e-01
-1.928732927320481183e-01
-1.904667422653790743e-01
-1.882785820306019653e-01
-1.863088356814422974e-01
-1.845575689027767197e-01
-1.830248747660855324e-01
-1.817108609965381039e-01
-1.806156391095700420e-01
-1.797393153354940043e-01
-1.790819832378064136e-01
-1.786437179328677072e-01
-1.784245718304110218e-01
-1.784245718303802686e-01
-1.786437179328640157e-01
-1.790819832378096610e-01
-1.797393153355065776e-01
-1.806156391095741498e-01
-1.817108609965348565e-01
-1.830248747660867259e-01
-1.845575689027803279e-01
-1.863088356814377733e-01
-1.882785820305989399e-01
-1.904667422653812670e-01
-1.928732927320532531e-01
-1.954982683266942300e-01
-1.983417807023203083e-01
-2.014040377218119238e-01
-2.046853632784070010e-01
-2.081862158837009258e-01
-2.119072032319770371e-01
-2.158490879970303977e-01
-2.200127769188975346e-01
-2.243992799941575689e-01
-2.290096179803887688e-01
-2.338446422996595386e-01
-2.389047082433803648e-01
-2.441891044960259605e-01
-2.496950806780720844e-01
-2.554162173418320081e-01
-2.613397344562064517e-01
-2.674421246967699228e-01
-2.258422256990482713e-01
-2.212928318470115674e-01
-2.170244069535805231e-01
-2.131469964379664739e-01
-2.097773677004654558e-01
-2.070312681859839965e-01
-2.050134818662451008e-01
-2.038070309768212074e-01
-2.034635409366992720e-01
-2.039969237742710884e-01
-2.053819246795289544e-01
-2.075578605269198240e-01
-2.104365381315423111e-01
-2.139124233421525745e-01
-2.178729399411912515e-01
-2.782491554524344490e-01
-2.724869374963437285e-01
-2.668209369360400318e-01
-2.612947710179360228e-01
-2.559348293506336081e-01
-2.507567729823819147e-01
-2.457697030200363952e-01
-2.409787754053400177e-01
-2.363868182516956351e-01
-2.319953219537118361e-01
-2.278050392058812990e-01
-2.238163438474682077e-01
-2.200294411587466192e-01
-2.164444869885553124e-01
-2.130616512319284395e-01
-2.098811476549158339e-01
-2.069032436956914911e-01
-2.041282586857678383e-01
-2.015565557078904668e-01
-1.991885302961039217e-01
-1.970245979261598390e-01
-1.950651814593045985e-01
-1.933106992111830458e-01
-1.917615540150758024e-01
-1.904181234610397289e-01
-1.892807513817130194e-01
-1.883497405909835276e-01
-1.876253468478986941e-01
-1.871077740026059200e-01
-1.867971702784364252e-01
-1.866936256490970281e-01
