-1.970496485221434613e-05
-2.024398163011364993e-05
-2.080499600390361969e-05
-2.138920460672405488e-05
-2.199788560159482431e-05
-2.263240537026672827e-05
-2.329422584501639193e-05
-2.398491255473783612e-05
-2.470614346486432744e-05
-2.545971870165225637e-05
-2.624757126200305546e-05
-2.707177882386307965e-05
-2.793457678709060366e-05
-2.883837269218592070e-05
-2.978576218413270249e-05
-3.077954671161509115e-05
-3.182275317857585772e-05
-3.291865579548025611e-05
-3.407080041350346589e-05
-3.528303166575735839e-05
-3.655952328787681616e-05
-3.790481204624801537e-05
-3.932383576710912765e-05
-4.082197603657439222e-05
-4.240510623113036281e-05
-4.407964564377697680e-05
-4.585262059508127264e-05
-4.773173356606430495e-05
-4.972544156316843766e-05
-5.184304513346921217e-05
-5.409478969442549356e-05
-5.649198113708703284e-05
-5.904711801527073867e-05
-6.177404305687111963e-05
-6.468811724559542231e-05
-6.780642033961392645e-05
-7.114798244415437845e-05
-7.473405216872064383e-05
-7.858840801524408226e-05
-8.273772101146520397e-05
-8.721197828702453858e-05
-9.204497936771832700e-05
-9.727491954149986020e-05
-1.029450778571236458e-04
-1.091046313279886437e-04
-1.158096219483831235e-04
-1.231241094795873514e-04
-1.311215510080149249e-04
-1.398864585153217210e-04
-1.495163987977402020e-04
-1.601244169052926103e-04
-1.718419860234146612e-04
-1.848226149747875247e-04
-1.992462814235165802e-04
-2.153249073367155542e-04
-2.333091572937137648e-04
-2.534969253306651460e-04
-2.762439897804960798e-04
-3.019774686286863519e-04
-3.312129151327378174e-04
-3.645761758574311839e-04
-4.028315207362104244e-04
-4.469180901062533295e-04
-4.979974488512478592e-04
-5.575160835582307350e-04
-6.272881598635218769e-04
-7.096059789444900123e-04
-8.073886556934084524e-04
-9.243841122661342058e-04
-1.065446451568315134e-03
-1.236921845485475235e-03
-1.447194666884824010e-03
-1.707479144474298438e-03
-2.033007471829557933e-03
-2.444904396099185917e-03
-2.973353314890840593e-03
3.663407808616465922e-03
4.586642021544594383e-03
5.866460656068148150e-03
7.736721858885402259e-03
1.068088218180309606e-02
1.565173886838155254e-02
2.057329094862227897e-02
7.723781298975287979e-03
-1.422629108129035147e-03
-4.087407741206472434e-03
-4.248581343100493735e-03
3.653311519533707086e-03
2.932460793738326382e-03
2.288041597092716622e-03
1.765206570195760466e-03
1.357241079338759870e-03
1.043921889726382585e-03
8.045175702925261296e-04
6.215300195536732630e-04
4.812191907495461107e-04
3.731312685987114852e-04
2.894214481606802170e-04
2.242309299593410465e-04
1.731836277532490531e-04
1.330013652275918723e-04
1.012172214277101689e-04
7.596456354461850191e-05
5.582250221149859248e-05
3.970271600938629630e-05
2.676638212264353944e-05
1.636296730361461171e-05
7.984906235608199565e-06
1.233859677150436762e-06
-4.204552396238833700e-06
-8.579784461339515222e-06
-1.209078997019621959e-05
-1.489701828350474544e-05
-1.712684786879178911e-05
-1.888409069176338884e-05
-2.025303704987317654e-05
-2.130238960525165925e-05
-2.208834729102750194e-05
-2.265703502510318934e-05
-2.304642732452004406e-05
-2.328787836442490489e-05
-2.340734446721996764e-05
-2.342636505863089635e-05
-2.336285306329434486e-05
-2.323173427855491913e-05
-2.304546654202828393e-05
-2.281446282093035904e-05
-2.254743719909933775e-05
-2.225168875036320770e-05
-2.193333518670480264e-05
-2.159750574882643437e-05
-2.124850090805610603e-05
-2.088992495352832990e-05
-2.052479635642964761e-05
-2.015563986491365756e-05
-1.978456353571647619e-05
-1.941332331094856867e-05
-1.904337726886182192e-05
-1.867593129128292118e-05
-1.831197757854244323e-05
-1.795232718991741916e-05
-1.759763758213059304e-05
-1.724843595099501137e-05
-1.690513904427891345e-05
-1.656807000151652720e-05
-1.623747268428808732e-05
-1.591352388420966268e-05
-1.559634373307638988e-05
-1.528600458747426949e-05
-1.498253861686137112e-05
