-1.967153544015776134e-04
-1.792022729245612567e-04
-1.617077391975474399e-04
-1.442384828502785155e-04
-1.268015757627249940e-04
-1.094044506977365216e-04
-9.205492114894298084e-05
-7.476120250027307179e-05
-5.753193459745453708e-05
-4.037620583896561754e-05
-2.330357890922840625e-05
-6.324118280387480695e-06
1.055158037410741656e-05
2.731235869690706863e-05
4.394646193173201709e-05
6.044150278938786869e-05
7.678442269032359491e-05
9.296145016968182517e-05
1.089580562001479791e-04
1.247589061668108457e-04
1.403478082078191136e-04
1.557076576015337110e-04
1.708203768457927652e-04
1.856668510529235760e-04
2.002268582284028042e-04
2.144789939730884498e-04
2.284005900854424453e-04
2.419676265048575914e-04
2.551546359579326406e-04
2.679346006138061398e-04
2.802788399816069642e-04
2.921568891816050950e-04
3.035363666583634767e-04
3.143828302538675956e-04
3.246596204851126544e-04
3.343276897012081861e-04
3.433454156598347851e-04
3.516683978856960380e-04
3.592492349742126834e-04
3.660372807972045450e-04
3.719783772990759019e-04
3.770145612935760226e-04
3.810837423559032544e-04
3.841193485196736646e-04
3.860499360683888881e-04
3.867987592385269124e-04
3.862832950807248977e-04
3.844147180900314709e-04
3.810973184921184753e-04
3.762278572110311359e-04
3.696948495741647633e-04
3.613777686712893455e-04
3.511461579734920235e-04
3.388586412809146964e-04
3.243618162946937389e-04
3.074890160208454404e-04
2.880589197684635394e-04
2.658739926597597503e-04
2.407187291784129712e-04
2.123576723354059226e-04
1.805331753006456097e-04
1.449628668104274709e-04
1.053367749834777101e-04
6.131405630660502482e-05
1.251926706591355298e-05
-4.146189688558621356e-05
-1.010874797922056700e-04
-1.668648694268526356e-04
-2.393572486805162214e-04
-3.191910441202594484e-04
-4.070645501477176964e-04
-5.037579439857164942e-04
-6.101449517452728344e-04
-7.272064815337930810e-04
-8.560466087204066099e-04
-9.979113847558007677e-04
-1.154211049079201246e-03
-1.326546359864178015e-03
-1.516739931727073554e-03
-1.726873687989183281e-03
-1.959333815827024594e-03
-2.216864974026844237e-03
-2.502635970945688015e-03
-2.820319739878840437e-03
-3.174191238396684156e-03
-3.569247953701504272e-03
-4.011359099368227987e-03
-4.507451468634293690e-03
-5.065742446688448197e-03
-5.696034136480232490e-03
-6.410087288293730978e-03
-7.222100275327658636e-03
-8.149327502655845379e-03
-9.212884515643615657e-03
-1.043880537639252370e-02
-1.185944412277939453e-02
-1.351535009532500720e-02
-1.545780230678617251e-02
-1.775226941544616466e-02
-2.048318209763877462e-02
-2.376058264833269540e-02
-2.772947944490244954e-02
-3.258311698324622974e-02
-3.858191367841024011e-02
-4.608053364416864195e-02
-5.556634880210342686e-02
-6.771296057534348378e-02
-8.345103602949111021e-02
-1.040515362732976623e-01
-1.311942408979103192e-01
-1.669401199850748529e-01
-2.134233693875414728e-01
-2.719657150965205661e-01
-3.413364700457927614e-01
-4.130944328664088450e-01
3.350171617632218268e-01
3.221705750290222992e-01
2.559851562030787675e-01
2.022587835381027543e-01
1.606014177162816137e-01
1.287965373148172721e-01
1.045460611957794717e-01
8.593504275038774121e-02
7.150042054209659881e-02
6.016582480205961980e-02
5.115037875513522847e-02
4.388839966519514357e-02
3.796791836253354813e-02
3.308623871205101930e-02
2.901857793526502194e-02
2.559610818124324894e-02
2.269056700644145330e-02
2.020341051331814297e-02
1.805810491319920219e-02
1.619459555715513366e-02
1.456529754818097766e-02
1.313215895108538200e-02
1.186448736572570661e-02
1.073732518701842054e-02
9.730223186336817154e-03
8.826306101779146651e-03
8.011554351414651443e-03
7.274247185637905400e-03
6.604527504396440207e-03
5.994059145962404855e-03
5.435755031543254567e-03
4.923560024874040764e-03
4.452276356059936546e-03
4.017422391206060261e-03
3.615117701759817948e-03
