-3.169150230849362981e-02
-3.171279818046192356e-02
-3.177647934345297770e-02
-3.188191640321619280e-02
-3.202802756739352857e-02
-3.221323175246847831e-02
-3.243538767169524412e-02
-3.269172388279763253e-02
-3.297876644819357911e-02
-3.329227256181872818e-02
-3.362718005795030385e-02
-3.397758388369417210e-02
-3.433675105698474200e-02
-3.469718497526483314e-02
-3.505074784062377907e-02
-3.538884619621900096e-02
-3.570267912215161626e-02
-3.598354183285113611e-02
-3.622316994152310898e-02
-3.641410254093514764e-02
-3.655003672971435941e-02
-3.662614349590566365e-02
-3.663931583957547033e-02
-3.658832496879225321e-02
-3.647386888974567948e-02
-3.629850856052207336e-02
-3.606649831969999803e-02
-3.578352772368303958e-02
-3.545639968120310043e-02
-3.509267388879964977e-02
-3.470030481267610128e-02
-3.428730029104092025e-02
-3.386142120764973340e-02
-3.342993580038287893e-02
-3.299943516261764909e-02
-3.257571027781390460e-02
-3.307501528136559676e-02
-3.353435252369498659e-02
-3.400577334484115866e-02
-3.448376741974822079e-02
-3.496187398933113533e-02
-3.543276356427263463e-02
-3.588838445460937332e-02
-3.632017825200780509e-02
-3.671936249881770781e-02
-3.707727144620450582e-02
-3.738573779278404202e-02
-3.763749073803802914e-02
-3.782653994369263722e-02
-3.794851239697891870e-02
-3.800091068201296579e-02
-3.798326708934389451e-02
-3.789717779093323274e-02
-3.774621362151250881e-02
-3.753571691595349036e-02
-3.727250529472387469e-02
-3.696451152163710008e-02
-3.662039253168086761e-02
-3.624914025593503619e-02
-3.585972257839665361e-02
-3.546077583083796086e-02
-3.506036208317128006e-02
-3.466579644554425299e-02
-3.428354267760342494e-02
-3.391917019460578830e-02
-3.357736225631997168e-02
-3.326196358919573937e-02
-3.297605559031380890e-02
-3.272204817411918792e-02
-3.250177883675949703e-02
-3.231661127862923977e-02
-3.216752768292915898e-02
-3.205521032861094466e-02
-3.198010953194653505e-02
-3.194249593766471107e-02
-3.194249593766416290e-02
-3.198010953194550116e-02
-3.205521032861081282e-02
-3.216752768292914511e-02
-3.231661127862861527e-02
-3.250177883675976070e-02
-3.272204817411931282e-02
-3.297605559031419054e-02
-3.326196358919546181e-02
-3.357736225632087373e-02
-3.391917019460592708e-02
-3.428354267760357760e-02
-3.466579644554365625e-02
-3.506036208317139108e-02
-3.546077583083796086e-02
-3.585972257839709076e-02
-3.624914025593489048e-02
-3.662039253168236641e-02
-3.696451152163635068e-02
-3.727250529472234120e-02
-3.753571691595405935e-02
-3.774621362151104470e-02
-3.789717779093601524e-02
-3.798326708933677520e-02
-3.800091068201191802e-02
-3.794851239696478418e-02
-3.782653994369226252e-02
-3.763749073804813217e-02
-3.738573779278167586e-02
-3.707727144620787119e-02
-3.671936249882355729e-02
-3.632017825200773570e-02
-3.588838445460280913e-02
-3.543276356427225993e-02
-3.496187398933413987e-02
-3.448376741974545912e-02
-3.400577334484005537e-02
-3.353435252369673519e-02
-3.307501528137342384e-02
-3.257571027781618056e-02
-3.299943516262036913e-02
-3.342993580038544632e-02
-3.386142120763757646e-02
-3.428730029103500138e-02
-3.470030481268739087e-02
-3.509267388880520089e-02
-3.545639968120150448e-02
-3.578352772368729312e-02
-3.606649831970437647e-02
-3.629850856052469626e-02
-3.647386888975473473e-02
-3.658832496878797885e-02
-3.663931583957849569e-02
-3.662614349590877227e-02
-3.655003672970692785e-02
-3.641410254093226800e-02
-3.622316994152177672e-02
-3.598354183285010222e-02
-3.570267912215305955e-02
-3.538884619621929933e-02
-3.505074784062300886e-02
-3.469718497526473600e-02
-3.433675105698470037e-02
-3.397758388369480353e-02
-3.362718005795072712e-02
-3.329227256181902656e-02
-3.297876644819378034e-02
-3.269172388279754926e-02
-3.243538767169514003e-02
-3.221323175246948445e-02
-3.202802756739310530e-02
-3.188191640321619974e-02
-3.177647934345329689e-02
-3.171279818046145171e-02
-3.169150230849414329e-02
