-6.591263110090424260e-02
-6.614497022166897222e-02
-6.683212177709585422e-02
-6.793613419222242766e-02
-6.936726473706708584e-02
-7.095164785701746357e-02
-7.240842424790466803e-02
-7.336687653434552370e-02
-7.344877754379885992e-02
-7.239942239366103927e-02
-7.019518415456363347e-02
-6.705229901033987749e-02
-6.333294915246821810e-02
-5.941675701178680824e-02
-5.560815328918004147e-02
-5.210297894726384493e-02
-4.899842339839725891e-02
-4.632076943786193890e-02
-4.405346165018850235e-02
-4.215835443687438594e-02
-4.058935274360844780e-02
-3.930012527763784153e-02
-3.824791435007122986e-02
-3.739504149510261555e-02
-3.670917249577200503e-02
-3.616298153272458349e-02
-3.573357183832551187e-02
-3.540183914263701770e-02
-3.515186689294692857e-02
-3.497038971357498138e-02
-3.484633475210662662e-02
-3.477043786213769583e-02
-3.473492633924471495e-02
-3.473325845706733833e-02
-3.475991035207359747e-02
-3.481020183938272894e-02
-3.526743268154048511e-02
-3.518286783533450951e-02
-3.511794392534692971e-02
-3.507746818819376666e-02
-3.506732286640611151e-02
-3.509475706898660535e-02
-3.516877067892919262e-02
-3.530062260748006303e-02
-3.550450753445261870e-02
-3.579846103006922853e-02
-3.620557306645357659e-02
-3.675561350453487863e-02
-3.748719555051158170e-02
-3.845061046986211761e-02
-3.971142348189176524e-02
-4.135474383807118126e-02
-4.348959145323488817e-02
-4.625161755813630288e-02
-4.979996670548829385e-02
-5.429948071581014446e-02
-5.987270204550155378e-02
-6.650142372012410319e-02
-7.387070632160414041e-02
-8.121020086479584232e-02
-8.730493271186008652e-02
-9.088668664477714265e-02
-9.131782586395414958e-02
-8.899613194814801065e-02
-8.504517790296502178e-02
-8.063535281451243708e-02
-7.654726252910866446e-02
-7.312844857901849849e-02
-7.043978005103231077e-02
-6.840650607691038665e-02
-6.691316048060352850e-02
-6.584901883582160165e-02
-6.512477771980139385e-02
-6.467594537155749168e-02
-6.446145241087521127e-02
-6.446145241087342104e-02
-6.467594537155975376e-02
-6.512477771979981178e-02
-6.584901883582257309e-02
-6.691316048060277910e-02
-6.840650607690629270e-02
-7.043978005103430917e-02
-7.312844857902132956e-02
-7.654726252911148165e-02
-8.063535281450864844e-02
-8.504517790296757529e-02
-8.899613194815839123e-02
-9.131782586397423074e-02
-9.088668664478796733e-02
-8.730493271184534831e-02
-8.121020086479573130e-02
-7.387070632160402939e-02
-6.650142372011909331e-02
-5.987270204549665492e-02
-5.429948071580978364e-02
-4.979996670548345744e-02
-4.625161755813787107e-02
-4.348959145323216813e-02
-4.135474383806829468e-02
-3.971142348189157095e-02
-3.845061046986260334e-02
-3.748719555051201191e-02
-3.675561350453481618e-02
-3.620557306645360435e-02
-3.579846103006899261e-02
-3.550450753445349994e-02
-3.530062260748083325e-02
-3.516877067892971304e-02
-3.509475706898638331e-02
-3.506732286640714541e-02
-3.507746818819405116e-02
-3.511794392534672155e-02
-3.518286783533550871e-02
-3.526743268153706423e-02
-3.481020183938124402e-02
-3.475991035207367380e-02
-3.473325845706669995e-02
-3.473492633924368800e-02
-3.477043786213846605e-02
-3.484633475210600212e-02
-3.497038971357474546e-02
-3.515186689294863553e-02
-3.540183914263723280e-02
-3.573357183832689271e-02
-3.616298153272490268e-02
-3.670917249577129726e-02
-3.739504149510441966e-02
-3.824791435007014045e-02
-3.930012527763834806e-02
-4.058935274360787188e-02
-4.215835443686415801e-02
-4.405346165018905052e-02
-4.632076943786207074e-02
-4.899842339839777239e-02
-5.210297894726395596e-02
-5.560815328917811246e-02
-5.941675701178773111e-02
-6.333294915247034140e-02
-6.705229901033027406e-02
-7.019518415456482696e-02
-7.239942239365526611e-02
-7.344877754379923462e-02
-7.336687653433585088e-02
-7.240842424791298082e-02
-7.095164785702233468e-02
-6.936726473707047202e-02
-6.793613419221779248e-02
-6.683212177708706958e-02
-6.614497022167308005e-02
-6.591263110089731758e-02
