-8.020512723347777984e-04
-7.924727386532937068e-04
-7.816976811299003458e-04
-7.696287534551121690e-04
-7.561603206632794283e-04
-7.411776670365050057e-04
-7.245561167053687912e-04
-7.061600556808184104e-04
-6.858418423402456998e-04
-6.634405913892027495e-04
-6.387808139467765489e-04
-6.116708936177717160e-04
-5.819013750604784541e-04
-5.492430376404372483e-04
-5.134447219931059792e-04
-4.742308716839949145e-04
-4.312987453120309400e-04
-3.843152461919102647e-04
-3.329133067668937906e-04
-2.766877528024014321e-04
-2.151905576214113713e-04
-1.479253785578171776e-04
-7.434124555436016912e-05
6.174755555865552026e-06
9.430599648692361558e-05
1.908162501422783208e-04
2.965613504018055346e-04
4.125029194727014570e-04
5.397245962251301377e-04
6.794513018056475007e-04
8.330722080002739283e-04
1.002168236037992433e-03
1.188545116855621586e-03
1.394273297585235660e-03
1.621736293001940776e-03
1.873689463622402185e-03
2.153331657460483273e-03
2.464392669935838720e-03
2.811240015042335005e-03
3.199008954144322292e-03
3.633759857918680836e-03
4.122666279638198539e-03
4.674234575907931788e-03
5.298549508482131021e-03
6.007526081674111063e-03
6.815118457916699568e-03
7.737378352082463495e-03
8.792143516131015191e-03
9.997932804715906063e-03
1.137127797910909843e-02
1.292121252467319514e-02
1.463912092789432240e-02
1.648235314278884145e-02
1.835283241317198222e-02
2.008007910391816642e-02
2.143020233990322598e-02
2.216227793668003321e-02
2.211786361279145796e-02
2.128188401318792389e-02
1.976901509279649360e-02
1.776076633291120976e-02
1.544558476861844498e-02
1.298495825203431486e-02
1.050184904980018541e-02
8.081837900208319048e-03
5.779720239186006414e-03
3.627325269542014397e-03
1.640529392494108341e-03
-1.752242299353362620e-04
-1.820909766485717673e-03
-3.301151978271785192e-03
-4.622402575519740653e-03
-5.791789817137751872e-03
-6.816431999408956166e-03
-7.703063331040427286e-03
-8.457867252692485849e-03
-9.086446714014040360e-03
-9.593885157845247202e-03
-9.984868353963366472e-03
-1.026384781842638871e-02
1.043523286047864929e-02
1.050360133561521747e-02
1.047391961055549325e-02
1.035176054088696174e-02
1.014350492541470083e-02
9.856507676563416864e-03
9.499206011463492971e-03
9.081145004236609863e-03
8.612897846200492924e-03
8.105865912250057037e-03
7.571957904775064585e-03
7.023166599809282928e-03
6.471082273297221188e-03
5.926398154133649676e-03
5.398469673243297406e-03
4.894982701769051703e-03
4.421767360825501481e-03
3.982768355860269449e-03
3.580157244123513549e-03
3.214552950452920221e-03
2.885307642073300927e-03
2.590815666088597258e-03
2.328810940196768264e-03
2.096629265973801171e-03
1.891423225722638213e-03
1.710326521294672220e-03
1.550570961601452358e-03
1.409562880032799725e-03
1.284927138172783923e-03
1.174526766318947923e-03
1.076465350473121418e-03
9.890779831739082706e-04
9.109152638293038784e-04
8.407236346450186470e-04
7.774243439295780433e-04
7.200925520107204214e-04
6.679375166073475700e-04
6.202843812652264477e-04
5.765578068886723084e-04
5.362675002178740602e-04
4.989955773118254223e-04
4.643856336346979807e-04
4.321333591881804104e-04
4.019785257448477145e-04
3.736981753812429474e-04
3.471008495556232587e-04
3.220217121269880467e-04
2.983184355422746625e-04
2.758677353881106020e-04
2.545624537004242960e-04
2.343091053989138084e-04
2.150258147329414671e-04
1.966405796297449049e-04
1.790898114152617016e-04
1.623171056180927607e-04
1.462722065833504947e-04
1.309101346257113274e-04
1.161904494716009539e-04
1.020766280208779131e-04
8.853553801585478666e-05
7.553699222197229890e-05
6.305337022340096187e-05
5.105929705025158416e-05
3.953136960359315832e-05
2.844792331856138556e-05
1.778883273513554020e-05
7.535340660183575956e-06
-2.330088522642381754e-06
-1.182389513235126977e-05
-2.096153319875587728e-05
