-1.032823225522033761e-04
-1.048844832006456951e-04
-1.065275245093616485e-04
-1.082127590737169687e-04
-1.099415412211951493e-04
-1.117152672528431978e-04
-1.135353754509599300e-04
-1.154033458021647141e-04
-1.173206993771158668e-04
-1.192889972967126067e-04
-1.213098392026101813e-04
-1.233848611357779568e-04
-1.255157327076372731e-04
-1.277041534311768034e-04
-1.299518480516181906e-04
-1.322605606901700037e-04
-1.346320475800744099e-04
-1.370680681327396400e-04
-1.395703740249276681e-04
-1.421406959410814741e-04
-1.447807275355705858e-04
-1.474921060993367172e-04
-1.502763893180963928e-04
-1.531350273908937965e-04
-1.560693296394355389e-04
-1.590804245673455020e-04
-1.621692121264312059e-04
-1.653363066971419437e-04
-1.685819689950102118e-04
-1.719060247472314895e-04
-1.753077675430703142e-04
-1.787858427204774836e-04
-1.823381084881531278e-04
-1.859614696721190175e-04
-1.896516784730128968e-04
-1.934030953883725257e-04
-1.972084019257053233e-04
-2.010582548339079345e-04
-2.049408692190723968e-04
-2.088415149564815110e-04
-2.127419071086267266e-04
-2.166194663987958124e-04
-2.204464199094952059e-04
-2.241887047167573366e-04
-2.278046276887601973e-04
-2.312432225652222284e-04
-2.344422299036530433e-04
-2.373256054878647436e-04
-2.398004369480455367e-04
-2.417531147918261514e-04
-2.430445603005676469e-04
-2.435042554633920497e-04
-2.429227447840465182e-04
-2.410421792847505795e-04
-2.375443410148198042e-04
-2.320354105158350944e-04
-2.240265044891054380e-04
-2.129086951855180265e-04
-1.979207978312219618e-04
-1.781076382731949792e-04
-1.522657364639995459e-04
-1.188722905504230321e-04
-7.599192616244976328e-05
-2.115376359815290819e-05
4.881119892430341167e-05
1.379857566284475867e-04
2.516529424660407521e-04
3.966763761591718396e-04
5.820039892209805110e-04
8.193312097680982564e-04
1.123964935413682142e-03
1.515930246490229671e-03
2.021352666360998196e-03
2.674124749541040291e-03
3.517831481415809036e-03
4.607908987562844838e-03
-6.014199502750700033e-03
-7.824791018829310718e-03
-1.015355404132103900e-02
-1.315303489507244072e-02
-1.699892160882483794e-02
-2.138182731843313311e-02
-1.602069663032906766e-02
3.973331860850876779e-02
5.036725500647313419e-02
4.501596149982477202e-02
3.737823843028667548e-02
-3.029535094284368374e-02
-2.443046197959778537e-02
-1.976351331231668285e-02
-1.609392885425976749e-02
-1.320977856204774703e-02
-1.093279846405766434e-02
-9.123330766651102652e-03
-7.674650293925902589e-03
-6.505799810388242232e-03
-5.555366432742035732e-03
-4.776601584793212230e-03
-4.133735478311487133e-03
-3.599233345406183116e-03
-3.151761832408964126e-03
-2.774681341369288068e-03
-2.454925251394478314e-03
-2.182163325580646629e-03
-1.948174171453133374e-03
-1.746371960676756929e-03
-1.571447441217968533e-03
-1.419094030955532493e-03
-1.285797574054683978e-03
-1.168673992015735463e-03
-1.065343168381888139e-03
-9.738304010181858539e-04
-8.924889483633777210e-04
-8.199388081408243156e-04
-7.550180579123239033e-04
-6.967439709500977685e-04
-6.442817805601269709e-04
-5.969194607289632359e-04
-5.540472639431956448e-04
-5.151410396818031923e-04
-4.797485723825600790e-04
-4.474783425251205315e-04
-4.179902413203318012e-04
-3.909878675844302709e-04
-3.662121116027386436e-04
-3.434357903010637481e-04
-3.224591447284902435e-04
-3.031060476401531423e-04
-2.852207980856696912e-04
-2.686654030508994762e-04
-2.533172646762005265e-04
-2.390672063787846469e-04
-2.258177831241103828e-04
-2.134818307127778203e-04
-2.019812167551593429e-04
-1.912457623552965558e-04
-1.812123087120975917e-04
-1.718239070956778525e-04
-1.630291141508366515e-04
-1.547813773630363210e-04
-1.470384979057187680e-04
-1.397621600695841959e-04
-1.329175181214309331e-04
-1.264728328164710369e-04
-1.203991509406976412e-04
-1.146700222270785607e-04
-1.092612488036159846e-04
-1.041506630186511684e-04
-9.931793007063316470e-05
-9.474437236238475446e-05
