1.731376987887944807e-04
1.776027491805706737e-04
1.822280613986981823e-04
1.870208233830938926e-04
1.919886019862843130e-04
1.971393656568232178e-04
2.024815086503900519e-04
2.080238768922756942e-04
2.137757956154687222e-04
2.197470989227651161e-04
2.259481614290473339e-04
2.323899321591826883e-04
2.390839708927144924e-04
2.460424871738378649e-04
2.532783822185372125e-04
2.608052939911537083e-04
2.686376457464445533e-04
2.767906983644624619e-04
2.852806068629823444e-04
2.941244815026500259e-04
3.033404539668493882e-04
3.129477491555371360e-04
3.229667632069638250e-04
3.334191484501147773e-04
3.443279060794252056e-04
3.557174874661422903e-04
3.676139051432894544e-04
3.800448546562099073e-04
3.930398486409955594e-04
4.066303646927948989e-04
4.208500088089262015e-04
4.357346964632483055e-04
4.513228536455055062e-04
4.676556405445661535e-04
4.847772009207995669e-04
5.027349406284686850e-04
5.215798391944165280e-04
5.413667988516945861e-04
5.621550359218019377e-04
5.840085199638744839e-04
6.069964665720364860e-04
6.311938901219157905e-04
6.566822229995619709e-04
6.835500078335512986e-04
7.118936687701901689e-04
7.418183666793448650e-04
7.734389408694877788e-04
8.068809361635315147e-04
8.422817075084618188e-04
8.797915846716700128e-04
9.195750637494490287e-04
9.618119688151044455e-04
1.006698491408698770e-03
1.054447962236700065e-03
1.105291129759218560e-03
1.159475601479706408e-03
1.217263926643952221e-03
1.278929535218527314e-03
1.344749354841481837e-03
1.414991342575229460e-03
1.489894297269228618e-03
1.569636029756273088e-03
1.654284068685764331e-03
1.743720317578592582e-03
1.837527140572906004e-03
1.934816939741498820e-03
2.033980324953964247e-03
2.132320202880955140e-03
2.225533445282201761e-03
2.307006321419918793e-03
2.366923746722010558e-03
2.391295874511353836e-03
2.361252620875262109e-03
2.253457135883499274e-03
2.043337941536063629e-03
1.713922943173171176e-03
1.273553635937646478e-03
7.825091951984552985e-04
3.654281761632099945e-04
2.948252850951127435e-05
-1.664912571867765978e-03
-1.561986381540758639e-03
4.362084010584459104e-03
9.837094185633873944e-03
1.540635066380667551e-02
1.939088629772197508e-02
2.167279517132215255e-02
2.271059384158882061e-02
2.284872400019723887e-02
2.231244350961862979e-02
2.128186241362379008e-02
1.992189158054488707e-02
1.838112105268849619e-02
1.678172704072176946e-02
1.521315018710196060e-02
1.373280955047848778e-02
1.237176214027167764e-02
1.114204681174485109e-02
1.004343792154860360e-02
9.068652774232098535e-03
8.206931727406462096e-03
7.446292409013063190e-03
6.774837858897857917e-03
6.181444756843387789e-03
5.656070797032404507e-03
5.189841445186664168e-03
4.775017281245122133e-03
4.404902971617281893e-03
4.073733152045908371e-03
3.776554635266533497e-03
3.509114900822445093e-03
3.267761362430092117e-03
3.049352866984707949e-03
2.851183270709916479e-03
2.670916157626776824e-03
2.506529450831353548e-03
2.356268604163047620e-03
2.218607126806913105e-03
2.092213316006131738e-03
1.975922214559028278e-03
1.868711950199322333e-03
1.769683743143743784e-03
1.678044982427108478e-03
1.593094870201497426e-03
1.514212216793462545e-03
1.440845039529556337e-03
1.372501676875820947e-03
1.308743178049629960e-03
1.249176768502184912e-03
1.193450224952151070e-03
1.141247021164698214e-03
1.092282128413224473e-03
1.046298373390401257e-03
1.003063271934133416e-03
9.623662698703249613e-04
9.240163330362580196e-04
8.878398375360488370e-04
8.536787186620882484e-04
8.213888433541201989e-04
7.908385760788082253e-04
7.619075126085086275e-04
7.344853597778932403e-04
7.084709424602462363e-04
6.837713216454981147e-04
6.603010097415550755e-04
6.379812711253020352e-04
6.167394975920810832e-04
5.965086497327874715e-04
5.772267564524242653e-04
5.588364658559996645e-04
