1.638246399067271042e-02
1.654996596231987638e-02
1.671881650736503633e-02
1.688896341047904648e-02
1.706034891673378906e-02
1.723290935428267723e-02
1.740657473426400481e-02
1.758126832656997651e-02
1.775690621031192351e-02
1.793339679749773874e-02
1.811064032864632967e-02
1.828852833875330153e-02
1.846694309217387919e-02
1.864575698478590504e-02
1.882483191181061333e-02
1.900401859959205408e-02
1.918315589952315769e-02
1.936207004230958151e-02
1.954057385063300012e-02
1.971846590822909362e-02
1.989552968328361926e-02
2.007153260390137639e-02
2.024622508350286398e-02
2.041933949350679955e-02
2.059058908083379047e-02
2.075966682748109360e-02
2.092624424906820713e-02
2.108997012906718704e-02
2.125046918544749863e-02
2.140734066513638734e-02
2.156015686255124963e-02
2.170846155661201871e-02
2.185176836085098162e-02
2.198955897995609476e-02
2.212128136536450906e-02
2.224634776121059421e-02
2.236413263088180003e-02
2.247397045286368689e-02
2.257515337296930880e-02
2.266692869857266091e-02
2.274849621857430448e-02
2.281900533154174182e-02
2.287755196319472828e-02
2.292317525401782463e-02
2.295485399858557263e-02
2.297150282092827456e-02
2.297196807589241274e-02
2.295502347665770437e-02
2.291936546497604088e-02
2.286360836631048943e-02
2.278627941027000503e-02
2.268581375252745613e-02
2.256054971357976391e-02
2.240872456074023689e-02
2.222847131141710009e-02
2.201781724029036602e-02
2.177468504242051350e-02
2.149689795165064810e-02
2.118219054873078655e-02
2.082822751944907180e-02
2.043263322762663148e-02
1.999303561264959006e-02
1.950712852510984308e-02
1.897275703167038141e-02
1.838803022036186730e-02
1.775146528656094957e-02
1.706216474841795727e-02
1.632002505375881873e-02
1.552596920923253465e-02
1.468218831080833620e-02
1.379236754715199020e-02
1.286186291974862617e-02
1.189778824260287471e-02
1.090897144567995469e-02
9.905748147059634245e-03
8.899580429942682835e-03
7.902517837128253397e-03
6.926549669725404201e-03
5.982923708714477096e-03
5.081517742319255349e-03
4.230342248343843536e-03
3.435227247737107636e-03
2.699711521690253968e-03
2.025118259130417875e-03
1.410776202202521090e-03
8.543334743213587545e-04
3.521118080315466248e-04
-1.005419368833720961e-04
-5.089369265438292711e-04
-8.787689068527892999e-04
-1.215905953258586414e-03
1.526227489806172843e-03
1.815510028061392833e-03
2.089350910798093430e-03
2.353120851080081621e-03
2.611936527491920401e-03
2.870645392091808468e-03
3.133815807389139785e-03
3.405726437119935279e-03
3.690349366071210557e-03
3.991321685716475720e-03
4.311900281474677354e-03
4.654894376401923217e-03
5.022570182888923263e-03
5.416522068993734340e-03
5.837505448032485889e-03
6.285228973850004452e-03
6.758108880436292099e-03
7.252998296154819502e-03
7.764921147518012712e-03
8.286864809623761818e-03
8.809714963612019778e-03
9.322439112335260958e-03
9.812620462731048987e-03
1.026738593490346407e-02
1.067465175487669615e-02
1.102446082149372703e-02
1.131008688276100016e-02
1.152861066286497982e-02
1.168084104537153028e-02
1.177067473953184729e-02
1.180414226451368537e-02
1.178841461218845671e-02
1.173096802724857973e-02
1.163899285325244864e-02
1.151904294269502638e-02
1.137687519928478469e-02
1.121741757997887085e-02
1.104481237797464571e-02
1.086249654060607306e-02
1.067329480949589376e-02
1.047951198484098345e-02
1.028301751680302245e-02
1.008531973992437408e-02
9.887629314441731543e-03
9.690912549183666735e-03
9.495935745168639086e-03
9.303301819208784074e-03
9.113480417542778322e-03
8.926832606716041119e-03
8.743631082947442290e-03
8.564076696868691552e-03
8.388311958851771277e-03
8.216432075242391386e-03
8.048493967989206466e-03
7.884523648221244962e-03
7.724522246438915440e-03
7.568470946122375642e-03
7.416335021809168648e-03
7.268067145347230362e-03
