-3.317594978052844368e-02
-3.317620253756847076e-02
-3.317696672244829087e-02
-3.317825981637382432e-02
-3.318011009634674185e-02
-3.318255537741066769e-02
-3.318564130999804296e-02
-3.318941928806751901e-02
-3.319394403585160941e-02
-3.319927095077379597e-02
-3.320545328745184988e-02
-3.321253927178442755e-02
-3.322056923583976279e-02
-3.322957286304701469e-02
-3.323956662975065951e-02
-3.325055152322559798e-02
-3.326251110877454648e-02
-3.327541000911039132e-02
-3.328919284870229811e-02
-3.330378370401913812e-02
-3.331908608817778228e-02
-3.333498348535003653e-02
-3.335134043665841791e-02
-3.336800416553849236e-02
-3.338480671659901228e-02
-3.340156756829684714e-02
-3.341809666643800331e-02
-3.343419781293945070e-02
-3.344967233284878300e-02
-3.346432293265372976e-02
-3.347795765482486363e-02
-3.349039382796420439e-02
-3.350146190882889036e-02
-3.351100911270983584e-02
-3.351890273195646391e-02
-3.352503304916067822e-02
-3.352931576158898336e-02
-3.353169384648664597e-02
-3.353213881269449803e-02
-3.353065130190274745e-02
-3.352726102221705723e-02
-3.352202601680479704e-02
-3.351503129027922495e-02
-3.350638683453140837e-02
-3.349622511321673213e-02
-3.348469807899791262e-02
-3.347197381009994754e-02
-3.345823286182673245e-02
-3.344366443433362951e-02
-3.342846246052937065e-02
-3.341282171692613878e-02
-3.339693405650448477e-02
-3.338098485606095372e-02
-3.336514976173467900e-02
-3.334959180572470011e-02
-3.333445895528369673e-02
-3.331988214193876835e-02
-3.330597380532190899e-02
-3.329282697199285879e-02
-3.328051487564235439e-02
-3.326909111127931279e-02
-3.325859030256976545e-02
-3.324902924875220572e-02
-3.324040850549277171e-02
-3.323271434311093897e-02
-3.322592101583265317e-02
-3.321999326751571419e-02
-3.321488899278788459e-02
-3.321056196814119871e-02
-3.320696456533747676e-02
-3.320405035985583841e-02
-3.320177655008470230e-02
-3.320010610855944622e-02
-3.319900959493653214e-02
-3.319846657101330201e-02
-3.319846657101248322e-02
-3.319900959493506803e-02
-3.320010610855707311e-02
-3.320177655008689499e-02
-3.320405035985814907e-02
-3.320696456533678287e-02
-3.321056196814143463e-02
-3.321488899278837031e-02
-3.321999326751570725e-02
-3.322592101583332624e-02
-3.323271434311123734e-02
-3.324040850549386111e-02
-3.324902924875072080e-02
-3.325859030256868992e-02
-3.326909111127790419e-02
-3.328051487564325644e-02
-3.329282697199381635e-02
-3.330597380532231144e-02
-3.331988214193817854e-02
-3.333445895528338448e-02
-3.334959180572388826e-02
-3.336514976173344388e-02
-3.338098485606218885e-02
-3.339693405650368679e-02
-3.341282171692595837e-02
-3.342846246053186865e-02
-3.344366443433455932e-02
-3.345823286182662143e-02
-3.347197381010034306e-02
-3.348469807899808609e-02
-3.349622511321695417e-02
-3.350638683453066591e-02
-3.351503129027777472e-02
-3.352202601680762117e-02
-3.352726102221546128e-02
-3.353065130190140131e-02
-3.353213881269540703e-02
-3.353169384648721496e-02
-3.352931576158835886e-02
-3.352503304915926269e-02
-3.351890273195766434e-02
-3.351100911271080729e-02
-3.350146190882862668e-02
-3.349039382796448194e-02
-3.347795765482406566e-02
-3.346432293265237667e-02
-3.344967233284844993e-02
-3.343419781293904131e-02
-3.341809666643805882e-02
-3.340156756829610468e-02
-3.338480671659842247e-02
-3.336800416553919318e-02
-3.335134043665936854e-02
-3.333498348535002959e-02
-3.331908608817634593e-02
-3.330378370401911731e-02
-3.328919284870334588e-02
-3.327541000911061336e-02
-3.326251110877315176e-02
-3.325055152322609758e-02
-3.323956662975286608e-02
-3.322957286304755592e-02
-3.322056923583927707e-02
-3.321253927178594023e-02
-3.320545328745127395e-02
-3.319927095077317147e-02
-3.319394403585129022e-02
-3.318941928807017661e-02
-3.318564130999646089e-02
-3.318255537741392897e-02
-3.318011009634641573e-02
-3.317825981637119448e-02
-3.317696672244805495e-02
-3.317620253756913690e-02
-3.317594978053047677e-02
