-3.349108246585653231e-02
-3.349919679795034660e-02
-3.352360786570089679e-02
-3.356451865138558588e-02
-3.362226330591298190e-02
-3.369730076012353998e-02
-3.379020546465619917e-02
-3.390165494952575298e-02
-3.403241381813258692e-02
-3.418331372544024943e-02
-3.435522884247273201e-02
-3.454904628629783259e-02
-3.476563100607316104e-02
-3.500578467315842296e-02
-3.527019824054642566e-02
-3.555939802938442446e-02
-3.587368548389203299e-02
-3.621307112551939295e-02
-3.657720374373756023e-02
-3.696529648840377741e-02
-3.737605226983592432e-02
-3.780759170309662409e-02
-3.825738770668217492e-02
-3.872221171015047259e-02
-3.919809713926412920e-02
-3.968032630287561535e-02
-4.016344685620305832e-02
-4.064132350927955606e-02
-4.110722945621186203e-02
-4.155398003943369667e-02
-4.197410843642155470e-02
-4.236007978194315793e-02
-4.270453636706008499e-02
-4.300056276705119945e-02
-4.324195642203592510e-02
-4.342348683995842645e-02
-4.354112567462734701e-02
-4.359223076833862454e-02
-4.357566992776112924e-02
-4.349187453662144848e-02
-4.334281864419979591e-02
-4.313192524483081686e-02
-4.286390732573033824e-02
-4.254455619171493980e-02
-4.218049301990219740e-02
-4.177890124685847834e-02
-4.134725721594174896e-02
-4.089307473894752964e-02
-4.042367626364311989e-02
-3.994599969068200057e-02
-3.946644605190074984e-02
-3.899076967613197137e-02
-3.852400943730359406e-02
-3.807045737700939791e-02
-3.763365947024691072e-02
-3.721644250986231445e-02
-3.682096090968443869e-02
-3.644875752262056318e-02
-3.610083318723322082e-02
-3.577772051695814193e-02
-3.547955831674752536e-02
-3.520616386776688478e-02
-3.495710110464849557e-02
-3.473174338838051767e-02
-3.452933013736918244e-02
-3.434901701864512963e-02
-3.418991972956739872e-02
-3.405115163077618301e-02
-3.393185563964496582e-02
-3.383123087554988639e-02
-3.374855457859343016e-02
-3.368319981464965723e-02
-3.363464944220449088e-02
-3.360250675888556277e-02
-3.358650317413736791e-02
-3.358650317413758302e-02
-3.360250675888618033e-02
-3.363464944220471292e-02
-3.368319981464884538e-02
-3.374855457859306240e-02
-3.383123087555064273e-02
-3.393185563964599277e-02
-3.405115163077565565e-02
-3.418991972956772485e-02
-3.434901701864618434e-02
-3.452933013736954326e-02
-3.473174338838132952e-02
-3.495710110464794046e-02
-3.520616386776725948e-02
-3.547955831674711596e-02
-3.577772051695989747e-02
-3.610083318723242979e-02
-3.644875752262059093e-02
-3.682096090968502156e-02
-3.721644250986267527e-02
-3.763365947024693153e-02
-3.807045737700866239e-02
-3.852400943730296262e-02
-3.899076967613224198e-02
-3.946644605189969512e-02
-3.994599969068265283e-02
-4.042367626364222477e-02
-4.089307473894705780e-02
-4.134725721594211673e-02
-4.177890124685607054e-02
-4.218049301990323824e-02
-4.254455619171481490e-02
-4.286390732572870066e-02
-4.313192524483149687e-02
-4.334281864420031632e-02
-4.349187453662123337e-02
-4.357566992776208681e-02
-4.359223076833813881e-02
-4.354112567462722905e-02
-4.342348683995846809e-02
-4.324195642203571693e-02
-4.300056276705184477e-02
-4.270453636706082745e-02
-4.236007978194486490e-02
-4.197410843642120776e-02
-4.155398003943160112e-02
-4.110722945621221591e-02
-4.064132350927859155e-02
-4.016344685620270444e-02
-3.968032630287703783e-02
-3.919809713926293571e-02
-3.872221171015009095e-02
-3.825738770668151573e-02
-3.780759170309633960e-02
-3.737605226983596596e-02
-3.696529648840468640e-02
-3.657720374373836514e-02
-3.621307112552083624e-02
-3.587368548389231748e-02
-3.555939802938513916e-02
-3.527019824054593994e-02
-3.500578467315695885e-02
-3.476563100607237694e-02
-3.454904628629791585e-02
-3.435522884247316222e-02
-3.418331372543938901e-02
-3.403241381813122690e-02
-3.390165494952569747e-02
-3.379020546465558855e-02
-3.369730076012335263e-02
-3.362226330591273904e-02
-3.356451865138598833e-02
-3.352360786570234008e-02
-3.349919679794939598e-02
-3.349108246585510984e-02
