-7.304712342812158532e-04
-7.288467792981312421e-04
-7.271405316884305137e-04
-7.253499978387978331e-04
-7.234725859793234015e-04
-7.215056010468900993e-04
-7.194462392176581567e-04
-7.172915820897185490e-04
-7.150385904835521167e-04
-7.126840978357584788e-04
-7.102248031556346319e-04
-7.076572635044686699e-04
-7.049778859712918511e-04
-7.021829190952399991e-04
-6.992684436978868767e-04
-6.962303630748678529e-04
-6.930643924965007585e-04
-6.897660479615042028e-04
-6.863306341411967715e-04
-6.827532314487849696e-04
-6.790286821576341225e-04
-6.751515754920278667e-04
-6.711162315971019865e-04
-6.669166842973583975e-04
-6.625466625308495949e-04
-6.579995703470675750e-04
-6.532684653390297136e-04
-6.483460353662873210e-04
-6.432245734125929815e-04
-6.378959504095282895e-04
-6.323515858293604630e-04
-6.265824158427357737e-04
-6.205788588019567342e-04
-6.143307777937145886e-04
-6.078274399745620116e-04
-6.010574723658845819e-04
-5.940088137539878410e-04
-5.866686623008376955e-04
-5.790234184173681520e-04
-5.710586224094704733e-04
-5.627588863385546425e-04
-5.541078194794546441e-04
-5.450879466753488778e-04
-5.356806188092644305e-04
-5.258659145073729668e-04
-5.156225320827600989e-04
-5.049276705947902677e-04
-4.937568987528617726e-04
-4.820840102270351757e-04
-4.698808637295659452e-04
-4.571172060085504363e-04
-4.437604756368784820e-04
-4.297755851787599113e-04
-4.151246789677598414e-04
-3.997668633298756546e-04
-3.836579056077371597e-04
-3.667498978036642931e-04
-3.489908800027308189e-04
-3.303244179959641258e-04
-3.106891286256407980e-04
-2.900181453376893259e-04
-2.682385151798749590e-04
-2.452705170252200695e-04
-2.210268890475153292e-04
-1.954119514027685689e-04
-1.683206075664411827e-04
-1.396372048013128087e-04
-1.092342306146520947e-04
-7.697081771912417381e-05
-4.269102472670427417e-05
-6.221853380783404219e-06
3.262904472978167547e-05
7.407602866205120762e-05
1.183585643875217919e-04
1.657448400860794813e-04
2.165360019987239149e-04
2.710711351431860372e-04
3.297331418175009077e-04
3.929557069026201610e-04
4.612315846474479564e-04
5.351224999486925427e-04
6.152710317919862781e-04
7.024149428354053981e-04
7.974045440951593733e-04
9.012238467811517495e-04
1.015016467993345994e-03
1.140117540839424848e-03
1.278093258513246511e-03
1.430790191016328983e-03
1.600397203215253583e-03
1.789523745732990445e-03
2.001299589762473019e-03
2.239502884636479507e-03
2.508725955411073016e-03
2.814591856987014307e-03
3.164039856105249626e-03
3.565705470494617835e-03
4.030431595496819508e-03
4.571963343095453158e-03
5.207903209739628281e-03
5.961039261646983167e-03
6.861213637993690551e-03
7.947981678147586493e-03
9.274438015409280922e-03
1.091277557269970666e-02
1.296242189621671370e-02
1.556198644961842570e-02
1.890674414736481790e-02
2.327388312705525042e-02
2.905807868547644057e-02
3.682051494353555388e-02
4.736052321060735260e-02
6.185051217932835410e-02
8.176911498816624713e-02
7.754586904422866578e-02
-7.643876713810432433e-02
-6.671664724187026385e-02
-5.516402059670755254e-02
-4.421009834894079615e-02
-3.507398941317968477e-02
-2.786142651119055680e-02
-2.229048397697958039e-02
-1.800812423337627699e-02
-1.470247577801572780e-02
-1.212838067899466021e-02
-1.010218227401532554e-02
-8.488848357481398876e-03
-7.189510923303832346e-03
-6.131532089646951622e-03
-5.261147253304121474e-03
-4.538183520272048854e-03
-3.932311513916542101e-03
-3.420389402637613596e-03
-2.984573469148710245e-03
-2.610964650128527742e-03
-2.288630696381216412e-03
-2.008893083006002556e-03
-1.764801949609151599e-03
-1.550745740298314912e-03
-1.362158222626530524e-03
-1.195296560457442814e-03
-1.047071712126063092e-03
-9.149177112405537660e-04
-7.966900953758626613e-04
-6.905863707406256768e-04
-5.950832721533239056e-04
5.088869241567095525e-04
4.308929860962762426e-04
3.601545789236881845e-04
2.958563184887741393e-04
