-2.392202137347144431e-01
-2.392183357351157502e-01
-2.392128804934451625e-01
-2.392043915566893220e-01
-2.391937994660615074e-01
-2.391824600500054021e-01
-2.391722108327380136e-01
-2.391654486023738202e-01
-2.391652324296317245e-01
-2.391754180079451175e-01
-2.392008312339505838e-01
-2.392474916473093516e-01
-2.393228999523294431e-01
-2.394364086952294746e-01
-2.395997017471674928e-01
-2.398274171992106629e-01
-2.401379605063785339e-01
-2.405545714263089552e-01
-2.411067310576974487e-01
-2.418320260444248027e-01
-2.427786279426297766e-01
-2.440085986524342387e-01
-2.456022975303890354e-01
-2.476642363231772448e-01
-2.503307837626069787e-01
-2.537801081467537245e-01
-2.582445355727587266e-01
-2.640248138278000756e-01
-2.715040341585907013e-01
-2.811550963033441763e-01
-2.935278465314918872e-01
-3.060807068507517270e-01
-3.124913893424304256e-01
-3.184816242260183339e-01
-3.237454040442157566e-01
-3.279647887832244924e-01
-3.308493286413815015e-01
-3.321801453847540997e-01
-3.318477881565025100e-01
-3.298726811197934539e-01
-3.264015424299759882e-01
-3.216809270664718889e-01
-3.160162527206881178e-01
-3.097279145758768948e-01
-3.031145479792761166e-01
-2.964289426235270919e-01
-2.836197650584194041e-01
-2.735228560957107535e-01
-2.657001628404174198e-01
-2.596607847788150458e-01
-2.550036433894999899e-01
-2.514125041310912301e-01
-2.486425962648695920e-01
-2.465061029181017660e-01
-2.448593150010023867e-01
-2.435921892076318984e-01
-2.426202139668331426e-01
-2.418782122559088033e-01
-2.413156720745852080e-01
-2.408932439186853569e-01
-2.405801149637502578e-01
-2.403520365925548574e-01
-2.401898374536157177e-01
-2.400782975500152794e-01
-2.400052915405698206e-01
-2.399611336683623863e-01
-2.399380745397530212e-01
-2.399299130170046701e-01
-2.399316960361934370e-01
-2.399394861727907891e-01
-2.399501819493070343e-01
-2.399613797229783463e-01
-2.399712688758721957e-01
-2.399785542248922265e-01
-2.399824012717609312e-01
-2.399824012717676758e-01
-2.399785542248926151e-01
-2.399712688758766366e-01
-2.399613797229826484e-01
-2.399501819493110588e-01
-2.399394861727889017e-01
-2.399316960361939643e-01
-2.399299130170076400e-01
-2.399380745397560466e-01
-2.399611336683609153e-01
-2.400052915405666842e-01
-2.400782975500112271e-01
-2.401898374536070579e-01
-2.403520365925529978e-01
-2.405801149637527558e-01
-2.408932439186741159e-01
-2.413156720745950334e-01
-2.418782122559151870e-01
-2.426202139668286462e-01
-2.435921892076400308e-01
-2.448593150009974184e-01
-2.465061029181034313e-01
-2.486425962648712851e-01
-2.514125041310898423e-01
-2.550036433895050414e-01
-2.596607847788068302e-01
-2.657001628404031535e-01
-2.735228560957226884e-01
-2.836197650584252883e-01
-2.964289426235257596e-01
-3.031145479793060926e-01
-3.097279145758725094e-01
-3.160162527206938909e-01
-3.216809270664981457e-01
-3.264015424299638313e-01
-3.298726811204004683e-01
-3.318477881565141674e-01
-3.321801453847469388e-01
-3.308493286413596302e-01
-3.279647887832176645e-01
-3.237454040442117598e-01
-3.184816242260225527e-01
-3.124913893424010047e-01
-3.060807068506972151e-01
-2.935278465315199203e-01
-2.811550963033580541e-01
-2.715040341585890360e-01
-2.640248138277938583e-01
-2.582445355727356340e-01
-2.537801081467462305e-01
-2.503307837626004839e-01
-2.476642363231759403e-01
-2.456022975303891742e-01
-2.440085986524299644e-01
-2.427786279426322746e-01
-2.418320260444247194e-01
-2.411067310576965328e-01
-2.405545714263001567e-01
-2.401379605063787281e-01
-2.398274171992079151e-01
-2.395997017471661883e-01
-2.394364086952297799e-01
-2.393228999523311362e-01
-2.392474916473079916e-01
-2.392008312339571063e-01
-2.391754180079450343e-01
-2.391652324296281995e-01
-2.391654486023705728e-01
-2.391722108327434815e-01
-2.391824600500067344e-01
-2.391937994660615352e-01
-2.392043915566869350e-01
-2.392128804934430253e-01
-2.392183357351129469e-01
-2.392202137347152757e-01
