4.664438215618864347e-02
4.664845505191148739e-02
4.666074745836558402e-02
4.668148137561502903e-02
4.671102964228247140e-02
4.674992030390733716e-02
4.679884295383052173e-02
4.685865728150179904e-02
4.693040414392640053e-02
4.701531956702072190e-02
4.711485218648151646e-02
4.723068475383292858e-02
4.736476046170697701e-02
4.751931498018997085e-02
4.769691523571308045e-02
4.790050608902914758e-02
4.813346615118188621e-02
4.839967396549643697e-02
4.870358559661484149e-02
4.905032417014595220e-02
4.944578088818735173e-02
4.989672518790028849e-02
5.041091854628443336e-02
5.099722132054700097e-02
5.166567412997175035e-02
5.242752373616210021e-02
5.329514750561825664e-02
5.428181063510177651e-02
5.540116898983531157e-02
5.666641468629111944e-02
5.808896541869477265e-02
5.967664400173235822e-02
6.143140748875088042e-02
6.334687983766415509e-02
6.540619270159608867e-02
6.758085027839522141e-02
6.983134686906149191e-02
7.210993723373994302e-02
7.436530597758464478e-02
7.654816291274542384e-02
7.861639814872159460e-02
8.053860623617317693e-02
8.229542653415049258e-02
8.387887951056248459e-02
8.529036114701669946e-02
8.653807206753913461e-02
8.763450025831000245e-02
9.331938494732459899e-02
9.126704558759130004e-02
8.917097565149466332e-02
8.705470798502067120e-02
8.494204413077641180e-02
8.285595587690840202e-02
8.081761832252380706e-02
7.884566000206155723e-02
7.695567615156964636e-02
7.516001028029421771e-02
7.346777546419736016e-02
7.188506511381162478e-02
7.041529420320657984e-02
6.905961383588035685e-02
6.781735085881028524e-02
6.668643626281768599e-02
6.566379838485500442e-02
6.474570762299965143e-02
6.392806766113899586e-02
6.320665397038509326e-02
6.257730391975016571e-02
6.203606467302105743e-02
6.157930567064608118e-02
6.120380232497317496e-02
6.090679692557809943e-02
6.068604189094346790e-02
6.053982956344752808e-02
6.046701181085385735e-02
6.046701181085251814e-02
6.053982956344668848e-02
6.068604189094699980e-02
6.090679692557286751e-02
6.120380232497507622e-02
6.157930567064483218e-02
6.203606467301972516e-02
6.257730391975022122e-02
6.320665397038154054e-02
6.392806766113913464e-02
6.474570762300199678e-02
6.566379838485336684e-02
6.668643626281998971e-02
6.781735085881067382e-02
6.905961383588396507e-02
7.041529420320850885e-02
7.188506511379871844e-02
7.346777546419844263e-02
7.516001028029652142e-02
7.695567615156941044e-02
7.884566000206154335e-02
8.081761832252325195e-02
8.285595587690222641e-02
8.494204413077451055e-02
8.705470798502147611e-02
8.917097565149181837e-02
9.126704558759024533e-02
9.331938494732466838e-02
8.763450025831202861e-02
8.653807206753871828e-02
8.529036114701520066e-02
8.387887951055787716e-02
8.229542653415147790e-02
8.053860623617389858e-02
7.861639814871852761e-02
7.654816291274516016e-02
7.436530597758191086e-02
7.210993723374284348e-02
6.983134686906748712e-02
6.758085027839455527e-02
6.540619270159563070e-02
6.334687983766479347e-02
6.143140748875140777e-02
5.967664400173076228e-02
5.808896541869137953e-02
5.666641468629202844e-02
5.540116898983845489e-02
5.428181063509970872e-02
5.329514750561992198e-02
5.242752373616117040e-02
5.166567412997192382e-02
5.099722132054762547e-02
5.041091854628177577e-02
4.989672518790075340e-02
4.944578088818932238e-02
4.905032417014500851e-02
4.870358559661251002e-02
4.839967396549572226e-02
4.813346615118341276e-02
4.790050608902855084e-02
4.769691523571300412e-02
4.751931498019090067e-02
4.736476046170777499e-02
4.723068475383449677e-02
4.711485218648022583e-02
4.701531956702210274e-02
4.693040414392660176e-02
4.685865728149680998e-02
4.679884295383136134e-02
4.674992030390681674e-02
4.671102964228421306e-02
4.668148137561405064e-02
4.666074745836517462e-02
4.664845505191451275e-02
4.664438215619103045e-02
