-4.928476227774591933e-04
-4.922028403295253263e-04
-4.914900314189618591e-04
-4.907067920577601328e-04
-4.898506181787443126e-04
-4.889189003446925419e-04
-4.879089181208384751e-04
-4.868178340807216564e-04
-4.856426874228492174e-04
-4.843803871673046935e-04
-4.830277048968323328e-04
-4.815812670133090556e-04
-4.800375464678041659e-04
-4.783928539219828302e-04
-4.766433283001636489e-04
-4.747849266791837053e-04
-4.728134134635020303e-04
-4.707243487879764210e-04
-4.685130760839206765e-04
-4.661747087376655330e-04
-4.637041157671273339e-04
-4.610959064303976618e-04
-4.583444136757597320e-04
-4.554436763312130765e-04
-4.523874199235944360e-04
-4.491690360042821517e-04
-4.457815598469805352e-04
-4.422176463702021110e-04
-4.384695441194130794e-04
-4.345290671292079132e-04
-4.303875644651733445e-04
-4.260358872257841156e-04
-4.214643527467032413e-04
-4.166627057655136745e-04
-4.116200762022681481e-04
-4.063249332524887514e-04
-4.007650354009850702e-04
-3.949273759422666785e-04
-3.887981235384252443e-04
-3.823625572907385362e-04
-3.756049957389651084e-04
-3.685087191317992783e-04
-3.610558842254696366e-04
-3.532274307833649374e-04
-3.450029788345521098e-04
-3.363607156365300277e-04
-3.272772711447324845e-04
-3.177275806318657914e-04
-3.076847329215870452e-04
-2.971198024885879363e-04
-2.860016634342321673e-04
-2.742967830687281783e-04
-2.619689925049684120e-04
-2.489792312909133720e-04
-2.352852626718582307e-04
-2.208413555571664411e-04
-2.055979286744724632e-04
-1.895011516757083569e-04
-1.724924971747143765e-04
-1.545082366502525950e-04
-1.354788721019128950e-04
-1.153284938739118637e-04
-9.397405355060506338e-05
-7.132453881519840166e-05
-4.728003492121546358e-05
-2.173065462790502167e-05
5.444684845146152696e-06
3.437966332003883352e-05
6.522216793286572667e-05
9.813614840742390655e-05
1.333037607600950913e-04
1.709278517022516652e-04
2.112348468518709943e-04
2.544781193052902957e-04
3.009419317496764279e-04
3.509460660444108093e-04
4.048512802111714493e-04
4.630657654529080069e-04
5.260528172105205513e-04
5.943399868977294886e-04
6.685300482526246313e-04
7.493141988360596528e-04
8.374880292827957540e-04
9.339709388715977667e-04
1.039829867387875861e-03
1.156308465921629391e-03
1.284863165267047247e-03
1.427208050777395432e-03
1.585371060467799520e-03
1.761764850783054115e-03
1.959276810866272811e-03
2.181384280239673235e-03
2.432303225241128075e-03
2.717181734398499415e-03
3.042354116154666333e-03
3.415677745276402000e-03
3.846984046009860325e-03
4.348688549777157686e-03
4.936625004632544389e-03
5.631198374140444773e-03
6.458996293687013779e-03
7.455065661656712361e-03
8.666161228646884762e-03
1.015542014425929729e-02
1.200912408788318286e-02
1.434647872794031498e-02
1.733361274433065091e-02
2.120305070013800419e-02
2.627909477777501390e-02
3.300635985509486892e-02
4.197084434067260839e-02
5.389157220055401654e-02
6.957087762221425553e-02
8.988113687645321592e-02
1.138704353320685314e-01
-5.849477378646639192e-02
-5.188217957481106035e-02
-4.416039792361914351e-02
-3.600652391033315469e-02
-2.894184067540267469e-02
-2.326555064812790841e-02
-1.882212996420690176e-02
-1.536313895539759278e-02
-1.266007789436099373e-02
-1.053023125457025477e-02
-8.834920303347509885e-03
-7.470912251548639249e-03
-6.361698549186306506e-03
-5.450401693764622690e-03
-4.694444395922120483e-03
-4.061671215921713873e-03
-3.527561111077853750e-03
-3.073228161137475656e-03
-2.683982788070582437e-03
-2.348289773725698026e-03
-2.057007645729247436e-03
-1.802828590639876660e-03
-1.579862279808580405e-03
-1.383323807812864015e-03
-1.209297595706038120e-03
-1.054557205807160614e-03
-9.164266676546517498e-04
-7.926728878911715181e-04
-6.814215303095338960e-04
-5.810907601982995274e-04
-4.903386917156082880e-04
-4.080214246898195007e-04
-3.331593231671592381e-04
-2.649097523307608615e-04
-2.025449093632503139e-04
