2.633670265834835156e-02
2.635107537180137599e-02
2.639402543705104964e-02
2.646505279216251200e-02
2.656333767059829848e-02
2.668776039568131198e-02
2.683692773157908204e-02
2.700920456173618728e-02
2.720274948563453088e-02
2.741555284505514667e-02
2.764547570875224708e-02
2.789028844746179250e-02
2.814770770173065373e-02
2.841543076117303973e-02
2.869116661374202654e-02
2.897266316670243924e-02
2.925773037080973277e-02
2.954425918310666851e-02
2.983023647422647709e-02
3.011375611954783191e-02
3.039302661023237165e-02
3.066637558267804042e-02
3.093225169784023440e-02
3.118922431046710839e-02
3.143598135792593368e-02
3.167132587459622894e-02
3.189417150480849950e-02
3.210353734942461568e-02
3.229854244085511583e-02
3.247840010128151544e-02
3.264241240020447632e-02
3.278996489149132998e-02
3.292052177709001159e-02
3.303362161482662623e-02
3.312887366130660288e-02
3.320595491752380973e-02
3.326460792434981356e-02
3.330463933728351061e-02
3.332591929449497947e-02
3.332838157899532111e-02
3.331202456425999547e-02
3.327691292272576262e-02
3.322318006748619518e-02
3.315103128881390776e-02
3.306074753826272750e-02
3.295268980300807699e-02
3.282730400135726312e-02
3.268512631586348305e-02
3.252678886244674689e-02
3.235302557205023410e-02
3.216467813455321095e-02
3.196270182333482007e-02
3.174817098268823551e-02
3.152228392031992260e-02
3.128636690441673890e-02
3.104187692151290714e-02
3.079040281021987874e-02
3.053366435095138109e-02
3.027350886739490002e-02
3.001190488738046322e-02
2.975093242499084537e-02
2.949276948829858414e-02
2.923967449390317205e-02
2.899396438472525914e-02
2.875798840357932096e-02
2.853409767052953253e-02
2.832461094178274214e-02
2.813177718116879542e-02
2.795773583691048975e-02
2.780447596600469154e-02
2.767379556289968970e-02
2.756726260398276174e-02
2.748617939200591678e-02
2.743155175799915843e-02
2.740406454337469475e-02
2.740406454337192960e-02
2.743155175799716697e-02
2.748617939200531310e-02
2.756726260398196029e-02
2.767379556289760456e-02
2.780447596600577054e-02
2.795773583691083322e-02
2.813177718116788295e-02
2.832461094178328337e-02
2.853409767053169399e-02
2.875798840357947361e-02
2.899396438472409340e-02
2.923967449390166284e-02
2.949276948829875761e-02
2.975093242499133109e-02
3.001190488738136528e-02
3.027350886739420266e-02
3.053366435095202988e-02
3.079040281022093692e-02
3.104187692151206060e-02
3.128636690441687768e-02
3.152228392032031118e-02
3.174817098268929022e-02
3.196270182333542376e-02
3.216467813455160807e-02
3.235302557205028962e-02
3.252678886244783629e-02
3.268512631586456552e-02
3.282730400135767945e-02
3.295268980300587736e-02
3.306074753826451773e-02
3.315103128881381062e-02
3.322318006748344738e-02
3.327691292272601936e-02
3.331202456425987057e-02
3.332838157899470355e-02
3.332591929449642276e-02
3.330463933728262937e-02
3.326460792434983438e-02
3.320595491752365014e-02
3.312887366130449346e-02
3.303362161482536336e-02
3.292052177709050426e-02
3.278996489149269694e-02
3.264241240020331752e-02
3.247840010128085625e-02
3.229854244085721138e-02
3.210353734942261728e-02
3.189417150480796520e-02
3.167132587459643711e-02
3.143598135792808473e-02
3.118922431046721594e-02
3.093225169783890907e-02
3.066637558267591365e-02
3.039302661023240287e-02
3.011375611954920581e-02
2.983023647422627586e-02
2.954425918310704322e-02
2.925773037081284833e-02
2.897266316670299088e-02
2.869116661374255042e-02
2.841543076117399383e-02
2.814770770173077169e-02
2.789028844746228170e-02
2.764547570875035276e-02
2.741555284505591689e-02
2.720274948563525599e-02
2.700920456173982326e-02
2.683692773157714262e-02
2.668776039568120442e-02
2.656333767059698356e-02
2.646505279216226567e-02
2.639402543705221885e-02
2.635107537180497381e-02
2.633670265835184529e-02
