-1.777524472933777466e-01
-1.777533228196655768e-01
-1.777561244873382962e-01
-1.777613850465485923e-01
-1.777700178716542234e-01
-1.777833569884045284e-01
-1.778032169805991436e-01
-1.778319771059552468e-01
-1.778726959134764585e-01
-1.779292652952524922e-01
-1.780066165436828274e-01
-1.781109960948330795e-01
-1.782503359121606346e-01
-1.784347539405539418e-01
-1.786772352971461031e-01
-1.789945672157333689e-01
-1.794086337779394191e-01
-1.799482254814835092e-01
-1.806515915997236876e-01
-1.815700713579885550e-01
-1.827732982008179463e-01
-1.843566965632220112e-01
-1.864522911791068049e-01
-1.892441930894134816e-01
-1.929903480735392640e-01
-1.980516831087325291e-01
-2.049271195650635702e-01
-2.142841572269391093e-01
-2.269514222941255155e-01
-2.437880424674907232e-01
-2.652613571205812426e-01
-2.905297519919294302e-01
-3.161597588616058552e-01
-3.357105143029308070e-01
-3.422839667116220341e-01
-2.326787949415179968e-01
-2.232958419043154508e-01
-2.150189192701213725e-01
-2.079881718457412820e-01
-2.021379809142495876e-01
-2.325580352875098178e-01
-2.215229543781774835e-01
-2.133632382167076624e-01
-2.073452042264153916e-01
-2.028914958070240360e-01
-1.995744919394774886e-01
-1.970856205811686024e-01
-1.952041633883310201e-01
-1.937721669276337155e-01
-1.926759616821617782e-01
-1.918330593079226598e-01
-1.911830091366002737e-01
-1.906810450384714972e-01
-1.902936620512352961e-01
-1.899955191387965592e-01
-1.897672537520108116e-01
-1.895939261376750340e-01
-1.894639015565007523e-01
-1.893680394890549235e-01
-1.892990999561598997e-01
-1.892513048031743417e-01
-1.892200106172037544e-01
-1.892014628077060001e-01
-1.891926092381559510e-01
-1.891909579470895941e-01
-1.891944678038783301e-01
-1.892014639881285654e-01
-1.892105723503908210e-01
-1.892206682719337618e-01
-1.892308367737735031e-01
-1.892403414553058272e-01
-1.892486004584410519e-01
-1.892551681149651499e-01
-1.892597212875950230e-01
-1.892620496898066162e-01
-1.892620496898055060e-01
-1.892597212875957169e-01
-1.892551681149644005e-01
-1.892486004584406356e-01
-1.892403414553057717e-01
-1.892308367737683683e-01
-1.892206682719355937e-01
-1.892105723503913206e-01
-1.892014639881295368e-01
-1.891944678038776917e-01
-1.891909579470869018e-01
-1.891926092381524260e-01
-1.892014628077000882e-01
-1.892200106172046425e-01
-1.892513048031821410e-01
-1.892990999561598442e-01
-1.893680394890540630e-01
-1.894639015564986151e-01
-1.895939261376781704e-01
-1.897672537520075642e-01
-1.899955191387972531e-01
-1.902936620512340471e-01
-1.906810450384666400e-01
-1.911830091365923912e-01
-1.918330593079230206e-01
-1.926759616821519805e-01
-1.937721669276311065e-01
-1.952041633883317695e-01
-1.970856205811688799e-01
-1.995744919394755179e-01
-2.028914958070208718e-01
-2.073452042264101736e-01
-2.133632382167215402e-01
-2.215229543781864763e-01
-2.325580352875760981e-01
-2.021379809142939132e-01
-2.079881718457325390e-01
-2.150189192701283669e-01
-2.232958419043228060e-01
-2.326787949414552970e-01
-3.422839666933610303e-01
-3.357105143029542327e-01
-3.161597588615858712e-01
-2.905297519919395333e-01
-2.652613571205881260e-01
-2.437880424674993274e-01
-2.269514222941259041e-01
-2.142841572269400530e-01
-2.049271195650594901e-01
-1.980516831087251739e-01
-1.929903480735202792e-01
-1.892441930894180890e-01
-1.864522911791037241e-01
-1.843566965632228161e-01
-1.827732982008177520e-01
-1.815700713579904146e-01
-1.806515915997237154e-01
-1.799482254814871451e-01
-1.794086337779404461e-01
-1.789945672157349510e-01
-1.786772352971525701e-01
-1.784347539405399807e-01
-1.782503359121553610e-01
-1.781109960948326076e-01
-1.780066165436850478e-01
-1.779292652952547682e-01
-1.778726959134798169e-01
-1.778319771059558574e-01
-1.778032169806156582e-01
-1.777833569884030851e-01
-1.777700178716542234e-01
-1.777613850465437351e-01
-1.777561244873352431e-01
-1.777533228196682968e-01
-1.777524472933776356e-01
