2.470725135984180865e-02
2.469039997782851437e-02
2.463990537656144536e-02
2.455594551990557262e-02
2.443881478123481957e-02
2.428892060063057162e-02
2.410677881952899906e-02
2.389300771062004280e-02
2.364832072912282854e-02
2.337351802351037358e-02
2.306947675759288621e-02
2.273714031292999385e-02
2.237750646010934485e-02
2.199161460875032059e-02
2.158053226924273524e-02
2.114534088241447687e-02
2.068712119613045144e-02
2.020693838863698785e-02
1.970582715633519000e-02
1.918477699665243827e-02
1.864471792479742776e-02
1.808650686396823248e-02
1.751091494272283972e-02
1.691861591948384813e-02
1.631017593272931707e-02
1.568604474730237244e-02
1.504654863256986268e-02
1.439188496863877918e-02
1.372211863406929723e-02
1.303718018383830807e-02
1.233686578243071118e-02
1.162083881478944217e-02
1.088863306037043607e-02
1.013965728369210957e-02
9.373201070284675057e-03
8.588441721404807896e-03
7.784452014650978212e-03
6.960208642667556171e-03
6.114601157888620471e-03
1.347428999433256114e-02
1.434441235664900456e-02
1.521683267589288464e-02
1.608938896534343674e-02
1.696002908552889099e-02
1.782679106111742171e-02
1.868778573837063042e-02
1.954118191676778096e-02
2.038519399822585204e-02
2.121807212297759787e-02
2.203809470181679678e-02
2.284356320679730920e-02
2.363279904630153153e-02
2.440414232359909910e-02
2.515595226030608450e-02
2.588660905621851388e-02
2.659451695399861829e-02
2.727810828088451586e-02
2.793584824803064040e-02
2.856624030141618337e-02
2.916783183496364507e-02
2.973922009558457522e-02
3.027905813096405316e-02
3.078606065228969152e-02
3.125900970593700756e-02
3.169676006885274039e-02
3.209824430199004208e-02
3.246247741387378594e-02
3.278856110196613771e-02
3.307568755276831668e-02
3.332314279233575260e-02
3.353030958726767319e-02
3.369666990195344103e-02
3.382180692175500852e-02
3.390540665324195957e-02
3.394725911273746566e-02
3.394725911274236452e-02
3.390540665324020403e-02
3.382180692175246195e-02
3.369666990195512024e-02
3.353030958726543193e-02
3.332314279233553056e-02
3.307568755276649869e-02
3.278856110196765733e-02
3.246247741387583291e-02
3.209824430198986167e-02
3.169676006885389918e-02
3.125900970593740308e-02
3.078606065229331709e-02
3.027905813096298457e-02
2.973922009558475216e-02
2.916783183495955806e-02
2.856624030141298107e-02
2.793584824803019284e-02
2.727810828088152867e-02
2.659451695399808399e-02
2.588660905622013758e-02
2.515595226031037621e-02
2.440414232359800970e-02
2.363279904630317257e-02
2.284356320680038313e-02
2.203809470181121097e-02
2.121807212297341025e-02
2.038519399822261158e-02
1.954118191676793362e-02
1.868778573836916632e-02
1.782679106111884071e-02
1.696002908552626462e-02
1.608938896534263877e-02
1.521683267589499233e-02
1.434441235664570859e-02
1.347428999433105193e-02
6.114601157888286537e-03
6.960208642668817315e-03
7.784452014658710742e-03
8.588441721403706347e-03
9.373201070286059366e-03
1.013965728368905472e-02
1.088863306037037536e-02
1.162083881478495270e-02
1.233686578243508095e-02
1.303718018383699835e-02
1.372211863406273998e-02
1.439188496863968644e-02
1.504654863256883572e-02
1.568604474730513065e-02
1.631017593272419616e-02
1.691861591948094767e-02
1.751091494272371402e-02
1.808650686396609877e-02
1.864471792479834716e-02
1.918477699665574465e-02
1.970582715633229648e-02
2.020693838863741459e-02
2.068712119612599321e-02
2.114534088241347073e-02
2.158053226924150012e-02
2.199161460874950527e-02
2.237750646010980976e-02
2.273714031293175286e-02
2.306947675759176905e-02
2.337351802351487345e-02
2.364832072912225261e-02
2.389300771062037934e-02
2.410677881953418936e-02
2.428892060062712646e-02
2.443881478123821963e-02
2.455594551990472607e-02
2.463990537656040800e-02
2.469039997782980847e-02
2.470725135984076434e-02
