7.121657036086859183e-05
7.253213704282168717e-05
7.389132379903573522e-05
7.529618386644537642e-05
7.674889512204047248e-05
7.825176933710237259e-05
7.980726224401241131e-05
8.141798449759485301e-05
8.308671362294850482e-05
8.481640705239323896e-05
8.661021636561377912e-05
8.847150286166172162e-05
9.040385460618721725e-05
9.241110511504224689e-05
9.449735385567287205e-05
9.666698876985291289e-05
9.892471104770705903e-05
1.012755624122951836e-04
1.037249552076416337e-04
1.062787056222841420e-04
1.089430704243818382e-04
1.117247876355059732e-04
1.146311216292383861e-04
1.176699132080724630e-04
1.208496352902987958e-04
1.241794549296723615e-04
1.276693024943667543e-04
1.313299489544769716e-04
1.351730923686081387e-04
1.392114548245254602e-04
1.434588912838791197e-04
1.479305119995097395e-04
1.526428204505839159e-04
1.576138690346506888e-04
1.628634351330746077e-04
1.684132205877694743e-04
1.742870781366451238e-04
1.805112689513554969e-04
1.871147561290850692e-04
1.941295398292866570e-04
2.015910407393364800e-04
2.095385397350504886e-04
2.180156830059731821e-04
2.270710635813785738e-04
2.367588921773286503e-04
2.471397726369617409e-04
2.582816000274157364e-04
2.702606027544032785e-04
2.831625539398280322e-04
2.970841818498784481e-04
3.121348144282110049e-04
3.284382990126066826e-04
3.461352450643620515e-04
3.653856450725606608e-04
3.863719363582027166e-04
4.093025735834449064e-04
4.344161870656407243e-04
4.619864031905202006e-04
4.923273963786875540e-04
5.258002205382125704e-04
5.628199207447781571e-04
6.038633349225025482e-04
6.494773310170079417e-04
7.002869396353361697e-04
7.570023581403156898e-04
8.204229964133835651e-04
8.914354123549378395e-04
9.709998456161120228e-04
1.060116649428809177e-03
1.159758600969104658e-03
1.270747019161515279e-03
1.393538023576945672e-03
1.527870014513411923e-03
1.672207034502645739e-03
1.822904775536204891e-03
1.973053217123266201e-03
2.111073038871549845e-03
2.219480346345385768e-03
2.274981138087030230e-03
2.252534443076069370e-03
2.137901731918225023e-03
1.575502424243341304e-03
-2.410664552850702580e-02
-2.463448209691238011e-02
2.346586046195650588e-02
1.498348000095302279e-02
6.319689161551192425e-03
3.224656177055851974e-03
1.886492271953216920e-03
1.157245787956010658e-03
7.093359012831160215e-04
4.181874282413247657e-04
2.241352720345930749e-04
9.373386325856047918e-05
6.327124709538251013e-06
-5.157578893643169349e-05
-8.906876442928840509e-05
-1.123943969562925249e-04
-1.258854896965221071e-04
-1.325707573120622762e-04
-1.345775034444739171e-04
-1.334046983979542134e-04
-1.301105390036569331e-04
-1.254424254654544491e-04
-1.199276589088933004e-04
-1.139371006402094266e-04
-1.077300871905953472e-04
-1.014862722137424567e-04
-9.532830021248724084e-05
-8.933801720592375595e-05
-8.356810263203395817e-05
-7.805044196731655837e-05
-7.280216878462197894e-05
-6.783003321478991987e-05
-6.313356382607777928e-05
-5.870735647938753188e-05
-5.454272949186565744e-05
-5.062891757901671896e-05
-4.695392937753041507e-05
-4.350515919771501261e-05
-4.026981908370440288e-05
-3.723523949621110329e-05
-3.438907404406006674e-05
-3.171943429842311035e-05
-2.921497385738845709e-05
-2.686493578917849290e-05
-2.465917387530283666e-05
-2.258815533791140584e-05
-2.064295071265744019e-05
-1.881521502803892854e-05
-1.709716333950749012e-05
-1.548154283938750486e-05
-1.396160314965678995e-05
-1.253106594738088997e-05
-1.118409473439309354e-05
-9.915265311379733992e-06
-8.719537331445745276e-06
-7.592227171985058143e-06
-6.528982264027496929e-06
-5.525756946732005015e-06
-4.578789862597076876e-06
-3.684582873390504498e-06
-2.839881451888182085e-06
-2.041656487455911773e-06
-1.287087435155459536e-06
-5.735467301596491874e-07
1.014146112521957521e-07
7.400802834994085755e-07
1.344580954416862983e-06
1.916905573334445889e-06
