-7.149349389546223732e-02
-7.135775322701237711e-02
-7.095254566916203709e-02
-7.028383286943513941e-02
-6.936128491646592620e-02
-6.819790271164215267e-02
-6.680952933311254394e-02
-6.521428470888027129e-02
-6.343196071319887053e-02
-6.148341310018403533e-02
-5.938998316083939077e-02
-5.717297666534976869e-02
-5.485322172961219767e-02
-5.245072194765455081e-02
-4.998441763032413637e-02
-4.747206741661643553e-02
-4.493026607494601116e-02
-4.237462341825815049e-02
-3.982014576507764830e-02
-3.728188754216784501e-02
-3.477597851653339844e-02
-3.232118132086432560e-02
-2.994118494183451232e-02
-2.766785858604190601e-02
-2.554558642513756611e-02
-2.363638181580365871e-02
-2.202441543000110968e-02
-2.081660653622107934e-02
-2.013353336235591123e-02
-2.008483103784349660e-02
-2.073038730763452839e-02
-2.204384231680349415e-02
-2.390477926576270451e-02
-2.613157685980638592e-02
-2.853590106122596073e-02
-4.124313285707655041e-02
-3.822353651478240660e-02
-3.472747142632930106e-02
-3.105865287690502685e-02
-2.741347489671568105e-02
-4.149463924207188320e-02
-4.325204401449855851e-02
-4.492905546287317281e-02
-4.654177399764394124e-02
-4.810388274139196230e-02
-4.962654292754950514e-02
-5.111854031782987057e-02
-5.258652988121393507e-02
-5.403530167199665363e-02
-5.546803235921164005e-02
-5.688650864058289458e-02
-5.829131964352519263e-02
-5.968202044656886751e-02
-6.105727086453566210e-02
-6.241495414393855717e-02
-6.375228001681876311e-02
-6.506587606606062391e-02
-6.635187076838702791e-02
-6.760597099139188659e-02
-6.882353616685164821e-02
-6.999965085236126150e-02
-7.112919692704786079e-02
-7.220692623777634489e-02
-7.322753411559289327e-02
-7.418573381566735681e-02
-7.507633159653190336e-02
-7.589430184963180670e-02
-7.663486142283396085e-02
-7.729354205898671115e-02
-7.786625969987497065e-02
-7.834937929491118946e-02
-7.873977370916739049e-02
-7.903487534963708760e-02
-7.923271922338982753e-02
-7.933197630397686995e-02
-7.933197630397932631e-02
-7.923271922339153450e-02
-7.903487534963671290e-02
-7.873977370917616125e-02
-7.834937929490345954e-02
-7.786625969987887030e-02
-7.729354205898636421e-02
-7.663486142283013058e-02
-7.589430184962382697e-02
-7.507633159653623323e-02
-7.418573381567405978e-02
-7.322753411560417591e-02
-7.220692623778407482e-02
-7.112919692704605668e-02
-6.999965085236151130e-02
-6.882353616684631914e-02
-6.760597099139252497e-02
-6.635187076837950615e-02
-6.506587606605460095e-02
-6.375228001681434997e-02
-6.241495414393680857e-02
-6.105727086452714114e-02
-5.968202044657813093e-02
-5.829131964353442830e-02
-5.688650864057834267e-02
-5.546803235919620795e-02
-5.403530167201213430e-02
-5.258652988121547550e-02
-5.111854031783701763e-02
-4.962654292754323931e-02
-4.810388274138918674e-02
-4.654177399764759110e-02
-4.492905546287027929e-02
-4.325204401449619929e-02
-4.149463924205185755e-02
-2.741347489671648943e-02
-3.105865287690935325e-02
-3.472747142633048761e-02
-3.822353651479729053e-02
-4.124313285707901372e-02
-2.853590106122450704e-02
-2.613157685980808595e-02
-2.390477926576430739e-02
-2.204384231679993797e-02
-2.073038730763481635e-02
-2.008483103784054064e-02
-2.013353336233661070e-02
-2.081660653622499288e-02
-2.202441542999204402e-02
-2.363638181581272438e-02
-2.554558642512666511e-02
-2.766785858604515688e-02
-2.994118494183183043e-02
-3.232118132086191087e-02
-3.477597851653469602e-02
-3.728188754217873907e-02
-3.982014576507923731e-02
-4.237462341825990603e-02
-4.493026607493123825e-02
-4.747206741660129486e-02
-4.998441763031504642e-02
-5.245072194767130824e-02
-5.485322172961895615e-02
-5.717297666534915807e-02
-5.938998316084298512e-02
-6.148341310018153039e-02
-6.343196071319930074e-02
-6.521428470886558859e-02
-6.680952933311742892e-02
-6.819790271164130613e-02
-6.936128491647158834e-02
-7.028383286943767905e-02
-7.095254566916078809e-02
-7.135775322701379264e-02
-7.149349389546426348e-02
