3.797433888885342473e-02
3.733217854988148121e-02
3.540063046833807209e-02
3.217320154431439760e-02
2.766855089488489891e-02
2.197387460877456636e-02
1.529565640696918701e-02
7.992879822735755868e-03
5.574246859070199241e-04
-6.475739195293194264e-03
-1.265634103065749541e-02
-1.771547250355742092e-02
-2.158421726597035267e-02
-2.434538732606792572e-02
-2.616250074499001585e-02
-2.722119453165732644e-02
-2.769455586296955610e-02
-2.772848064045464397e-02
-2.743908158917270426e-02
-2.691571257517039531e-02
-2.622580524949148437e-02
-2.541969276592752694e-02
-2.453472923933921676e-02
-2.359856040413287753e-02
-2.263162277499204331e-02
-2.164901443490289609e-02
-2.066188082318772684e-02
-1.967843666902933941e-02
-1.870471899891818293e-02
-1.774514278780662049e-02
-1.680291211859643793e-02
-1.588032549175638977e-02
-1.497900340463559701e-02
-1.410005864756295677e-02
-1.324422420804929196e-02
-1.241194966189117926e-02
-6.993534854910834000e-03
-7.711109750148464892e-03
-8.447737278882773079e-03
-9.202515417191185765e-03
-9.974176448670534281e-03
-1.076096067521463591e-02
-1.156044441379824352e-02
-1.236930400778018385e-02
-1.318298947550629666e-02
-1.399526938111146646e-02
-1.479759052314333703e-02
-1.557816905336584408e-02
-1.632068918749378372e-02
-1.700242551641315686e-02
-1.759151739156338684e-02
-1.804300254396221451e-02
-1.829306692385030894e-02
-1.825083499366659395e-02
-1.778707686883983230e-02
-1.671992261010201916e-02
-1.480019604178185906e-02
-1.170549208349291187e-02
-7.064849382074168092e-03
-5.503400350271644027e-04
7.939448524262079920e-03
1.806581644243393861e-02
2.900107975028179061e-02
3.969600291341887632e-02
4.929768298919633140e-02
5.738190208414822163e-02
6.390557321398891710e-02
6.903681295275942986e-02
7.301098453294413426e-02
7.605296723019991378e-02
7.834823895079785772e-02
8.003849131413789952e-02
8.122640548332125954e-02
8.198229860957900739e-02
8.234981630895137072e-02
8.234981630895060745e-02
8.198229860958330950e-02
8.122640548331193366e-02
8.003849131414293716e-02
7.834823895079469358e-02
7.605296723019336347e-02
7.301098453294815882e-02
6.903681295275761187e-02
6.390557321399038815e-02
5.738190208413727206e-02
4.929768298920553238e-02
3.969600291343303861e-02
2.900107975027472335e-02
1.806581644244547452e-02
7.939448524258768333e-03
-5.503400350240085070e-04
-7.064849382072048260e-03
-1.170549208349693296e-02
-1.480019604177974443e-02
-1.671992261010323694e-02
-1.778707686883606795e-02
-1.825083499366703110e-02
-1.829306692385139488e-02
-1.804300254396430658e-02
-1.759151739156151334e-02
-1.700242551641495056e-02
-1.632068918749330147e-02
-1.557816905336646685e-02
-1.479759052314384704e-02
-1.399526938110972479e-02
-1.318298947550774168e-02
-1.236930400778084825e-02
-1.156044441379920802e-02
-1.076096067521449887e-02
-9.974176448668110873e-03
-9.202515417190054725e-03
-8.447737278884665663e-03
-7.711109750148168254e-03
-6.993534854910925073e-03
-1.241194966189069181e-02
-1.324422420804903001e-02
-1.410005864756280064e-02
-1.497900340463438618e-02
-1.588032549175813490e-02
-1.680291211859858899e-02
-1.774514278780500720e-02
-1.870471899891856110e-02
-1.967843666902860389e-02
-2.066188082318643621e-02
-2.164901443490479041e-02
-2.263162277499218208e-02
-2.359856040413050790e-02
-2.453472923933879002e-02
-2.541969276592718346e-02
-2.622580524949083558e-02
-2.691571257517278229e-02
-2.743908158917365489e-02
-2.772848064045313130e-02
-2.769455586297322677e-02
-2.722119453165750338e-02
-2.616250074499117464e-02
-2.434538732607037168e-02
-2.158421726596811141e-02
-1.771547250356741293e-02
-1.265634103065013671e-02
-6.475739195278162885e-03
5.574246858987143933e-04
7.992879822740632176e-03
1.529565640697916167e-02
2.197387460876075449e-02
2.766855089489365926e-02
3.217320154431713153e-02
3.540063046833476224e-02
3.733217854987445211e-02
3.797433888883040148e-02
