-4.782936923896566328e-01
-4.782685468218218494e-01
-4.781932328372676122e-01
-4.780681179978032991e-01
-4.778938130050859323e-01
-4.776711691385919778e-01
-4.774012752575450547e-01
-4.770854549783986043e-01
-4.767252648524620273e-01
-4.763224946220015465e-01
-4.758791709495223676e-01
-4.753975664308791038e-01
-4.748802162680462735e-01
-4.743299457741126934e-01
-4.737499130275914516e-01
-4.731436726723967090e-01
-4.725152693580427221e-01
-4.718693730876881154e-01
-4.712114745129523108e-01
-4.705481671806838184e-01
-4.698875578763028193e-01
-4.692398688918908989e-01
-4.686183331154898379e-01
-4.680405446346333487e-01
-4.675305328317712061e-01
-4.671220115570686726e-01
-4.668635832545433018e-01
-4.668272805941334203e-01
-4.671229652957110123e-01
-4.679233091106385078e-01
-4.695084691109162045e-01
-4.503271822169711003e-01
-4.514264318908632889e-01
-4.526239064351987862e-01
-4.539545589496370992e-01
-4.555039770370748475e-01
-4.576227980097399839e-01
-4.630044400130896021e-01
-5.085977770468970149e-01
-4.621575130403602905e-01
-4.576685311189516159e-01
-6.423455186554863916e-01
-5.680278065252533093e-01
-5.221868433724586867e-01
-4.960955587144875722e-01
-4.814083661052649954e-01
-4.730843876419562055e-01
-4.683628709739559581e-01
-4.657426773384357732e-01
-4.643887500421539083e-01
-4.638212159923229549e-01
-4.637545946688635401e-01
-4.640131806360480726e-01
-4.644852539777025169e-01
-4.650975274904313173e-01
-4.658004455120823284e-01
-4.665594786006628802e-01
-4.673498299117626598e-01
-4.681531380333361914e-01
-4.689553793220395672e-01
-4.697455089692055274e-01
-4.705145676863771720e-01
-4.712550883134424273e-01
-4.719606995592366960e-01
-4.726258617320082678e-01
-4.732456922762379725e-01
-4.738158532021470304e-01
-4.743324814992765370e-01
-4.747921494079678784e-01
-4.751918451978054403e-01
-4.755289676192580584e-01
-4.758013289198403939e-01
-4.760071625446561927e-01
-4.761451325614163843e-01
-4.762143425829528098e-01
-4.762143425829101218e-01
-4.761451325614149965e-01
-4.760071625446607446e-01
-4.758013289198323448e-01
-4.755289676192552828e-01
-4.751918451978034974e-01
-4.747921494079709315e-01
-4.743324814992843641e-01
-4.738158532021511382e-01
-4.732456922762421914e-01
-4.726258617320152622e-01
-4.719606995592448562e-01
-4.712550883134414836e-01
-4.705145676865364890e-01
-4.697455089692157415e-01
-4.689553793220687661e-01
-4.681531380333321946e-01
-4.673498299117647137e-01
-4.665594786006346251e-01
-4.658004455122782828e-01
-4.650975274904049495e-01
-4.644852539777127309e-01
-4.640131806360545674e-01
-4.637545946688673149e-01
-4.638212159923231215e-01
-4.643887500421559067e-01
-4.657426773384368834e-01
-4.683628709739539042e-01
-4.730843876419612015e-01
-4.814083661052103724e-01
-4.960955587144773027e-01
-5.221868433724601299e-01
-5.680278065252654107e-01
-6.423455186554811736e-01
-4.576685311189442884e-01
-4.621575130403530740e-01
-5.085977770467630110e-01
-4.630044400130861049e-01
-4.576227980097480330e-01
-4.555039770370755692e-01
-4.539545589496340461e-01
-4.526239064351970653e-01
-4.514264318908643991e-01
-4.503271822168967153e-01
-4.695084691109136510e-01
-4.679233091106344555e-01
-4.671229652957051837e-01
-4.668272805941299786e-01
-4.668635832545410813e-01
-4.671220115570734466e-01
-4.675305328317646003e-01
-4.680405446346329601e-01
-4.686183331154868958e-01
-4.692398688918921756e-01
-4.698875578763017646e-01
-4.705481671806844290e-01
-4.712114745129344362e-01
-4.718693730876853398e-01
-4.725152693580410568e-01
-4.731436726724093655e-01
-4.737499130276224268e-01
-4.743299457741141367e-01
-4.748802162680419992e-01
-4.753975664308722204e-01
-4.758791709495224231e-01
-4.763224946220041001e-01
-4.767252648524736847e-01
-4.770854549784066534e-01
-4.774012752575496066e-01
-4.776711691385949199e-01
-4.778938130050874866e-01
-4.780681179977999684e-01
-4.781932328372658358e-01
-4.782685468218225155e-01
-4.782936923896571324e-01
