-2.608350204700946723e-02
-2.610189061608447075e-02
-2.615681464065751013e-02
-2.624754795407650484e-02
-2.637287679575968727e-02
-2.653109544676002934e-02
-2.672000183135930101e-02
-2.693689477141656546e-02
-2.717857500882451399e-02
-2.744135247062695626e-02
-2.772106249807753872e-02
-2.801309383946222475e-02
-2.831243105641394198e-02
-2.861371355693413318e-02
-2.891131270041978618e-02
-2.919942730960827307e-02
-2.947219650321787274e-02
-2.972382712250102796e-02
-2.994873131750171169e-02
-3.014166828746880911e-02
-3.029788296523423796e-02
-3.041323381608200538e-02
-3.048430204770308585e-02
-3.050847546440667302e-02
-3.048400188411346662e-02
-3.041000928787948934e-02
-3.028649241147437013e-02
-3.011426799225693993e-02
-2.989490304606528745e-02
-2.963062213141626558e-02
-2.932420043217216429e-02
-2.897884963812911649e-02
-2.859810312174172059e-02
-2.818570594701813592e-02
-2.774551400325339645e-02
-2.728140521041175562e-02
-2.440481525674440683e-02
-2.485494589022435585e-02
-2.528402515041643789e-02
-2.568808747154174149e-02
-2.606312402860636729e-02
-2.640516300643417497e-02
-2.671036368823832829e-02
-2.697512226766106760e-02
-2.719618590488941806e-02
-2.737077015531862514e-02
-2.749667367339139051e-02
-2.757238324240989663e-02
-2.759716189562904862e-02
-2.757111332401775833e-02
-2.749521696590423100e-02
-2.737133008558658917e-02
-2.720215558163371211e-02
-2.699117693470124910e-02
-2.674256426803061845e-02
-2.646105761925255512e-02
-2.615183495322734655e-02
-2.582037304446305886e-02
-2.547230912164261812e-02
-2.511331021653896364e-02
-2.474895570143954490e-02
-2.438463677564552470e-02
-2.402547490684096149e-02
-2.367625963684443988e-02
-2.334140484912930816e-02
-2.302492162995970273e-02
-2.273040523975934993e-02
-2.246103341110541537e-02
-2.221957314467352951e-02
-2.200839331685618128e-02
-2.182948067695026154e-02
-2.168445714264573970e-02
-2.157459665738171994e-02
-2.150084022262055070e-02
-2.146380804613836485e-02
-2.146380804613715748e-02
-2.150084022262545302e-02
-2.157459665737907276e-02
-2.168445714265023264e-02
-2.182948067694925887e-02
-2.200839331685546310e-02
-2.221957314467033415e-02
-2.246103341110755949e-02
-2.273040523975930829e-02
-2.302492162995855435e-02
-2.334140484912819100e-02
-2.367625963684361068e-02
-2.402547490684074291e-02
-2.438463677564584736e-02
-2.474895570144247658e-02
-2.511331021653799914e-02
-2.547230912164196934e-02
-2.582037304446543544e-02
-2.615183495322756166e-02
-2.646105761925296451e-02
-2.674256426803369932e-02
-2.699117693469751944e-02
-2.720215558162712363e-02
-2.737133008557769698e-02
-2.749521696589727129e-02
-2.757111332403624701e-02
-2.759716189561354366e-02
-2.757238324236746876e-02
-2.749667367339062723e-02
-2.737077015530848048e-02
-2.719618590487062407e-02
-2.697512226768401106e-02
-2.671036368825140117e-02
-2.640516300640795636e-02
-2.606312402859893226e-02
-2.568808747155355496e-02
-2.528402515041486276e-02
-2.485494589021670225e-02
-2.440481525673297153e-02
-2.728140521042092537e-02
-2.774551400323390510e-02
-2.818570594700781085e-02
-2.859810312179955974e-02
-2.897884963812533826e-02
-2.932420043214814531e-02
-2.963062213139644463e-02
-2.989490304602826151e-02
-3.011426799224118170e-02
-3.028649241148179128e-02
-3.041000928788931482e-02
-3.048400188410456749e-02
-3.050847546441494418e-02
-3.048430204768528412e-02
-3.041323381607642651e-02
-3.029788296524413976e-02
-3.014166828746788970e-02
-2.994873131750844936e-02
-2.972382712250045203e-02
-2.947219650321680415e-02
-2.919942730960930696e-02
-2.891131270041931434e-02
-2.861371355693083721e-02
-2.831243105641087152e-02
-2.801309383946142331e-02
-2.772106249808150777e-02
-2.744135247062395172e-02
-2.717857500882395888e-02
-2.693689477142223454e-02
-2.672000183135987347e-02
-2.653109544675788523e-02
-2.637287679575949645e-02
-2.624754795407537381e-02
-2.615681464065693768e-02
-2.610189061608928288e-02
-2.608350204700615738e-02
