-4.632720400698356333e-03
-4.675446375173475388e-03
-4.718571760440923302e-03
-4.762087511575252563e-03
-4.805983362423993377e-03
-4.850247736147422772e-03
-4.894867650319156827e-03
-4.939828616358582503e-03
-4.985114533051948627e-03
-5.030707573945247812e-03
-5.076588068388745989e-03
-5.122734376050971927e-03
-5.169122754731581004e-03
-5.215727221355687115e-03
-5.262519406075027995e-03
-5.309468399464292721e-03
-5.356540592898723085e-03
-5.403699512296758489e-03
-5.450905645563025592e-03
-5.498116264239308326e-03
-5.545285240107430957e-03
-5.592362857783861330e-03
-5.639295624715323640e-03
-5.686026080482395328e-03
-5.732492607924188910e-03
-5.778629249421990410e-03
-5.824365532707723170e-03
-5.869626311939865615e-03
-5.914331631577909865e-03
-5.958396622955011712e-03
-6.001731446607816434e-03
-6.044241297653879519e-03
-6.085826497237642463e-03
-6.126382700896715328e-03
-6.165801265488587979e-03
-6.203969831357944442e-03
-6.240773197611251821e-03
-6.276094598576420491e-03
-6.309817533145717361e-03
-6.341828362556645171e-03
-6.372019987025467902e-03
-6.400297054778264494e-03
-6.426583376691233362e-03
-6.450832563055022839e-03
-6.473043446134960077e-03
-6.493282742898662252e-03
-6.511718895691520625e-03
-6.528673560690062549e-03
-6.544701652046430729e-03
-6.560718852814992341e-03
-6.578210380550009173e-03
-6.599583350347840160e-03
-6.628781747046189055e-03
-6.672399367631587364e-03
-6.741773183311469686e-03
-6.857082484533566502e-03
-7.055722841531733569e-03
-7.410303376410576348e-03
-8.070389191833546305e-03
-9.357384308412097784e-03
-1.129334243560049800e-02
-9.567786013304130366e-03
-7.703941910323669484e-03
-7.313932832082245539e-03
-7.511210260479989076e-03
-7.947512766126763051e-03
-8.487299197726907996e-03
-9.072177997313857212e-03
-9.674820068378275906e-03
-1.028137787093898192e-02
-1.088422825750888501e-02
-1.147878478462321938e-02
-1.206201581133430067e-02
-1.263171772680161953e-02
-1.318614011501516303e-02
-1.372378312744075568e-02
-1.424328310215863813e-02
-1.474334547459349443e-02
-1.522270421884834579e-02
-1.568009695132377423e-02
-1.611424987400457420e-02
-1.652386940971051210e-02
-1.690763885265790523e-02
-1.726421919354526047e-02
-1.759225376400704033e-02
-1.789037662580857113e-02
-1.815722477978841398e-02
-1.839145432505227828e-02
-1.859176067730228255e-02
-1.875690286347385383e-02
-1.888573175081967315e-02
1.897722184583795768e-02
1.903050601876510317e-02
1.904491218688494913e-02
1.902000064702717708e-02
1.895560041652552541e-02
1.885184266312284196e-02
1.870918912350216790e-02
1.852845337294475869e-02
1.831081295136829934e-02
1.805781069497809643e-02
1.777134416345942103e-02
1.745364275818553357e-02
1.710723293655337651e-02
1.673489275923124853e-02
1.633959776790225304e-02
1.592446079336984344e-02
1.549266866870005477e-02
1.504741893201923253e-02
1.459185944757068754e-02
1.412903348520896940e-02
1.366183223875244712e-02
1.319295610769921634e-02
1.272488539230910709e-02
1.225986042627404127e-02
1.179987064442386546e-02
1.134665168418144687e-02
1.090168935822365126e-02
1.046622920440250237e-02
1.004129029881691004e-02
9.627682083908586930e-03
9.226023089107665553e-03
8.836760582301206313e-03
8.460190365286085479e-03
8.096476099794941428e-03
7.745667711356346574e-03
7.407718559837989103e-03
7.082501184544814921e-03
6.769821528084196682e-03
6.469431617739607177e-03
6.181040738500814813e-03
5.904325170741617224e-03
5.638936590897231094e-03
5.384509248227128952e-03
5.140666037144983602e-03
4.907023585187325621e-03
4.683196472850217895e-03
4.468800694954297437e-03
4.263456464985479477e-03
4.066790454557822621e-03
3.878437550842689374e-03
3.698042205433890728e-03
3.525259439278768947e-03
3.359755560075339265e-03
3.201208640956257345e-03
3.049308802519662409e-03
2.903758334142331199e-03
2.764271685215272112e-03
2.630575352204331252e-03
2.502407683386997927e-03
