-1.496276647547367666e-05
-1.311644404521083995e-05
-1.116837893171823692e-05
-9.112448137428563744e-06
-6.942093643214075627e-06
-4.650286136435866080e-06
-2.229485242623285846e-06
3.284041232703982516e-07
3.032079735280912569e-06
5.890894725989193059e-06
8.914915866492512109e-06
1.211498745366801355e-05
1.550280212310461980e-05
1.909097900431450112e-05
2.289315023786681058e-05
2.692405685233989487e-05
3.119965515664679945e-05
3.573723496367448016e-05
4.055555114679254558e-05
4.567497024549754814e-05
5.111763408525288321e-05
5.690764266618603129e-05
6.307125891083509295e-05
6.963713825528655699e-05
7.663658652535404459e-05
8.410385007830839532e-05
9.207644282103327749e-05
1.005955154585250200e-04
1.097062732041895194e-04
1.194584492159658784e-04
1.299068422546331703e-04
1.411119285186640537e-04
1.531405593470369642e-04
1.660667585634614807e-04
1.799726357221628770e-04
1.949494345075963864e-04
2.110987391460705798e-04
2.285338660429070412e-04
2.473814731429810343e-04
2.677834259364880731e-04
2.898989668736404179e-04
3.139072445521653987e-04
3.400102708374860838e-04
3.684363886205105354e-04
3.994443509203332576e-04
4.333281344013825698e-04
4.704226382639675741e-04
5.111104543935110489e-04
5.558299385619094868e-04
6.050848679166540012e-04
6.594560403226507050e-04
7.196152607028133419e-04
7.863422742052719738e-04
8.605453535186352587e-04
9.432864383348699144e-04
1.035811972731462416e-03
1.139590909990925716e-03
1.256361779814731128e-03
1.388191275368128030e-03
1.537547566094393803e-03
1.707392545278484108e-03
1.901298575851230466e-03
2.123597142783560654e-03
2.379569357741397051e-03
2.675691790933826253e-03
3.019956079838417851e-03
3.422287889283087692e-03
3.895101199197101294e-03
4.454039437416873470e-03
5.118978841922791623e-03
5.915407278041781569e-03
6.876353904334955858e-03
8.045151081444615326e-03
9.479497011170193166e-03
1.125762517703934873e-02
1.348798196399780824e-02
1.632462499487002949e-02
1.998886173445178771e-02
2.474289600369432296e-02
2.645041069178370730e-02
-2.175451704205446507e-02
-2.283793419985712808e-02
-2.323916148183582941e-02
-2.357481308102142570e-02
2.392054178364701189e-02
2.432499367670334922e-02
2.490285096039897283e-02
2.611094620074229378e-02
2.404273128013147132e-02
1.647448688347451923e-02
1.129214111309773116e-02
7.841599712537512812e-03
5.471309446413656630e-03
3.802498657261198234e-03
2.605899763632044813e-03
1.736049190499102529e-03
1.097158663649289156e-03
6.243065460473859463e-04
2.724785147179137335e-04
9.882989167802475050e-06
-1.862788617271217417e-04
-3.325704013185798447e-04
-4.411607743861380160e-04
-5.210792765906260837e-04
-5.790844228356593903e-04
-6.202748363460068581e-04
-6.485241169022978869e-04
-6.667938976628942638e-04
-6.773614964942636929e-04
-6.819869877717869844e-04
-6.820368525054243403e-04
-6.785762072672417433e-04
-6.724380958911951867e-04
-6.642759008276717669e-04
-6.546032373774511581e-04
-6.438245002936236749e-04
-6.322583830934060817e-04
-6.201560812193421951e-04
-6.077154496483810203e-04
-5.950920645691522987e-04
-5.824079032583865528e-04
-5.697581823165091819e-04
-5.572167651460777082e-04
-5.448404528528277141e-04
-5.326724000303956208e-04
-5.207448418986307392e-04
-5.090812774560249387e-04
-4.976982213678437378e-04
-4.866066127838727939e-04
-4.758129503837967705e-04
-4.653202082745191287e-04
-4.551285759928063585e-04
-4.452360569487251452e-04
-4.356389526737700774e-04
-4.263322547410925561e-04
-4.173099618907608749e-04
-4.085653364499612639e-04
-4.000911114078169878e-04
-3.918796573218110563e-04
-3.839231164882474234e-04
-3.762135104109620015e-04
-3.687428254732262600e-04
-3.615030808135910600e-04
-3.544863816674400508e-04
-3.476849608440631817e-04
-3.410912105232775937e-04
-3.346977061630049266e-04
-3.284972239866387755e-04
-3.224827532587789397e-04
-3.166475043397641576e-04
