8.380128778205653273e-03
8.406281570550649951e-03
8.430940174437129286e-03
8.453983603725206963e-03
8.475283194212729354e-03
8.494702140430132609e-03
8.512095005896447297e-03
8.527307205412365532e-03
8.540174457922378171e-03
8.550522208355032516e-03
8.558165016779667456e-03
8.562905913092555554e-03
8.564535715338217337e-03
8.562832309615658888e-03
8.557559889397881037e-03
8.548468151911875479e-03
8.535291449071086278e-03
8.517747890292137747e-03
8.495538394384993808e-03
8.468345687611428252e-03
8.435833245025420313e-03
8.397644172392360051e-03
8.353400026454571581e-03
8.302699572288407825e-03
8.245117478205360451e-03
8.180202951596021732e-03
8.107478323899158790e-03
8.026437600583885557e-03
7.936545004153083838e-03
7.837233557204059675e-03
7.727903782073136663e-03
7.607922639446623725e-03
7.476622899229623531e-03
7.333303247124917101e-03
7.177229601591811337e-03
7.007638383482145406e-03
6.823742900910451104e-03
6.624744676397925636e-03
6.409852601618221124e-03
6.178314504435039600e-03
5.929468465209836170e-03
5.662825716333447224e-03
5.378204368458067153e-03
5.075945504430717792e-03
4.757263692364455121e-03
4.424818193484003626e-03
4.083647815409124915e-03
3.742704114981759700e-03
3.417358557907174132e-03
3.133450347963445681e-03
2.933619421115335468e-03
2.886559834480550979e-03
3.098634475042022496e-03
3.723355328973831924e-03
4.955996721469985156e-03
6.992386117479848506e-03
9.942313142053182951e-03
1.373824538544396456e-02
1.812348689356929610e-02
2.274828931245312380e-02
2.729500265521153657e-02
3.154609422172297006e-02
3.538617774930130633e-02
3.877378715206480919e-02
4.171140970253364721e-02
4.422382278204516071e-02
4.634484542418819408e-02
4.810999672566385055e-02
4.955276100241760850e-02
5.070290860993312276e-02
5.158593622705255621e-02
5.222308890714383312e-02
5.263166400890315066e-02
5.282543462579819549e-02
5.281510871462480328e-02
5.260878485557417272e-02
5.221239103674171766e-02
5.163010737925270710e-02
5.086478197515982569e-02
4.991835347290123071e-02
-4.879229580705868319e-02
-4.748809969935237352e-02
-4.600780179600212627e-02
-4.435456473772833585e-02
-4.253329928464029408e-02
-4.055130260714008561e-02
-3.841886606431365453e-02
-3.614978430736201509e-02
-3.376168084206633557e-02
-3.127606056498796749e-02
-2.871801443765651524e-02
-2.611553921233270709e-02
-2.349849303146950980e-02
-2.089727447386594689e-02
-1.834137060656983870e-02
-1.585795089148317460e-02
-1.347067759933632397e-02
-1.119886104705446195e-02
-9.057022525349969766e-03
-7.054858239727311575e-03
-5.197541302404407038e-03
-3.486265828999045302e-03
-1.918928763908943347e-03
-4.908558190268724752e-04
8.045003562288516319e-04
1.974936714669833782e-03
3.028975329390753979e-03
3.975444563173384516e-03
4.823160709665610946e-03
5.580698170372710987e-03
6.256233357025419578e-03
6.857447237980898030e-03
7.391472699113842831e-03
7.864874868243530021e-03
8.283654733894817851e-03
8.653268467797632646e-03
8.978656683479101230e-03
9.264279376741676314e-03
9.514153501168087085e-03
9.731891065295816823e-03
9.920736341226421562e-03
1.008360129184214526e-02
1.022309869604952001e-02
1.034157271304088355e-02
1.044112680554321743e-02
1.052364906041823936e-02
1.059083501974397885e-02
1.064420817942437168e-02
1.068513833483678184e-02
1.071485796105049564e-02
1.073447681356363634e-02
1.074499492797357722e-02
1.074731418591929472e-02
1.074224860171034239e-02
1.073053347048260817e-02
1.071283350516815530e-02
1.068975007658324282e-02
1.066182765872914634e-02
1.062955957015487146e-02
1.059339309199504829e-02
1.055373403404208030e-02
1.051095081193013925e-02
1.046537809113453829e-02
1.041732004692822074e-02
1.036705328363976726e-02
1.031482945144910485e-02
1.026087759443881225e-02
1.020540625965151403e-02
1.014860539340961543e-02
1.009064804809941401e-02
