-4.058787000124186584e-03
-4.176853335994712424e-03
-4.298740138630519070e-03
-4.424619473793689473e-03
-4.554674281992132645e-03
-4.689099303509969285e-03
-4.828102101098519228e-03
-4.971904191643672366e-03
-5.120742299274005926e-03
-5.274869743302823544e-03
-5.434557975134091112e-03
-5.600098278385035044e-03
-5.771803645672812788e-03
-5.950010842895259167e-03
-6.135082666215430081e-03
-6.327410386301968170e-03
-6.527416355057658048e-03
-6.735556716346013939e-03
-6.952324103604079486e-03
-7.178250106155859012e-03
-7.413907110118245214e-03
-7.659908810915327937e-03
-7.916908142682366201e-03
-8.185590364024886156e-03
-8.466657157873758166e-03
-8.760793972981961719e-03
-9.068605571070198490e-03
-9.390489572693561104e-03
-9.726384459820602846e-03
-1.007525070332493389e-02
-1.043394857417784261e-02
-1.079464196646068297e-02
-1.113822689434806890e-02
-1.141557061485598545e-02
-1.148439412777157997e-02
-1.084197822870186512e-02
-7.076606140894559083e-03
1.383829581843015744e-02
5.353105239296393481e-02
6.701504775582570184e-02
7.102854887816067997e-02
7.276824081392943566e-02
7.370677698180644333e-02
7.425130513201189109e-02
7.454220317840501431e-02
7.463182553966776767e-02
7.453647718292916169e-02
7.425459427192748763e-02
7.377398597869178065e-02
7.307505780911760507e-02
-7.213253988633336333e-02
-7.091687556499198797e-02
-6.939599791928294237e-02
-6.753811252668534548e-02
-6.531605690471989356e-02
-6.271362417380335619e-02
-5.973370932356975027e-02
-5.640710102600657305e-02
-5.279932869468845213e-02
-4.901190283037534789e-02
-4.517480604599882765e-02
-4.143003613936055429e-02
-3.791036351013621353e-02
-3.472033485257028373e-02
-3.192554498938740548e-02
-2.955200248107478500e-02
-2.759315509009618861e-02
-2.602028389980726164e-02
-2.479259879468209693e-02
-2.386507262964573939e-02
-2.319356795159904783e-02
-2.273765894003276777e-02
-2.246182161375875896e-02
-2.233561618400159432e-02
-2.233332439608318176e-02
-2.243334188790677142e-02
-2.261750042125823534e-02
-2.287041120753222079e-02
-2.317886971077581792e-02
-2.353133376303093161e-02
-2.391747209899150461e-02
-2.432777368040789367e-02
-2.475320577088713225e-02
-2.518490847505702734e-02
-2.561391416298572365e-02
-2.603088122671060045e-02
-2.642583266283983490e-02
-2.678789094348836552e-02
-2.710500155165274094e-02
-2.736363853627203635e-02
-2.754848670172467540e-02
-2.764209692223808246e-02
-2.762451406645488605e-02
-2.747288186915783359e-02
-2.716103685140019985e-02
-2.665911552471167401e-02
-2.593321751713477397e-02
-2.494519416886775698e-02
-2.365266971664302387e-02
-2.200945140884914830e-02
-1.996654337634809484e-02
-1.747403718300004349e-02
-1.448418715542935942e-02
-1.095594943197232551e-02
-6.861108487681816248e-03
-2.191765049776861485e-03
3.031619223215764602e-03
8.753157523581842070e-03
1.487761881734557534e-02
2.127190584598790540e-02
2.777331467567487056e-02
3.420411104975250305e-02
4.038975986004757907e-02
4.617668640995281626e-02
5.144557756643844404e-02
5.611789197143596253e-02
6.015551740989889817e-02
6.355529471340158609e-02
6.634084721202884727e-02
6.855391468809794719e-02
7.024665633583432323e-02
7.147560701802510574e-02
7.229739156590754556e-02
7.276597617528068884e-02
7.293111205082011828e-02
7.283762520642569904e-02
7.252526206509939122e-02
7.202887172266626836e-02
7.137877147541746292e-02
7.060119468658375419e-02
6.971875845765132529e-02
6.875091497905511106e-02
6.771436771807233523e-02
6.662344439945433461e-02
6.549042514499044121e-02
6.432582769721949256e-02
6.313865342457233854e-02
6.193659850036591780e-02
6.072623472462015254e-02
5.951316420347663172e-02
5.830215169094446481e-02
5.709723793453082979e-02
5.590183690735473637e-02
5.471881938390892736e-02
5.355058493781193751e-02
5.239912411088973321e-02
5.126607222197376856e-02
5.015275604685323629e-02
4.906023440213952425e-02
4.798933350045524182e-02
