2.062041959991101070e-03
2.084113633929060572e-03
2.106648441348057954e-03
2.129660512238826242e-03
2.153164522551084814e-03
2.177175718173482433e-03
2.201709939928769844e-03
2.226783649600258541e-03
2.252413957001639377e-03
2.278618648091909615e-03
2.305416214130717734e-03
2.332825881854502792e-03
2.360867644642883345e-03
2.389562294621186411e-03
2.418931455630712879e-03
2.448997616962794721e-03
2.479784167727261401e-03
2.511315431681745980e-03
2.543616702302659016e-03
2.576714277818373255e-03
2.610635495857688282e-03
2.645408767279089357e-03
2.681063608645312124e-03
2.717630672685239501e-03
2.755141775934513704e-03
2.793629922567333890e-03
2.833129323216873607e-03
2.873675407317963226e-03
2.915304827191822490e-03
2.958055451711960604e-03
3.001966346927120721e-03
3.047077740462422746e-03
3.093430965840762714e-03
3.141068382054287844e-03
3.190033262713901085e-03
3.240369647904306483e-03
3.292122150404641623e-03
3.345335706143065524e-03
3.400055256586279051e-03
3.456325348099004158e-03
3.514189630077740878e-03
3.573690229694934106e-03
3.634866976244724435e-03
3.697756442161886925e-03
3.762390760520026300e-03
3.828796169947690231e-03
3.896991227037460703e-03
3.966984613058180398e-03
4.038772445607102801e-03
4.112334986171903295e-03
4.187632610775648967e-03
4.264600882257746362e-03
4.343144528659040327e-03
4.423130092107735445e-03
4.504376966473572219e-03
4.586646490533599629e-03
4.669628708723644328e-03
4.752926358669362639e-03
4.836035603345043010e-03
4.918323013675479638e-03
4.998998356206679761e-03
5.077082904152679932e-03
5.151373359935262908e-03
5.220402204686447334e-03
5.282396622953322574e-03
5.335240488414411120e-03
5.376447870302808463e-03
5.403163103083502561e-03
5.412213093639817174e-03
5.400254215660565960e-03
5.364081290740480013e-03
5.301201887692119641e-03
5.210824872497132887e-03
5.095458358476107064e-03
4.963327034481115896e-03
4.831721596954580145e-03
4.731012895485983694e-03
4.708100207394483316e-03
4.826119298904391064e-03
5.154060683546374255e-03
5.736484912243003387e-03
6.629958133289801103e-03
9.776531245608854892e-02
9.544084561314790383e-02
-8.463826631339778361e-02
-4.368664373029557818e-02
-4.273006295706211453e-03
8.378163223021784303e-03
1.295127089132966369e-02
1.496654454752900654e-02
1.584845340628767557e-02
1.611306212526655499e-02
1.600923904125392538e-02
1.568054179779875684e-02
1.521759999032685357e-02
1.467976181924750961e-02
1.410621887531555985e-02
1.352266786666383308e-02
1.294564860773463055e-02
1.238547785971529785e-02
1.184826179938031077e-02
1.133728121509902653e-02
1.085394388010634675e-02
1.039843730315420656e-02
9.970174191655578610e-03
9.568094768193702304e-03
9.190870440206555525e-03
8.837039636704506484e-03
8.505097113975110257e-03
8.193551439326797470e-03
7.900960801441973824e-03
7.625954144842975180e-03
7.367242449548561112e-03
7.123623473489076874e-03
6.893982236105301864e-03
6.677288802928449396e-03
6.472594433795164637e-03
6.279026813399812834e-03
6.095784845059681878e-03
5.922133324366182783e-03
5.757397696345131766e-03
5.600959022212262384e-03
5.452249229036185141e-03
5.310746679992664476e-03
5.175972079223933875e-03
5.047484709897659405e-03
4.924878994346154615e-03
4.807781359355042805e-03
4.695847386526993961e-03
4.588759226267988267e-03
4.486223253754806350e-03
4.387967945785942181e-03
4.293741958441441020e-03
4.203312386733826234e-03
4.116463188839014631e-03
4.032993758916206262e-03
3.952717633938035435e-03
3.875461321291545636e-03
3.801063235182824962e-03
3.729372731044705569e-03
3.660249228232326235e-03
3.593561412267812227e-03
3.529186508791110066e-03
3.467009622179301198e-03
3.406923132519820707e-03
3.348826145275485278e-03
3.292623988563100901e-03
3.238227753489003602e-03
3.185553873453650375e-03
3.134523738753780542e-03
