-2.068334902891544314e-03
-2.050005516571140607e-03
-2.030259258432087766e-03
-2.009022741690014158e-03
-1.986218379998294647e-03
-1.961764100519014509e-03
-1.935573033557180800e-03
-1.907553176527909677e-03
-1.877607029790895332e-03
-1.845631201598585402e-03
-1.811515979122935160e-03
-1.775144862172894911e-03
-1.736394055832202188e-03
-1.695131917821446343e-03
-1.651218355903205648e-03
-1.604504170097220683e-03
-1.554830333857060154e-03
-1.502027207662792740e-03
-1.445913677678323239e-03
-1.386296211252802113e-03
-1.322967819983311699e-03
-1.255706919932708665e-03
-1.184276077248247461e-03
-1.108420625941297644e-03
-1.027867142836536019e-03
-9.423217627594904222e-04
-8.514683147666235463e-04
-7.549662576089022359e-04
-6.524483897082933304e-04
-5.435183053952297172e-04
-4.277475654681506256e-04
-3.046725451148479813e-04
-1.737909176438567904e-04
-3.455772579258331589e-05
1.136190142854709428e-04
2.713832395439541578e-04
4.394363697230452281e-04
6.185435238825753856e-04
8.095405202978578352e-04
1.013341771232911803e-03
1.230949201631303946e-03
1.463462341124766031e-03
1.712089762786805913e-03
1.978162070013167462e-03
2.263146665677007174e-03
2.568664576281964873e-03
2.896509648764811207e-03
3.248670490535343625e-03
3.627355585110625391e-03
4.035022088180018063e-03
4.474408893448855729e-03
4.948574656248871939e-03
5.460941577498656940e-03
6.015345883297051888e-03
6.616096088191303348e-03
7.268040305036360671e-03
7.976644062502369348e-03
8.748080313721984247e-03
9.589333565461988229e-03
1.050832032453075104e-02
1.151402834215753401e-02
1.261667743137462327e-02
1.382790492765384460e-02
1.516097915236808147e-02
1.663104452221481067e-02
1.825540225107846748e-02
2.005383099808194514e-02
2.204895253757049867e-02
2.426664903232833570e-02
2.673654175619633033e-02
2.949254808427953511e-02
3.257354803312706437e-02
3.602422082248885049e-02
3.989616955398450626e-02
4.424956415158948220e-02
4.915574891531321322e-02
5.470167826462674077e-02
6.099785558610609781e-02
6.819304720173541279e-02
7.650220210757630035e-02
8.625996218348486178e-02
9.801992481161414528e-02
1.126946735809370992e-01
1.312652702259424209e-01
1.479975046497843394e-01
7.726269440883898332e-02
-2.174469627965369689e-02
-2.355657660697874078e-02
-3.098676006856709852e-02
-3.447769609154704984e-02
-3.512749547986498966e-02
-3.416915604798281825e-02
-3.234957591296866442e-02
-3.010246999744073393e-02
-2.768265865749997001e-02
-2.524108442275491138e-02
-2.286631794432997244e-02
-2.060844263394048803e-02
-1.849341311896363083e-02
-1.653200381078120951e-02
-1.472552957957173891e-02
-1.306955868102174789e-02
-1.155633724119506378e-02
-1.017636918137890256e-02
-8.919435470407549582e-03
-7.775238982167670398e-03
-6.733799273262702778e-03
-5.785681082752264226e-03
-4.922113321724624901e-03
-4.135037043114575539e-03
-3.417108430212034698e-03
-2.761674326555385584e-03
-2.162732000813183397e-03
-1.614880854824890521e-03
-1.113271066503385143e-03
-6.535523168468282407e-04
-2.318245094931892236e-04
1.554084359423890671e-04
5.112811802369665592e-04
8.386057648405165210e-04
1.139906650790500908e-03
1.417452163062771220e-03
1.673282580603230318e-03
1.909235147391857845e-03
2.126966290285553507e-03
2.327971324276645326e-03
2.513601911791896182e-03
2.685081523527282910e-03
2.843519127011528980e-03
2.989921307326337541e-03
3.125203003169763072e-03
3.250197021379214180e-03
3.365662474612007848e-03
3.472292269962568012e-03
3.570719761222918009e-03
3.661524663862630868e-03
3.745238319897814527e-03
3.822348389116880796e-03
3.893303033851547301e-03
3.958514656208028670e-03
4.018363239528532915e-03
4.073199339491462290e-03
4.123346764796281816e-03
4.169104982485433153e-03
4.210751278797664199e-03
4.248542702702112761e-03
4.282717816062403537e-03
4.313498271547533403e-03
4.341090236910441491e-03
4.365685682115386101e-03
