4.056156866887317136e-03
4.053632313471167148e-03
4.049764950450202017e-03
4.044470678033873501e-03
4.037660571765105955e-03
4.029240613288576078e-03
4.019111407774000888e-03
4.007167887660118000e-03
3.993299002424594013e-03
3.977387394175468938e-03
3.959309058922000357e-03
3.938932993505117608e-03
3.916120828278857324e-03
3.890726445810621659e-03
3.862595586038908291e-03
3.831565438555645242e-03
3.797464222965479808e-03
3.760110758579765511e-03
3.719314025098230392e-03
3.674872716391580640e-03
3.626574790036307672e-03
3.574197015922292442e-03
3.517504527989101515e-03
3.456250384122144803e-03
3.390175140304346746e-03
3.319006446444477954e-03
3.242458672931991526e-03
3.160232578832439243e-03
3.072015035041897324e-03
2.977478818516565706e-03
2.876282497255383541e-03
2.768070430044400343e-03
2.652472910424169550e-03
2.529106491216209784e-03
2.397574534635876775e-03
2.257468044270710683e-03
2.108366849669612852e-03
1.949841233357119119e-03
1.781454115216407619e-03
1.602763942851609391e-03
1.413328482026854349e-03
1.212709763417113562e-03
1.000480527771574479e-03
7.762326316038958840e-04
5.395880451537771183e-04
2.902133172130727523e-04
2.783873339862186214e-05
-2.477160885197005058e-04
-5.365076522235445733e-04
-8.384214063208439427e-04
-1.153106468079451163e-03
-1.479883978501073116e-03
-1.817616362034479849e-03
-2.164517523568082469e-03
-2.517872002163024092e-03
-2.873610711053437017e-03
-3.225655437869373587e-03
-3.564881035462180714e-03
-3.877428424668538653e-03
-4.141883905141890976e-03
-4.324421740655504109e-03
-4.370189765960097450e-03
-4.187630134197845022e-03
-3.619520823867961035e-03
-2.390378099241807774e-03
-2.063899543472413889e-05
4.259919926595495676e-03
1.137008801949954129e-02
2.147271220588220508e-02
3.274541995438093323e-02
4.246863939665557197e-02
4.948219798829363303e-02
5.416341712953436083e-02
5.724407408508741524e-02
5.928882392710078941e-02
6.065391228157988868e-02
6.155293337753688088e-02
6.211397894652163909e-02
6.241526038392435083e-02
6.250565284447814896e-02
6.241644431476368882e-02
6.216817019038466119e-02
6.177469913728982076e-02
6.124575426041529991e-02
6.058852156538573064e-02
5.980871101499718456e-02
5.891127892515783671e-02
5.790093311615709948e-02
5.678249235598840927e-02
5.556114250516377279e-02
5.424261449128268270e-02
5.283329896783032359e-02
5.134030655681118271e-02
4.977147939575020386e-02
4.813535837292945430e-02
4.644111032461556432e-02
4.469842013023588717e-02
4.291735370502319097e-02
4.110819903465654651e-02
3.928129335224979368e-02
-3.744684511346171862e-02
-3.561475944529872428e-02
-3.379447517897161968e-02
-3.199482046366984578e-02
-3.022389240754073947e-02
-2.848896436691858436e-02
-2.679642259046331049e-02
-2.515173210025047068e-02
-2.355943010556107997e-02
-2.202314399955049989e-02
-2.054563013430901752e-02
-1.912882910805924902e-02
-1.777393319129116911e-02
-1.648146170333850483e-02
-1.525134055021889687e-02
-1.408298267089634973e-02
-1.297536674217733207e-02
-1.192711210408407482e-02
-1.093654844524800940e-02
-1.000177930269076712e-02
-9.120738867209068207e-03
-8.291241938935347416e-03
-7.511027149854021534e-03
-6.777793768348718689e-03
-6.089232535122654499e-03
-5.443051061202998364e-03
-4.836994358132118421e-03
-4.268861077799706444e-03
-3.736516023748914783e-03
-3.237899464270773547e-03
-2.771033736182541146e-03
-2.334027581538299090e-03
-1.925078610918774108e-03
-1.542474238843842549e-03
-1.184591391074419839e-03
-8.498952408983618395e-04
-5.369371927463201244e-04
-2.443522967863331202e-04
2.914375252146064743e-05
2.847579076434725992e-04
5.236232457502560528e-04
7.468025496320928464e-04
9.552919250088911379e-04
1.150024401666900620e-03
1.331873477556973911e-03
1.501656574837998900e-03
1.660138384838511991e-03
1.808034085515487950e-03
1.946012420342972671e-03
2.074698631800805070e-03
