-2.830433090901311385e-02
-2.830458781935992277e-02
-2.830538882059484632e-02
-2.830682489166477453e-02
-2.830904822290540232e-02
-2.831227304548423335e-02
-2.831677677453109387e-02
-2.832290144614523636e-02
-2.833105542036775878e-02
-2.834171531205923605e-02
-2.835542809897279026e-02
-2.837281334046718589e-02
-2.839456542055766516e-02
-2.842145570453358944e-02
-2.845433446841278899e-02
-2.849413242390115217e-02
-2.854186161763602736e-02
-2.859861543113325841e-02
-2.866556734647684665e-02
-2.874396807192999836e-02
-2.883514054125800585e-02
-2.894047221188389418e-02
-2.906140399202792116e-02
-2.919941502980000908e-02
-2.935600250466310554e-02
-2.953265548310588309e-02
-2.973082185045801407e-02
-2.995186732805544400e-02
-3.019702565535919980e-02
-3.046733919024419146e-02
-3.076358949549535399e-02
-3.108621797543799706e-02
-3.143523734462649877e-02
-3.181013568418623177e-02
-3.220977608750150156e-02
-3.263229640253741126e-02
-3.216368606674521041e-02
-3.176740465069129160e-02
-3.139004829085766113e-02
-3.103399201624245166e-02
-3.070087647050523394e-02
-3.039169265237240750e-02
-3.010687168976808673e-02
-2.984637433863389019e-02
-2.960977636804813448e-02
-2.939634728358747617e-02
-2.920512090593008897e-02
-2.903495715160899979e-02
-2.888459497521180669e-02
-2.875269685520120966e-02
-2.863788547508080637e-02
-2.853877340082199357e-02
-2.845398661654622782e-02
-2.838218277932344491e-02
-2.832206501180692393e-02
-2.827239198470661227e-02
-2.823198496171104924e-02
-2.819973239596204606e-02
-2.817459258503802327e-02
-2.815559481448865267e-02
-2.814183934990029806e-02
-2.813249657548139854e-02
-2.812680552319637289e-02
-2.812407199031402225e-02
-2.812366640432057210e-02
-2.812502156162528452e-02
-2.812763033974652674e-02
-2.813104346074152967e-02
-2.813486736602179364e-02
-2.813876224847211907e-02
-2.814244027661645317e-02
-2.814566403670624647e-02
-2.814824521177771918e-02
-2.815004351136421792e-02
-2.815096586150737240e-02
-2.815096586150694566e-02
-2.815004351136404792e-02
-2.814824521177735489e-02
-2.814566403670641648e-02
-2.814244027661629358e-02
-2.813876224847277133e-02
-2.813486736602165833e-02
-2.813104346074201192e-02
-2.812763033974606877e-02
-2.812502156162580841e-02
-2.812366640432046108e-02
-2.812407199031449409e-02
-2.812680552319590452e-02
-2.813249657548141242e-02
-2.814183934990006908e-02
-2.815559481448922860e-02
-2.817459258503815858e-02
-2.819973239596184830e-02
-2.823198496171119842e-02
-2.827239198470615084e-02
-2.832206501180750680e-02
-2.838218277932278918e-02
-2.845398661654733111e-02
-2.853877340082002639e-02
-2.863788547508167720e-02
-2.875269685519771592e-02
-2.888459497521043626e-02
-2.903495715161170249e-02
-2.920512090592856588e-02
-2.939634728359017887e-02
-2.960977636805338722e-02
-2.984637433863215547e-02
-3.010687168976310113e-02
-3.039169265237171361e-02
-3.070087647050462332e-02
-3.103399201624245166e-02
-3.139004829085730724e-02
-3.176740465069153446e-02
-3.216368606675230890e-02
-3.263229640253956926e-02
-3.220977608750174442e-02
-3.181013568418508686e-02
-3.143523734461905333e-02
-3.108621797543346943e-02
-3.076358949549959018e-02
-3.046733919024972176e-02
-3.019702565535353420e-02
-2.995186732805623850e-02
-2.973082185046173331e-02
-2.953265548310962663e-02
-2.935600250466798705e-02
-2.919941502979920764e-02
-2.906140399202940608e-02
-2.894047221188471991e-02
-2.883514054125608378e-02
-2.874396807192887079e-02
-2.866556734647699584e-02
-2.859861543113277615e-02
-2.854186161763713064e-02
-2.849413242390160667e-02
-2.845433446841194591e-02
-2.842145570453377679e-02
-2.839456542055791843e-02
-2.837281334046785897e-02
-2.835542809897290129e-02
-2.834171531205929850e-02
-2.833105542036783858e-02
-2.832290144614531963e-02
-2.831677677453059080e-02
-2.831227304548481968e-02
-2.830904822290531558e-02
-2.830682489166510066e-02
-2.830538882059490530e-02
-2.830458781935973889e-02
-2.830433090901277732e-02
