1.402748451228744142e-03
1.413026514962417712e-03
1.422939351762117499e-03
1.432441392307345907e-03
1.441485303587730638e-03
1.450022526914798715e-03
1.458004035737592297e-03
1.465381372914867364e-03
1.472108040891206837e-03
1.478141334559091025e-03
1.483444725587618196e-03
1.487990928716348416e-03
1.491765804363900938e-03
1.494773277040672976e-03
1.497041473329893679e-03
1.498630303189085744e-03
1.499640718239506065e-03
1.500225871586644000e-03
1.500604362084823062e-03
1.501075652560940332e-03
1.502037579668033529e-03
1.504005588192455778e-03
1.507632882746773317e-03
1.513730049615746864e-03
1.523281822339545011e-03
1.537457533228286932e-03
1.557610452971508463e-03
1.585259816963141555e-03
1.622048169016329644e-03
1.669666216257068014e-03
1.729738370510935930e-03
1.803665325228312466e-03
1.892425982915238447e-03
1.996349810151398785e-03
2.114881183789787955e-03
2.246367080307010156e-03
2.387905064481415929e-03
2.535286487886576068e-03
2.683058338459803904e-03
2.824707680531335363e-03
2.952949878234703562e-03
3.060082445467363077e-03
3.138356164661251779e-03
3.180316478344324960e-03
3.179079391932793097e-03
3.128522645687845105e-03
3.023389492621084140e-03
2.859315174919649372e-03
2.632793457011645133e-03
2.341102653565241276e-03
1.982208927396769682e-03
1.554660946227665042e-03
1.057485716007819376e-03
4.900914895668295745e-04
1.478194555497858165e-04
8.563275471032277819e-04
1.635362843835058699e-03
2.484763445992577147e-03
3.404326724275055782e-03
4.393854297260649244e-03
5.453190873916255454e-03
6.582255790172908405e-03
7.781064086400280022e-03
9.049730808728118081e-03
1.038844688883650003e-02
1.179740551082851530e-02
1.327664038691346582e-02
1.482570379943395911e-02
1.644304579178883230e-02
1.812482048059892159e-02
1.986256276720087255e-02
2.163857789087422767e-02
2.341660595940979472e-02
2.512269057388302751e-02
2.660650988630998415e-02
2.756959794176082335e-02
2.746969669480177345e-02
2.556894244910488945e-02
2.172854031887545834e-02
1.779662549365314261e-02
1.534424107594625775e-02
1.358568908786414453e-02
1.195791274092819489e-02
1.045604605605976456e-02
9.137112679106870750e-03
8.011864287505165994e-03
7.062558697744122926e-03
6.262933138176787762e-03
5.587326372686676756e-03
5.013622796740446752e-03
4.523663408504810524e-03
4.102807395443636151e-03
3.739304521565137152e-03
3.423706058023459620e-03
3.148375377949819143e-03
2.907100457939668092e-03
2.694792981757967998e-03
2.507256113510630824e-03
2.341005143059043947e-03
2.193128370466271293e-03
2.061178534660354500e-03
1.943087478975119575e-03
1.837098581302112899e-03
1.741712851850124588e-03
1.655645621210538598e-03
1.577791495095556829e-03
1.507195809982889156e-03
1.443031238351155654e-03
1.384578501929814576e-03
1.331210384174968953e-03
1.282378409475634640e-03
1.237601690960446477e-03
1.196457551952856413e-03
1.158573605900672931e-03
1.123621041712388746e-03
1.091308910093166662e-03
1.061379244887486473e-03
1.033602883889025992e-03
1.007775877904432127e-03
9.837163963944128842e-04
9.612620537780280916e-04
9.402675932592974295e-04
9.206028754892292554e-04
9.021511278841237713e-04
8.848074174702125205e-04
8.684773159202130444e-04
8.530757302284697197e-04
8.385258765437331174e-04
8.247583779437683837e-04
8.117104698077831637e-04
7.993252987473498106e-04
7.875513030884961907e-04
7.763416645473336652e-04
7.656538221855191395e-04
7.554490409475006496e-04
7.456920280852069594e-04
7.363505917181573102e-04
7.273953364745205930e-04
7.187993918413848604e-04
7.105381694045981300e-04
7.025891456542837643e-04
6.949316674053768184e-04
6.875467773099636082e-04
6.804170571883400020e-04
6.735264872091278887e-04
6.668603191959110443e-04
6.604049624912081140e-04
6.541478810678097444e-04
6.480775006538833094e-04
6.421831248333981224e-04
