-2.029409752244415444e-04
-1.838505211133600881e-04
-1.647479108455307539e-04
-1.456395579921831995e-04
-1.265322110128863642e-04
-1.074329711274746302e-04
-8.834931133483436838e-05
-6.928909666292781822e-05
-5.026060574908619571e-05
-3.127255384716143283e-05
-1.233411737988632240e-05
6.545039851424405697e-06
2.535473865750148548e-05
4.408425451862818534e-05
6.272228554160541592e-05
8.125691815541458141e-05
9.967559034906869897e-05
1.179650522515895972e-04
1.361113238327327224e-04
1.540996494708846143e-04
1.719144491267865504e-04
1.895392658246564110e-04
2.069567091127488823e-04
2.241483941574085037e-04
2.410948760642739330e-04
2.577755790043045891e-04
2.741687196647912828e-04
2.902512245002153435e-04
3.059986401969805314e-04
3.213850367176362965e-04
3.363829022038355987e-04
3.509630289533216541e-04
3.650943895974201325e-04
3.787440024969335184e-04
3.918767852844062816e-04
4.044553953401752722e-04
4.164400558566150323e-04
4.277883659953296558e-04
4.384550934526387778e-04
4.483919475557485157e-04
4.575473307817379265e-04
4.658660663356961606e-04
4.732890991225868760e-04
4.797531671267840636e-04
4.851904398082140801e-04
4.895281197150325170e-04
4.926880029860747356e-04
4.945859938512153775e-04
4.951315675918444015e-04
4.942271756285254725e-04
4.917675855629077830e-04
4.876391479577968369e-04
4.817189804744437254e-04
4.738740586227585538e-04
4.639602007825427421e-04
4.518209332997624728e-04
4.372862193089410709e-04
4.201710323739060726e-04
4.002737530639510766e-04
3.773743630788306547e-04
3.512324073631223342e-04
3.215846897746121869e-04
2.881426619956162227e-04
2.505894584809986725e-04
2.085765219039803497e-04
1.617197536560865956e-04
1.095951120120286504e-04
5.173356617427238291e-05
-1.238470297804106224e-05
-8.333698576845627315e-05
-1.617657662953408959e-04
-2.483876722667588410e-04
-3.440038783490972918e-04
-4.495122369492232650e-04
-5.659214694002656643e-04
-6.943678239459405432e-04
-8.361346986247575330e-04
-9.926758423273174259e-04
-1.165642892510421191e-03
-1.356918192241263199e-03
-1.568654064016294924e-03
-1.803320018751719545e-03
-2.063759766421702224e-03
-2.353260398204826132e-03
-2.675636767200506583e-03
-3.035334958321422860e-03
-3.437559880629548204e-03
-3.888433538005608980e-03
-4.395192578366069469e-03
-4.966436487445768933e-03
-5.612441565532311216e-03
-6.345561013316958210e-03
-7.180738649093854065e-03
-8.136173848846350865e-03
-9.234189517592028551e-03
-1.050237515393059873e-02
-1.197510618116048864e-02
-1.369558292054395832e-02
-1.571859424148203122e-02
-1.811430159704907616e-02
-2.097347305398167272e-02
-2.441479471525320744e-02
-2.859517718499204886e-02
-3.372439267095439508e-02
-4.008595451686525202e-02
-4.806686922518310645e-02
-5.819956069315745939e-02
-7.121917138444100459e-02
-8.813645753824839169e-02
-1.103150715719166675e-01
-1.395095070316733077e-01
-1.777420869163446326e-01
-2.267256071985196408e-01
-2.857664927492497009e-01
-2.825452427932532151e-01
4.523635690663694309e-01
3.714945861681461237e-01
2.963862117445824618e-01
2.340504333594245756e-01
1.849006736616693458e-01
1.471377717260265450e-01
1.183733713920810671e-01
9.641519112938573555e-02
7.951240058868383476e-02
6.635156027590899397e-02
5.597359441481852826e-02
4.768411444328718440e-02
4.097962888019379690e-02
3.549255041730792204e-02
3.095190624280719227e-02
2.715573784113683997e-02
2.395179019731774606e-02
2.122396100755058468e-02
1.888272715845445981e-02
1.685832094982353535e-02
1.509581783736363425e-02
1.355156345685165631e-02
1.219054759494420104e-02
1.098445425652905261e-02
9.910199276801756607e-03
8.948823014078732818e-03
8.084644176881927713e-03
7.304607516945060830e-03
6.597776764769469615e-03
5.954937334992749243e-03
5.368282689331094204e-03
-4.831164968254086922e-03
-4.337895374026512485e-03
-3.883583348123442747e-03
-3.464006209456860219e-03
