-2.176815404368592777e-05
-2.235043531681468743e-05
-2.295612446722578026e-05
-2.358647965109567091e-05
-2.424284387970293553e-05
-2.492665191980436568e-05
-2.563943785210964776e-05
-2.638284336033830391e-05
-2.715862683193986937e-05
-2.796867336180008934e-05
-2.881500576221857068e-05
-2.969979669526640054e-05
-3.062538205941822689e-05
-3.159427577938828113e-05
-3.260918616854874275e-05
-3.367303405614474610e-05
-3.478897289836690998e-05
-3.596041112310238708e-05
-3.719103699367093396e-05
-3.848484631852056026e-05
-3.984617338149282206e-05
-4.127972552347980439e-05
-4.279062187174248466e-05
-4.438443678899534062e-05
-4.606724870469258715e-05
-4.784569509551361843e-05
-4.972703450673715553e-05
-5.171921665207690477e-05
-5.383096180354429716e-05
-5.607185088862820521e-05
-5.845242795717020545e-05
-6.098431697353773329e-05
-6.368035523965365208e-05
-6.655474617586060182e-05
-6.962323469347775351e-05
-7.290330900577846052e-05
-7.641443346698834072e-05
-8.017831793290935982e-05
-8.421923023972655020e-05
-8.856435974937543198e-05
-9.324424157193533791e-05
-9.829325312693537597e-05
-1.037501972476623235e-04
-1.096589891967578168e-04
-1.160694689134947333e-04
-1.230383647752922305e-04
-1.306304414098527489e-04
-1.389198720167100776e-04
-1.479918857382328534e-04
-1.579447535152087023e-04
-1.688921924388256390e-04
-1.809662900347508430e-04
-1.943210777550635759e-04
-2.091369193350720024e-04
-2.256259274940955462e-04
-2.440386856952456163e-04
-2.646726358177531324e-04
-2.878826052577984629e-04
-3.140940988232143738e-04
-3.438201868398507721e-04
-3.776831024507112944e-04
-4.164420486333642035e-04
-4.610292529420925711e-04
-5.125970594569567718e-04
-5.725799073698564778e-04
-6.427765556178410833e-04
-7.254600895430229901e-04
-8.235264296679520313e-04
-9.406968128229803439e-04
-1.081796996325407045e-03
-1.253147524333912688e-03
-1.463118818925204789e-03
-1.722939645587825974e-03
-2.047914783447186970e-03
-2.459348445499290325e-03
-2.987785392458371103e-03
3.678927879937093914e-03
4.605423215906553902e-03
5.892380480760420203e-03
7.776594336155746856e-03
1.074830682167194490e-02
1.577572127465515922e-02
2.054209183192904492e-02
7.228687033379838089e-03
-1.818541089125519372e-03
-4.381972757415003583e-03
-4.463429297579618593e-03
3.801397071876114198e-03
3.027209589413604185e-03
2.342337818874620781e-03
1.790001594747611668e-03
1.361208616939068444e-03
1.033649165122572933e-03
7.848652497114139148e-04
5.960052055049361308e-04
4.523039452554791784e-04
3.425502751956410741e-04
2.583500443107851485e-04
1.934517522026203695e-04
1.432019642310031204e-04
1.041287500572855851e-04
7.363130679778617793e-05
4.975162275249259136e-05
3.100739013746356409e-05
1.626985908952452431e-05
4.674395648870954822e-06
-4.445232719476124861e-06
-1.160535257834112433e-05
-1.720835538947425303e-05
-2.156952524192887188e-05
-2.493716186449668193e-05
-2.750776216732357671e-05
-2.943754020873039223e-05
-3.085121884431087091e-05
-3.184877695460233693e-05
-3.251065605591220431e-05
-3.290179944511785470e-05
-3.307480177646565656e-05
-3.307237716730290766e-05
-3.292930250966066841e-05
-3.267395458317161328e-05
-3.232953121215520476e-05
-3.191502548778243908e-05
-3.144600610979590705e-05
-3.093524482745101112e-05
-3.039322278222331142e-05
-2.982854054576697389e-05
-2.924825126769843575e-05
-2.865813220108773263e-05
-2.806290666180870363e-05
-2.746642598007442704e-05
-2.687181905104869817e-05
-2.628161556110508723e-05
-2.569784776098628376e-05
-2.512213470445140429e-05
-2.455575211515043099e-05
-2.399969044240314597e-05
-2.345470318564253642e-05
-2.292134718166229101e-05
-2.240001623844516121e-05
-2.189096924920530540e-05
-2.139435371758743876e-05
-2.091022546046872321e-05
-2.043856512108990775e-05
-1.997929201572046232e-05
-1.953227574785602882e-05
-1.909734595039250249e-05
-1.867430045595502852e-05
-1.826291214569557286e-05
-1.786293468584131128e-05
