4.062447882156483558e-03
4.095394422880316299e-03
4.125574160672051960e-03
4.152774919887303184e-03
4.176770766047388506e-03
4.197321027988643038e-03
4.214169239548759549e-03
4.227041993140501219e-03
4.235647696738009671e-03
4.239675224872563319e-03
4.238792453217454792e-03
4.232644665150608887e-03
4.220852817414133540e-03
4.203011650495636076e-03
4.178687627721666686e-03
4.147416685183813456e-03
4.108701772515876982e-03
4.062010162190876628e-03
4.006770502274159540e-03
3.942369584581939534e-03
3.868148796713377635e-03
3.783400222517885325e-03
3.687362351120437864e-03
3.579215349562181459e-03
3.458075848322472723e-03
3.322991182458601145e-03
3.172933023539048492e-03
3.006790328975883497e-03
2.823361525498668811e-03
2.621345832297228284e-03
2.399333616331045249e-03
2.155795657519776753e-03
1.889071184369317535e-03
1.597354520976645986e-03
1.278680163595780073e-03
9.309060788911249773e-04
5.516949857076181019e-04
1.384933474595229086e-04
-3.114922381630691461e-04
-8.013216119542310167e-04
-1.334351002068023817e-03
-1.914266824860622052e-03
-2.545123885448807854e-03
-3.231388608654794936e-03
-3.977988026841128288e-03
-4.790365360975545883e-03
-5.674543157792699688e-03
-6.637195090238301454e-03
-7.685727692639976460e-03
-8.828373487830276645e-03
-1.007429717122088064e-02
-1.143371674693161033e-02
-1.291804176138500182e-02
-1.454003104522683110e-02
-1.631397264654266266e-02
-1.825588890076190740e-02
-2.038376981000578070e-02
-2.271783805700777759e-02
-2.528084899478577618e-02
-2.809842874212142849e-02
-3.119945294338866137e-02
-3.461646762647441200e-02
-3.838615164154546289e-02
-4.254981700351112561e-02
-4.715393856828442587e-02
-5.225069714312968738e-02
-5.789850944678076594e-02
-6.416250314466853677e-02
-7.111487412148642662e-02
-7.883503473723940669e-02
-8.740942468501011753e-02
-9.693080945573262497e-02
-1.074968358756257514e-01
-1.192075526101691318e-01
-1.321615420237719496e-01
-1.464502569707888391e-01
-1.621501167386487641e-01
-1.793118671022567723e-01
-1.979465180279774694e-01
-2.180063181325747612e-01
-2.393556842018809694e-01
-2.617117695720116988e-01
-2.844554079128009949e-01
-3.056078899989674302e-01
-3.082192794472607411e-01
3.584938934892393791e-01
4.300046641516498402e-01
4.025716082737615387e-01
3.721550559345594422e-01
3.422412223897378092e-01
3.135956204100686096e-01
2.865529120572976596e-01
2.612886250664503418e-01
2.378814968455101597e-01
2.163399559203795230e-01
1.966204054620291908e-01
1.786423963871083820e-01
1.623014029886594434e-01
1.474791846643031257e-01
1.340517799389688014e-01
1.218953487213028097e-01
1.108901916690153144e-01
1.009233134638889418e-01
9.188988018734073338e-02
8.369387464307148639e-02
7.624819635442064980e-02
6.947439678708894339e-02
6.330219104982165446e-02
5.766884703272812107e-02
5.251852161223508064e-02
4.780159010070439418e-02
4.347399810843011192e-02
3.949665299034810229e-02
3.583486382121775504e-02
3.245783336578089706e-02
2.933820199583148103e-02
2.645164136044264591e-02
2.377649440600287933e-02
2.129345775616769965e-02
1.898530228014472243e-02
1.683662774815347651e-02
1.483364769191958255e-02
1.296400088711757714e-02
1.121658620770893400e-02
9.581417941319558818e-03
8.049498982332314867e-03
6.612709625564372473e-03
5.263709963287954707e-03
3.995854140427246293e-03
2.803114946808515917e-03
1.680017423398960652e-03
6.215803328918356740e-04
-3.767355034318686791e-04
-1.319072868804282983e-03
-2.209218565880188834e-03
-3.050639236104712992e-03
-3.846513150503549916e-03
-4.599758464492120780e-03
-5.313058365354672574e-03
-5.988883485422369368e-03
-6.629511906132479204e-03
-7.237047036618315943e-03
-7.813433614544118555e-03
-8.360472045918276862e-03
-8.879831273478244746e-03
-9.373060339963545928e-03
-9.841598792213135383e-03
-1.028678605436506022e-02
-1.070986988302380372e-02
-1.111201400383643456e-02
