-4.360041037184466117e-01
-4.360185789997438888e-01
-4.360619976198567560e-01
-4.361343381875878999e-01
-4.362355659870609803e-01
-4.363656343904912527e-01
-4.365244868538475376e-01
-4.367120595148143991e-01
-4.369282844201920479e-01
-4.371730934202318619e-01
-4.374464227799650384e-01
-4.377482185754746347e-01
-4.380784429650619871e-01
-4.384370814571972863e-01
-4.388241513383985271e-01
-4.392397114816478099e-01
-4.396838738340073105e-01
-4.401568169908735562e-01
-4.406588024123416769e-01
-4.411901940463099914e-01
-4.417514824142734220e-01
-4.423433146267202187e-01
-4.429665323826555978e-01
-4.436222208507876741e-01
-4.443117725612178437e-01
-4.450369722617166235e-01
-4.458001114655184005e-01
-4.466041457781496082e-01
-4.474529153322407415e-01
-4.483514617372047484e-01
-4.493065017079386214e-01
-4.723484654069845523e-01
-4.772593484071385173e-01
-4.857044378631958370e-01
-5.003682583955667562e-01
-5.261431710184049093e-01
-5.711324194839120238e-01
-6.439116994935781824e-01
-7.342267524629021436e-01
-7.817026546550593924e-01
-7.341628877558471489e-01
-4.554659552722573057e-01
-4.538463870441540315e-01
-4.525152880212789941e-01
-4.513721003317895386e-01
-4.503647139879901617e-01
-4.494605345311997735e-01
-4.486374779757762443e-01
-4.478799979676832410e-01
-4.471769096238590868e-01
-4.465200507835829224e-01
-4.459034058291982960e-01
-4.453225110630254502e-01
-4.447740412144903788e-01
-4.442555165002126105e-01
-4.437650918046692761e-01
-4.433014027976829308e-01
-4.428634521037214111e-01
-4.424505240177417087e-01
-4.420621197988303663e-01
-4.416979079747519465e-01
-4.413576857130405706e-01
-4.410413484457073596e-01
-4.407488657176650282e-01
-4.404802617900065997e-01
-4.402355999180003199e-01
-4.400149695131616023e-01
-4.398184756014477115e-01
-4.396462301404514550e-01
-4.394983448687224681e-01
-4.393749254422140704e-01
-4.392760666740220254e-01
-4.392018487401735949e-01
-4.391523342497632987e-01
-4.391275661058197111e-01
-4.391275661057750246e-01
-4.391523342497626325e-01
-4.392018487401783688e-01
-4.392760666740158637e-01
-4.393749254422111283e-01
-4.394983448687209693e-01
-4.396462301404527873e-01
-4.398184756014542618e-01
-4.400149695131649330e-01
-4.402355999180042057e-01
-4.404802617900127060e-01
-4.407488657176721891e-01
-4.410413484457090805e-01
-4.413576857131980558e-01
-4.416979079747617165e-01
-4.420621197988574558e-01
-4.424505240177395438e-01
-4.428634521037252414e-01
-4.433014027976606708e-01
-4.437650918048660631e-01
-4.442555165001845774e-01
-4.447740412145026467e-01
-4.453225110630345540e-01
-4.459034058292002944e-01
-4.465200507835818677e-01
-4.471769096238625285e-01
-4.478799979676857945e-01
-4.486374779757738018e-01
-4.494605345312051581e-01
-4.503647139879384809e-01
-4.513721003317858749e-01
-4.525152880212771067e-01
-4.538463870441563075e-01
-4.554659552722558624e-01
-7.341628877558158406e-01
-7.817026546550622790e-01
-7.342267524628971476e-01
-6.439116994935829563e-01
-5.711324194839367818e-01
-5.261431710184133470e-01
-5.003682583955695318e-01
-4.857044378631937831e-01
-4.772593484071413483e-01
-4.723484654069049493e-01
-4.493065017079323487e-01
-4.483514617372036937e-01
-4.474529153322358010e-01
-4.466041457781460000e-01
-4.458001114655156250e-01
-4.450369722617201762e-01
-4.443117725612125146e-01
-4.436222208507863973e-01
-4.429665323826535439e-01
-4.423433146267209959e-01
-4.417514824142735330e-01
-4.411901940463133776e-01
-4.406588024123253566e-01
-4.401568169908696149e-01
-4.396838738340038133e-01
-4.392397114816601333e-01
-4.388241513384262826e-01
-4.384370814572013386e-01
-4.380784429650577128e-01
-4.377482185754668076e-01
-4.374464227799656491e-01
-4.371730934202347485e-01
-4.369282844202076466e-01
-4.367120595148237250e-01
-4.365244868538533662e-01
-4.363656343904938062e-01
-4.362355659870620350e-01
-4.361343381875857905e-01
-4.360619976198543690e-01
-4.360185789997439443e-01
-4.360041037184468338e-01
