1.878467322418836405e-04
1.920642214952028581e-04
1.964207409402979332e-04
2.009223486778080603e-04
2.055754328719877622e-04
2.103867334826980962e-04
2.153633656869213819e-04
2.205128451404150813e-04
2.258431152471138126e-04
2.313625766215549051e-04
2.370801189468668690e-04
2.430051554558609883e-04
2.491476602828404663e-04
2.555182089637383913e-04
2.621280223897640149e-04
2.689890145566170565e-04
2.761138444862948349e-04
2.835159727364727766e-04
2.912097229830976075e-04
2.992103491685632610e-04
3.075341088238023324e-04
3.161983431993892202e-04
3.252215649317130586e-04
3.346235540567094047e-04
3.444254632751636569e-04
3.546499334834835038e-04
3.653212207055805960e-04
3.764653356952626928e-04
3.881101976281886579e-04
4.002858034891365602e-04
4.130244149124842612e-04
4.263607644903119609e-04
4.403322837566378545e-04
4.549793553275810476e-04
4.703455919454618828e-04
4.864781454704258934e-04
5.034280491666431878e-04
5.212505969432665309e-04
5.400057635110214194e-04
5.597586697126885613e-04
5.805800972731103848e-04
6.025470580494143857e-04
6.257434212435103449e-04
6.502606035013458463e-04
6.761983243996766424e-04
7.036654289568761156e-04
7.327807758538001925e-04
7.636741857570406022e-04
7.964874374093017240e-04
8.313752889243797295e-04
8.685064863606442587e-04
9.080646986554391509e-04
9.502492839361387222e-04
9.952757416919685851e-04
1.043375630591890368e-03
1.094795621321018042e-03
1.149795190351431129e-03
1.208642218815801639e-03
1.271605402315856281e-03
1.338941846725005824e-03
1.410877439094453123e-03
1.487576422319211722e-03
1.569094898383770198e-03
1.655310510227367415e-03
1.745817025634047170e-03
1.839767688277468838e-03
1.935644915185885662e-03
2.030926784479303304e-03
2.121615205533541881e-03
2.201593593604778132e-03
2.261809938582326485e-03
2.289370220606296025e-03
2.266845492383151583e-03
2.172552140706926482e-03
1.983375421709163144e-03
1.682841814218169474e-03
1.277997186575632882e-03
8.266668617696176780e-04
4.589434071155945594e-04
2.499946888037951620e-04
-9.556827509524801201e-04
-2.266323381656720759e-03
4.530573113384644968e-03
1.006989010019992276e-02
1.560359100569588819e-02
1.961694187261817102e-02
2.198380033198808065e-02
2.313925194081944275e-02
2.341016745268705360e-02
2.300646672361288808e-02
2.209426643906898732e-02
2.082784083993810889e-02
1.935037880117911752e-02
1.778399908796508833e-02
1.622193891982448566e-02
1.472725467652916120e-02
1.333684500515855409e-02
1.206785314197033818e-02
1.092407315325900907e-02
9.901169950136828185e-03
8.990431757120942446e-03
8.181234613624494001e-03
7.462541189896896437e-03
6.823741040654317941e-03
6.255070866280673658e-03
5.747781475505800083e-03
5.294160448613249859e-03
4.887478448313099105e-03
4.521899863644469539e-03
4.192381169650975792e-03
3.894569767476426664e-03
3.624709740300290084e-03
3.379557299537691573e-03
3.156306655711956302e-03
2.952525972725385597e-03
2.766102549273985120e-03
2.595196173484987795e-03
2.438199571566854879e-03
2.293704933638814406e-03
2.160475601567821841e-03
2.037422117602903648e-03
1.923581944638293531e-03
1.818102272088081492e-03
1.720225412881196819e-03
1.629276376324328285e-03
1.544652269249279647e-03
1.465813234964663883e-03
1.392274687515817483e-03
1.323600638775511082e-03
1.259397949284606424e-03
1.199311361505427803e-03
1.143019197220165872e-03
1.090229619975900330e-03
1.040677379412560666e-03
9.941209675602084156e-04
9.503401282228412378e-04
9.091336697653884524e-04
8.703175392871381755e-04
8.337231225797915590e-04
7.991957396361378668e-04
7.665933099677765816e-04
7.357851657757014108e-04
7.066509941875721845e-04
6.790798924615412679e-04
6.529695223113484576e-04
6.282253514286444823e-04
6.047599718970748245e-04
5.824924865716714015e-04
5.613479556791523689e-04
5.412568968882758291e-04
