-2.228477533982057557e-01
-2.229056430443434600e-01
-2.230794761165180440e-01
-2.233697529662668213e-01
-2.237773341291552920e-01
-2.243034806499576983e-01
-2.249499113270272410e-01
-2.257188776317065881e-01
-2.266132572136720646e-01
-2.276366669881935978e-01
-2.287935967671012871e-01
-2.300895641670007430e-01
-2.315312909905224981e-01
-2.331269002550808156e-01
-2.348861312815509472e-01
-2.368205673776364040e-01
-2.389438661216020943e-01
-2.412719753211414742e-01
-2.438233073748604096e-01
-2.466188296808526637e-01
-2.496820073208982360e-01
-2.530385047854223357e-01
-2.567155146173812907e-01
-2.607405324876825303e-01
-2.651393435277292765e-01
-2.699329333126502251e-01
-2.751330095433963674e-01
-2.807358553079463137e-01
-2.867143919553015174e-01
-2.930086887055189937e-01
-2.995157946793927661e-01
-3.091883427342314583e-01
-3.285635238330065766e-01
-3.516314641872608782e-01
-3.774303083152983351e-01
-4.035137397574254936e-01
-4.257899304385995287e-01
-4.393896766532005560e-01
-4.406938597715935324e-01
-4.293315709386472112e-01
-4.084056313856879172e-01
-3.827263613842401546e-01
-3.566515283327335584e-01
-3.329634747674274364e-01
-3.128764695296515908e-01
-2.965521226811161926e-01
-2.898672485304317203e-01
-2.835688245860531476e-01
-2.776228337309286642e-01
-2.720779656623803500e-01
-2.669526645008414301e-01
-2.622443294717384243e-01
-2.579368213658822517e-01
-2.540061656045206062e-01
-2.504246384377499801e-01
-2.471635387328664779e-01
-2.441949597985328957e-01
-2.414928379236661871e-01
-2.390334997000712336e-01
-2.367958759835936955e-01
-2.347615039459112762e-01
-2.329144020803039783e-01
-2.312408756676846422e-01
-2.297292905183213330e-01
-2.283698390478031692e-01
-2.271543133753251287e-01
-2.260758939021117186e-01
-2.251289577899743544e-01
-2.243089092227377179e-01
-2.236120318055903611e-01
-2.230353625966260411e-01
-2.225765868387581947e-01
-2.222339523109847781e-01
-2.220062022426981529e-01
-2.218925258647309051e-01
-2.218925258647348742e-01
-2.220062022426987358e-01
-2.222339523109894133e-01
-2.225765868387616364e-01
-2.230353625966298436e-01
-2.236120318055882239e-01
-2.243089092227377179e-01
-2.251289577899777405e-01
-2.260758939021139391e-01
-2.271543133753226029e-01
-2.283698390478030860e-01
-2.297292905183179190e-01
-2.312408756676744559e-01
-2.329144020803037007e-01
-2.347615039459117758e-01
-2.367958759835838145e-01
-2.390334997000818362e-01
-2.414928379236726541e-01
-2.441949597985265397e-01
-2.471635387328757205e-01
-2.504246384377435963e-01
-2.540061656045218275e-01
-2.579368213658861930e-01
-2.622443294717345941e-01
-2.669526645008428734e-01
-2.720779656623734666e-01
-2.776228337309188388e-01
-2.835688245860648049e-01
-2.898672485304349955e-01
-2.965521226811160815e-01
-3.128764695296790688e-01
-3.329634747674212747e-01
-3.566515283327408303e-01
-3.827263613842701862e-01
-4.084056313856771481e-01
-4.293315709391835044e-01
-4.406938597716137385e-01
-4.393896766531853459e-01
-4.257899304385748818e-01
-4.035137397574183882e-01
-3.774303083152952820e-01
-3.516314641872729796e-01
-3.285635238329771002e-01
-3.091883427341776680e-01
-2.995157946794178017e-01
-2.930086887055318168e-01
-2.867143919552984643e-01
-2.807358553079440933e-01
-2.751330095433740519e-01
-2.699329333126445074e-01
-2.651393435277222266e-01
-2.607405324876813646e-01
-2.567155146173806801e-01
-2.530385047854162295e-01
-2.496820073208993462e-01
-2.466188296808552727e-01
-2.438233073748578561e-01
-2.412719753211338691e-01
-2.389438661215977644e-01
-2.368205673776313525e-01
-2.348861312815471725e-01
-2.331269002550831193e-01
-2.315312909905222483e-01
-2.300895641669999658e-01
-2.287935967671094750e-01
-2.276366669881936811e-01
-2.266132572136700662e-01
-2.257188776317039791e-01
-2.249499113270334583e-01
-2.243034806499572820e-01
-2.237773341291559026e-01
-2.233697529662638515e-01
-2.230794761165161566e-01
-2.229056430443424053e-01
-2.228477533982067549e-01
