7.980381935051433784e-03
7.933490541290864201e-03
7.794269349502344971e-03
7.567029979001834751e-03
7.258801099112996945e-03
6.879094397964333890e-03
6.439582213633302139e-03
5.953694648376363710e-03
5.436148981082483504e-03
4.902429920862472895e-03
4.368244753308924214e-03
3.848981575234365366e-03
3.359200527345700647e-03
2.912186523302208625e-03
2.519587326027921889e-03
2.191153468627416324e-03
1.934587520777738623e-03
1.755500902135828612e-03
1.657468151267011986e-03
1.642162274574436717e-03
1.709551062032672744e-03
1.858133106078519977e-03
2.085193336770726266e-03
2.387060582046599162e-03
2.759353289300129405e-03
3.197203473673543555e-03
3.695452698344627463e-03
4.248817122879656322e-03
4.852021219589911123e-03
5.499901623099214334e-03
6.187483802529505222e-03
6.910034931780019256e-03
7.663096603607935653e-03
8.442501005385603247e-03
9.244373950522371056e-03
1.006512782250763675e-02
1.090144709871258312e-02
1.175026872163024982e-02
1.260875920266822138e-02
5.246441280146335942e-03
4.354472465351011054e-03
3.437379690036256388e-03
2.493799479304659866e-03
1.522330297210526063e-03
5.215435325466987598e-04
-5.100045470446712718e-04
-1.573759328311666143e-03
-2.671152119160481817e-03
-3.803581142006152386e-03
-4.972387941244308177e-03
-6.178827530027631611e-03
-7.424030177166102834e-03
-8.708952251526090593e-03
-1.003431300911878168e-02
-1.140051365564685379e-02
-1.280753449743505211e-02
-1.425480559765858989e-02
-1.574104622970588091e-02
-1.726406878434723347e-02
-1.882054395518437118e-02
-2.040572641338366661e-02
-2.201314429807178785e-02
-2.363426224613265209e-02
-2.525813683454099581e-02
-2.687109536500194643e-02
-2.845648335840765195e-02
-2.999454125950381037e-02
-3.146248335802079993e-02
-3.283485663981793728e-02
-3.408424764665550499e-02
-3.518237515564361095e-02
-3.610155251267112286e-02
-3.681642959764220430e-02
-3.730584411774683085e-02
-3.755454753237704585e-02
-3.755454753237419396e-02
-3.730584411774860720e-02
-3.681642959764337697e-02
-3.610155251267077592e-02
-3.518237515564546364e-02
-3.408424764665504703e-02
-3.283485663981831199e-02
-3.146248335801832968e-02
-2.999454125950128808e-02
-2.845648335840747153e-02
-2.687109536500184234e-02
-2.525813683453980232e-02
-2.363426224612862406e-02
-2.201314429807012946e-02
-2.040572641338460336e-02
-1.882054395518777817e-02
-1.726406878435072026e-02
-1.574104622970404557e-02
-1.425480559766114166e-02
-1.280753449743613458e-02
-1.140051365564588408e-02
-1.003431300911702267e-02
-8.708952251528805436e-03
-7.424030177165009091e-03
-6.178827530023126534e-03
-4.972387941252339079e-03
-3.803581142008917535e-03
-2.671152119162759075e-03
-1.573759328310328455e-03
-5.100045470470562997e-04
5.215435325494382135e-04
1.522330297208772474e-03
2.493799479303544439e-03
3.437379690039795658e-03
4.354472465347850388e-03
5.246441280145602154e-03
1.260875920266787791e-02
1.175026872163137739e-02
1.090144709872022111e-02
1.006512782250704348e-02
9.244373950522981678e-03
8.442501005384669965e-03
7.663096603606667570e-03
6.910034931775966942e-03
6.187483802534594034e-03
5.499901623096559340e-03
4.852021219585663653e-03
4.248817122879658924e-03
3.695452698342980343e-03
3.197203473677569414e-03
2.759353289297181676e-03
2.387060582045851930e-03
2.085193336770012427e-03
1.858133106076433972e-03
1.709551062036798567e-03
1.642162274577951483e-03
1.657468151263746152e-03
1.755500902136041767e-03
1.934587520772802901e-03
2.191153468626059770e-03
2.519587326026116042e-03
2.912186523299167655e-03
3.359200527345326814e-03
3.848981575237447536e-03
4.368244753307957973e-03
4.902429920864465225e-03
5.436148981081930995e-03
5.953694648377870317e-03
6.439582213640116133e-03
6.879094397959707383e-03
7.258801099114996214e-03
7.567029979002193839e-03
7.794269349501308473e-03
7.933490541292286674e-03
7.980381935050080700e-03
