-6.884832573906034259e-02
-6.886018722238090861e-02
-6.889583905993150459e-02
-6.895548494313645527e-02
-6.903946949927577958e-02
-6.914828616541794648e-02
-6.928258853640276160e-02
-6.944320551346083725e-02
-6.963116067368847750e-02
-6.984769636965749984e-02
-7.009430314408597595e-02
-7.037275509272634955e-02
-7.068515180413238730e-02
-7.103396740704927270e-02
-7.142210700067716522e-02
-7.185297022858112836e-02
-7.233052083070948268e-02
-7.285935943987793817e-02
-7.344479434532699691e-02
-7.409290095555692846e-02
-7.481055462206737117e-02
-7.560541254158205382e-02
-7.648580776598561115e-02
-7.746050122024911166e-02
-7.853821612256026152e-02
-7.972685529588924291e-02
-8.103228144516687326e-02
-8.245653629080310076e-02
-8.399540938032727666e-02
-8.563537576684913943e-02
-8.735014317723432953e-02
-8.909740641158182817e-02
-9.081685920131372936e-02
-9.243089774892052080e-02
-9.384945145812206846e-02
-9.497962960413172673e-02
-9.573925145067994913e-02
-9.607130166002164628e-02
-9.595502689190472945e-02
-9.540987659701508083e-02
-9.449092541664295963e-02
-9.327757198536701377e-02
-9.185943395071610729e-02
-9.032349608984069356e-02
-8.874510713361123682e-02
-8.718350202826523343e-02
-8.568110633120339104e-02
-9.917137058714182996e-02
-9.837881410568699581e-02
-9.742444894165859515e-02
-9.632553739475759047e-02
-9.510446536565556053e-02
-9.378722922816382090e-02
-9.240170815283985095e-02
-9.097595045173476058e-02
-8.953667045262841961e-02
-8.810808833268002349e-02
-8.671117027103053543e-02
-8.536325911405466538e-02
-8.407803815677802883e-02
-8.286574599470855618e-02
-8.173355571882442994e-02
-8.068604083370217728e-02
-7.972566657301598247e-02
-7.885326344114791663e-02
-7.806845637840537089e-02
-7.737003623275426345e-02
-7.675626980051759862e-02
-7.622515090646357627e-02
-7.577459850189104118e-02
-7.540260930416915752e-02
-7.510737273492071320e-02
-7.488735534730475707e-02
-7.474136092915451002e-02
-7.466857126385557930e-02
-7.466857126385545440e-02
-7.474136092915402430e-02
-7.488735534730747712e-02
-7.510737273491976951e-02
-7.540260930417029550e-02
-7.577459850188994483e-02
-7.622515090646124480e-02
-7.675626980051809822e-02
-7.737003623275218178e-02
-7.806845637840610641e-02
-7.885326344114648722e-02
-7.972566657301465021e-02
-8.068604083370362057e-02
-8.173355571882348625e-02
-8.286574599471038804e-02
-8.407803815677915293e-02
-8.536325911405330535e-02
-8.671117027102974439e-02
-8.810808833268031492e-02
-8.953667045262390933e-02
-9.097595045173756390e-02
-9.240170815283976768e-02
-9.378722922816248864e-02
-9.510446536565188291e-02
-9.632553739475688270e-02
-9.742444894164875580e-02
-9.837881410569238039e-02
-9.917137058715136400e-02
-8.568110633120194775e-02
-8.718350202826924411e-02
-8.874510713360753145e-02
-9.032349608984209521e-02
-9.185943395071612116e-02
-9.327757198536466843e-02
-9.449092541664361189e-02
-9.540987659701753720e-02
-9.595502689190582579e-02
-9.607130166002258997e-02
-9.573925145067717357e-02
-9.497962960413468270e-02
-9.384945145811927902e-02
-9.243089774891974364e-02
-9.081685920130991296e-02
-8.909740641157337659e-02
-8.735014317723395483e-02
-8.563537576685065211e-02
-8.399540938033124571e-02
-8.245653629080128277e-02
-8.103228144516728959e-02
-7.972685529588974251e-02
-7.853821612255983131e-02
-7.746050122024994433e-02
-7.648580776598593034e-02
-7.560541254158607838e-02
-7.481055462206900875e-02
-7.409290095555692846e-02
-7.344479434532553974e-02
-7.285935943987636998e-02
-7.233052083070749816e-02
-7.185297022858125326e-02
-7.142210700067794238e-02
-7.103396740704870371e-02
-7.068515180413105503e-02
-7.037275509272698792e-02
-7.009430314408518492e-02
-6.984769636965836026e-02
-6.963116067368795015e-02
-6.944320551345903314e-02
-6.928258853640439918e-02
-6.914828616541650319e-02
-6.903946949927641796e-02
-6.895548494313702426e-02
-6.889583905993103274e-02
-6.886018722238314294e-02
-6.884832573906012054e-02
