-1.089174445417273734e-01
-1.089241142025156733e-01
-1.089432568144869801e-01
-1.089723273988640190e-01
-1.090072630593212494e-01
-1.090427446032003617e-01
-1.090725482257183659e-01
-1.090899695936574515e-01
-1.090882948637810074e-01
-1.090612856937681063e-01
-1.090036399841642634e-01
-1.089113887653711671e-01
-1.087821935558408865e-01
-1.086155178183692144e-01
-1.084126596918684043e-01
-1.081766487519249947e-01
-1.079120244030658399e-01
-1.076245250772432521e-01
-1.073207239934859669e-01
-1.070076482937718926e-01
-1.066924145353130016e-01
-1.063819062366567064e-01
-1.060825102297793254e-01
-1.057999196331007308e-01
-1.055390035766083090e-01
-1.053037380778836518e-01
-1.050971888733316789e-01
-1.049215353591418237e-01
-1.047781246806136490e-01
-1.046675459435246203e-01
-1.045897160530873393e-01
-1.045439704492873018e-01
-1.045291537412505189e-01
-1.045437067881214294e-01
-1.045857480515531429e-01
-1.046531480351704929e-01
-1.047435963465401659e-01
-1.048546614050397119e-01
-1.049838431195576349e-01
-9.770221446486437866e-02
-9.734644416605885142e-02
-9.700303791146019927e-02
-9.667355656760673321e-02
-9.635952257016300315e-02
-9.606242761295805122e-02
-9.578374402032263646e-02
-9.552493981781293164e-02
-9.528749742134901002e-02
-9.507293572389916014e-02
-9.488283514777438865e-02
-9.471886491940009756e-02
-9.458281137329500876e-02
-9.447660545705686974e-02
-9.440234673749332839e-02
-9.436232004730971124e-02
-9.435899941921445377e-02
-9.439503211690783435e-02
-9.447319343935989266e-02
-9.459630070710631222e-02
-9.476707278257885669e-02
-9.498792024835059356e-02
-9.526065195295073396e-02
-9.558608744400326485e-02
-9.596357363148108610e-02
-9.639041974950504632e-02
-9.686128865717982817e-02
-9.736761439534168117e-02
-9.789715210079204255e-02
-9.843379847058551790e-02
-9.895783525040065254e-02
-9.944672772164714347e-02
-9.987654058477007935e-02
-1.002239127826352882e-01
-1.004683798948254186e-01
-1.005946908408962975e-01
-1.005946908408931473e-01
-1.004683798948256129e-01
-1.002239127826325682e-01
-9.987654058477032915e-02
-9.944672772164758756e-02
-9.895783525039997253e-02
-9.843379847058411625e-02
-9.789715210079166785e-02
-9.736761439534249996e-02
-9.686128865717955061e-02
-9.639041974950274261e-02
-9.596357363148005915e-02
-9.558608744400176604e-02
-9.526065195295083110e-02
-9.498792024835207848e-02
-9.476707278257835709e-02
-9.459630070710797756e-02
-9.447319343935950409e-02
-9.439503211690659923e-02
-9.435899941921441214e-02
-9.436232004731213985e-02
-9.440234673749196836e-02
-9.447660545705620361e-02
-9.458281137329399568e-02
-9.471886491939990327e-02
-9.488283514777377803e-02
-9.507293572389786951e-02
-9.528749742134851042e-02
-9.552493981781259857e-02
-9.578374402032308055e-02
-9.606242761295633037e-02
-9.635952257016497380e-02
-9.667355656760587279e-02
-9.700303791145073462e-02
-9.734644416605221784e-02
-9.770221446479648852e-02
-1.049838431195663363e-01
-1.048546614050407388e-01
-1.047435963465447456e-01
-1.046531480351714227e-01
-1.045857480515556270e-01
-1.045437067881206245e-01
-1.045291537412535166e-01
-1.045439704492886202e-01
-1.045897160530874503e-01
-1.046675459435246619e-01
-1.047781246806113870e-01
-1.049215353591385347e-01
-1.050971888733345516e-01
-1.053037380778821114e-01
-1.055390035766070461e-01
-1.057999196331003422e-01
-1.060825102297813655e-01
-1.063819062366584828e-01
-1.066924145353130432e-01
-1.070076482937725448e-01
-1.073207239934871327e-01
-1.076245250772438766e-01
-1.079120244030667003e-01
-1.081766487519260217e-01
-1.084126596918685154e-01
-1.086155178183687980e-01
-1.087821935558397346e-01
-1.089113887653711393e-01
-1.090036399841649711e-01
-1.090612856937675929e-01
-1.090882948637819511e-01
-1.090899695936557307e-01
-1.090725482257173390e-01
-1.090427446032032344e-01
-1.090072630593188485e-01
-1.089723273988629920e-01
-1.089432568144872854e-01
-1.089241142025156595e-01
-1.089174445417283033e-01
