4.292923378105703569e-03
4.337638191412224176e-03
4.383259516588217108e-03
4.429813721557221418e-03
4.477328118532339363e-03
4.525830999624516626e-03
4.575351673327343605e-03
4.625920501791613848e-03
4.677568938776202612e-03
4.730329568131755313e-03
4.784236142635733824e-03
4.839323622953695114e-03
4.895628216449052217e-03
4.953187415501200674e-03
5.012040034918577303e-03
5.072226247943484312e-03
5.133787620244370520e-03
5.196767141163072257e-03
5.261209251341880666e-03
5.327159865677180695e-03
5.394666390339475370e-03
5.463777732354499483e-03
5.534544299942045775e-03
5.607017991463111861e-03
5.681252170405298729e-03
5.757301623339414198e-03
5.835222497184364143e-03
5.915072211406177671e-03
5.996909339922196214e-03
6.080793456460828472e-03
6.166784935898741993e-03
6.254944702619363861e-03
6.345333915158249405e-03
6.438013574256731819e-03
6.533044038846663737e-03
6.630484431356789554e-03
6.730391909918018167e-03
6.832820780423340401e-03
6.937821415767972399e-03
7.045438942729437271e-03
7.155711648563101157e-03
7.268669049116674441e-03
7.384329547677759287e-03
7.502697598289045922e-03
7.623760268210891256e-03
7.747483070704178076e-03
7.873804910257145573e-03
8.002631946423574560e-03
8.133830137860287302e-03
8.267216172817698494e-03
8.402546423565776523e-03
8.539503476719112474e-03
8.677679685035716295e-03
8.816557053962836843e-03
8.955482611837761731e-03
9.093638208881260621e-03
9.230003438349343448e-03
9.363310063726898447e-03
9.491985958376109034e-03
9.614086108784392071e-03
9.727207692517531035e-03
9.828385617131701890e-03
9.913964210977593838e-03
9.979440032421404982e-03
1.001927010011099961e-02
1.002663941606909970e-02
9.993181766627556861e-03
9.908648981280798740e-03
9.760527009817415722e-03
9.533603836179432856e-03
9.209506853217142019e-03
8.766250118217688847e-03
8.177872981929346086e-03
7.414329709070327512e-03
6.441961574999321982e-03
5.225371754648211464e-03
3.733473421987210106e-03
1.964119619673909689e-03
1.293970853816772681e-04
7.073071951145898373e-03
9.722831690930627824e-02
9.871571190440281418e-02
9.903322179439498496e-02
9.915518923245895955e-02
-9.907621075705398683e-02
-9.849291171767030062e-02
-9.582546174797702820e-02
-7.500165359662797071e-02
3.195252287707681105e-02
5.183765095411235757e-02
5.168769086661754303e-02
4.927679607004102624e-02
4.647432010916836137e-02
4.368439540072051319e-02
4.102993834602886025e-02
3.855168853639932142e-02
3.625949920894698530e-02
3.414983610996397828e-02
3.221305506008814712e-02
3.043686633804700004e-02
2.880812365356161947e-02
2.731378093906731974e-02
2.594139951009326317e-02
2.467939964630143368e-02
2.351716345571468886e-02
2.244505119858301867e-02
2.145436845561592143e-02
2.053730697419783868e-02
1.968687316524796171e-02
1.889681270795538076e-02
1.816153624945622547e-02
1.747604899861410904e-02
1.683588564116482444e-02
1.623705115489541134e-02
1.567596759120407773e-02
1.514942659251253959e-02
1.465454725513413298e-02
1.418873887326878303e-02
1.374966807863219065e-02
1.333522990035078404e-02
1.294352229740514115e-02
1.257282375233217953e-02
1.222157355467745621e-02
1.188835444254391499e-02
1.157187730861352487e-02
1.127096771222998312e-02
1.098455397107719195e-02
1.071165663457008393e-02
1.045137916639011372e-02
1.020289968587061169e-02
9.965463637414018194e-03
9.738377274115195270e-03
9.521001856527849805e-03
9.312748480335003576e-03
9.113073457791609489e-03
8.921474187442837711e-03
8.737485454958990316e-03
8.560676115155693711e-03
8.390646111534019735e-03
8.227023795102719750e-03
8.069463508962329557e-03
7.917643409222782647e-03
7.771263496387209591e-03
7.630043834432470584e-03
7.493722937517058313e-03
7.362056306602110523e-03
7.234815100329167192e-03
7.111784926296202403e-03
6.992764740451434813e-03
6.877565843704191995e-03
