-1.036389572200003967e-01
-1.036428507623883971e-01
-1.036545660481184850e-01
-1.036742075741658164e-01
-1.037019512564587020e-01
-1.037380471206079957e-01
-1.037828231903226706e-01
-1.038366907016582685e-01
-1.039001508180266292e-01
-1.039738030760445492e-01
-1.040583558587605123e-01
-1.041546392740882038e-01
-1.042636209168591455e-01
-1.043864251184695724e-01
-1.045243564459037988e-01
-1.046789284112072671e-01
-1.048518986051162061e-01
-1.050453117896674032e-01
-1.052615528932126926e-01
-1.055034123713749772e-01
-1.057741670582739157e-01
-1.060776804688789154e-01
-1.064185275648067003e-01
-1.068021503027419827e-01
-1.072350518787089785e-01
-1.077250394678248846e-01
-1.082815273772545078e-01
-1.089159146808028888e-01
-1.096420531123487307e-01
-1.104768212622119217e-01
-1.114408179750829148e-01
-1.125591775762855851e-01
-1.138624854021835914e-01
-1.153877222415264497e-01
-1.171790708459735236e-01
-1.192882453743483728e-01
-1.217737113000233323e-01
-1.246976992974630771e-01
-1.281192610766398177e-01
-1.320808723400670459e-01
-1.365856953124425788e-01
-1.415636654301434538e-01
-1.044964195759124220e-01
-1.043002690550997869e-01
-1.041329714870788681e-01
-1.039930586078458841e-01
-1.038788058056223235e-01
-1.037883356090079506e-01
-1.037196957895856753e-01
-1.036709164419759160e-01
-1.036400502646151467e-01
-1.036251998213211095e-01
-1.036245349970841140e-01
-1.036363032797848610e-01
-1.036588349614201154e-01
-1.036905448844366029e-01
-1.037299319683108317e-01
-1.037755774348667892e-01
-1.038261423996859750e-01
-1.038803653008822381e-01
-1.039370594853746971e-01
-1.039951111573580028e-01
-1.040534778063788302e-01
-1.041111871667716460e-01
-1.041673367114061138e-01
-1.042210936468914023e-01
-1.042716953516973355e-01
-1.043184501810768966e-01
-1.043607385515483571e-01
-1.043980142120132515e-01
-1.044298056075271125e-01
-1.044557172445445964e-01
-1.044754309729161862e-01
-1.044887071090788155e-01
-1.044953853369635505e-01
-1.044953853369630092e-01
-1.044887071090802727e-01
-1.044754309729156172e-01
-1.044557172445448046e-01
-1.044298056075252806e-01
-1.043980142120139315e-01
-1.043607385515479269e-01
-1.043184501810777015e-01
-1.042716953516972522e-01
-1.042210936468915272e-01
-1.041673367114065718e-01
-1.041111871667715766e-01
-1.040534778063792049e-01
-1.039951111573578640e-01
-1.039370594853745305e-01
-1.038803653008822381e-01
-1.038261423996845317e-01
-1.037755774348658871e-01
-1.037299319683104848e-01
-1.036905448844364364e-01
-1.036588349614196020e-01
-1.036363032797849998e-01
-1.036245349970827123e-01
-1.036251998213200964e-01
-1.036400502646152716e-01
-1.036709164419763740e-01
-1.037196957895854948e-01
-1.037883356090079368e-01
-1.038788058056216573e-01
-1.039930586078466196e-01
-1.041329714870789930e-01
-1.043002690550999673e-01
-1.044964195759133241e-01
-1.415636654301498099e-01
-1.365856953124470752e-01
-1.320808723400693219e-01
-1.281192610766386797e-01
-1.246976992974629522e-01
-1.217737113000236099e-01
-1.192882453743474430e-01
-1.171790708459735930e-01
-1.153877222415266440e-01
-1.138624854021834942e-01
-1.125591775762856545e-01
-1.114408179750828592e-01
-1.104768212622114359e-01
-1.096420531123492581e-01
-1.089159146808015705e-01
-1.082815273772548270e-01
-1.077250394678253564e-01
-1.072350518787083817e-01
-1.068021503027417191e-01
-1.064185275648063950e-01
-1.060776804688790820e-01
-1.057741670582742627e-01
-1.055034123713746580e-01
-1.052615528932129702e-01
-1.050453117896673755e-01
-1.048518986051163449e-01
-1.046789284112065455e-01
-1.045243564459031882e-01
-1.043864251184691561e-01
-1.042636209168592704e-01
-1.041546392740888005e-01
-1.040583558587598878e-01
-1.039738030760444382e-01
-1.039001508180264211e-01
-1.038366907016576024e-01
-1.037828231903222403e-01
-1.037380471206079402e-01
-1.037019512564580082e-01
-1.036742075741653030e-01
-1.036545660481184017e-01
-1.036428507623891465e-01
-1.036389572200004383e-01
