9.117719872590801522e-03
9.096879402632564865e-03
9.034358907937871733e-03
8.930161442519294474e-03
8.784293142219186390e-03
8.596764856059103607e-03
8.367594559104339982e-03
8.096810684624287241e-03
7.784456566095510240e-03
7.430596242891509239e-03
7.035321961545351784e-03
6.598763800692603043e-03
6.121101967425345014e-03
5.602582461217745467e-03
5.043536984721025580e-03
4.444408204394673448e-03
3.805781733445925356e-03
3.128426526304077700e-03
2.413345733778033027e-03
1.661840454494228642e-03
8.755891939599332605e-04
5.674613575989848275e-05
-7.919385861841803575e-04
-1.666973755428602681e-03
-2.563955283959991945e-03
-3.477368218389814258e-03
-4.400367030982286695e-03
-5.324545207022526698e-03
-6.239714769324709344e-03
-7.133729303740960447e-03
-7.992399382520644358e-03
-8.799564208289169936e-03
-9.537392243520348423e-03
-1.018697814120558647e-02
-1.072927398742991832e-02
-1.114633375755322980e-02
-1.142276536420361831e-02
-1.154719505426962493e-02
-1.151348875327732474e-02
-1.132147974063086801e-02
-1.097703701420863799e-02
-1.049145353914571546e-02
-9.880287231403080475e-03
-9.161893877268048950e-03
-8.355918452392271586e-03
-7.481964760362311978e-03
-6.558575283736385597e-03
-5.602561448508886106e-03
-4.628655205194049868e-03
-3.649414870657105136e-03
-2.675307566868180033e-03
-1.714897724185528985e-03
-7.750864606651035283e-04
1.386365586852034929e-04
1.021952598139389597e-03
1.871497433910962460e-03
2.684674267002198737e-03
3.459496501393478658e-03
4.194458313335656767e-03
4.888429715663984362e-03
5.540572452948348652e-03
6.150273177171943287e-03
6.717090706283011456e-03
7.240714612330863623e-03
7.720932838127270506e-03
8.157606458974540203e-03
8.550650070794111809e-03
8.900016593630554612e-03
9.205685533342901003e-03
9.467653950254294876e-03
9.685929549215514453e-03
9.860525438344449473e-03
9.991456209561227000e-03
1.007873507970218942e-02
1.012237190006664081e-02
1.012237190006778746e-02
1.007873507970260575e-02
9.991456209563308669e-03
9.860525438343944668e-03
9.685929549218166845e-03
9.467653950253424044e-03
9.205685533342241808e-03
8.900016593631729020e-03
8.550650070792838522e-03
8.157606458974810820e-03
7.720932838123394266e-03
7.240714612330242592e-03
6.717090706283016660e-03
6.150273177173396985e-03
5.540572452952356730e-03
4.888429715667026200e-03
4.194458313338411508e-03
3.459496501394605794e-03
2.684674267003332379e-03
1.871497433908316573e-03
1.021952598143356259e-03
1.386365586834037444e-04
-7.750864606638442275e-04
-1.714897724185462198e-03
-2.675307566871196717e-03
-3.649414870659569744e-03
-4.628655205193111383e-03
-5.602561448507627564e-03
-6.558575283737621588e-03
-7.481964760360998792e-03
-8.355918452391955867e-03
-9.161893877271893097e-03
-9.880287231401123707e-03
-1.049145353914777631e-02
-1.097703701420659102e-02
-1.132147974063065117e-02
-1.151348875327254558e-02
-1.154719505427047842e-02
-1.142276536420074040e-02
-1.114633375755618751e-02
-1.072927398743064691e-02
-1.018697814120596463e-02
-9.537392243524957583e-03
-8.799564208289896786e-03
-7.992399382519907100e-03
-7.133729303742980532e-03
-6.239714769326680857e-03
-5.324545207020495337e-03
-4.400367030983709168e-03
-3.477368218387757743e-03
-2.563955283964376893e-03
-1.666973755429144565e-03
-7.919385861822394188e-04
5.674613575854546620e-05
8.755891939566649330e-04
1.661840454491586658e-03
2.413345733780001938e-03
3.128426526302008175e-03
3.805781733442184425e-03
4.444408204393381946e-03
5.043536984722971073e-03
5.602582461217016016e-03
6.121101967422841808e-03
6.598763800690818880e-03
7.035321961545354386e-03
7.430596242889247159e-03
7.784456566095903154e-03
8.096810684625926555e-03
8.367594559103082308e-03
8.596764856061943350e-03
8.784293142219103123e-03
8.930161442517349848e-03
9.034358907937871733e-03
9.096879402631593420e-03
9.117719872590343555e-03
