-5.615326574603410337e-02
-5.614590304016511824e-02
-5.612404181790976720e-02
-5.608835331311506911e-02
-5.603992535266917596e-02
-5.598021808927823584e-02
-5.591100596512715848e-02
-5.583430937147067230e-02
-5.575231986006044110e-02
-5.566732282077535565e-02
-5.558162129562324583e-02
-5.549746411265208540e-02
-5.541698087404323819e-02
-5.534212560633600120e-02
-5.527463015682223396e-02
-5.521596776373806359e-02
-5.516732668404624590e-02
-5.512959335589261156e-02
-5.510334430820643115e-02
-5.508884589706443402e-02
-5.508606092587330083e-02
-5.509466126604983111e-02
-5.511404570640490025e-02
-5.514336239298323061e-02
-5.518153535035123097e-02
-5.522729467822119070e-02
-5.527921007801307046e-02
-5.533572737260888247e-02
-5.539520763639973339e-02
-5.545596845497364341e-02
-5.551632669477862131e-02
-5.557464199800104393e-02
-5.562936004659476547e-02
-5.567905448439668809e-02
-5.572246627023836468e-02
-5.575853917835386225e-02
-5.578645018115900578e-02
-5.580563355203099762e-02
-5.581579771199716988e-02
-5.581693410505478986e-02
-5.580931770396562602e-02
-5.579349909744831665e-02
-5.577028846188947231e-02
-5.574073204764583983e-02
-5.570608208565987901e-02
-5.566776122528489801e-02
-5.562732273807364375e-02
-5.558640776275524525e-02
-5.554670083125327201e-02
-5.550988481915681422e-02
-5.547759632653848777e-02
-5.545138233939624767e-02
-5.543265887102220846e-02
-5.542267215675689140e-02
-5.542246289087075783e-02
-5.543283396105382066e-02
-5.545432215723579417e-02
-5.548717440380270677e-02
-5.553132917558625120e-02
-5.558640389039532642e-02
-5.565168919876124082e-02
-5.572615118496550279e-02
-5.580844251938813644e-02
-5.589692352701536304e-02
-5.598969393227647140e-02
-5.608463568544544420e-02
-5.617946676568002368e-02
-5.627180520315083062e-02
-5.635924180436538422e-02
-5.643941926005521803e-02
-5.651011454381794918e-02
-5.656932086505023216e-02
-5.661532501566626102e-02
-5.664677582790964699e-02
-5.666273969324565202e-02
-5.666273969324558957e-02
-5.664677582790970944e-02
-5.661532501566635123e-02
-5.656932086504849744e-02
-5.651011454381717203e-02
-5.643941926005654336e-02
-5.635924180436722303e-02
-5.627180520315014367e-02
-5.617946676567959347e-02
-5.608463568544562461e-02
-5.598969393227704733e-02
-5.589692352701627204e-02
-5.580844251938553435e-02
-5.572615118496526687e-02
-5.565168919876033182e-02
-5.558640389039758850e-02
-5.553132917558536302e-02
-5.548717440380392801e-02
-5.545432215723673092e-02
-5.543283396105354310e-02
-5.542246289087196520e-02
-5.542267215675635711e-02
-5.543265887102497014e-02
-5.545138233939572031e-02
-5.547759632653705142e-02
-5.550988481915759831e-02
-5.554670083125294588e-02
-5.558640776275634160e-02
-5.562732273807283190e-02
-5.566776122528387799e-02
-5.570608208566101699e-02
-5.574073204764521533e-02
-5.577028846188677308e-02
-5.579349909744803215e-02
-5.580931770396648645e-02
-5.581693410505210451e-02
-5.581579771199866868e-02
-5.580563355203054660e-02
-5.578645018115856169e-02
-5.575853917835270346e-02
-5.572246627023894061e-02
-5.567905448439589705e-02
-5.562936004659475853e-02
-5.557464199800288274e-02
-5.551632669477846171e-02
-5.545596845497085398e-02
-5.539520763640044115e-02
-5.533572737260809837e-02
-5.527921007801226555e-02
-5.522729467822312666e-02
-5.518153535034928114e-02
-5.514336239298225223e-02
-5.511404570640468514e-02
-5.509466126604795067e-02
-5.508606092587242653e-02
-5.508884589706588425e-02
-5.510334430820758300e-02
-5.512959335589397158e-02
-5.516732668404693979e-02
-5.521596776373837584e-02
-5.527463015682197722e-02
-5.534212560633422484e-02
-5.541698087404171164e-02
-5.549746411265322338e-02
-5.558162129562420339e-02
-5.566732282077432870e-02
-5.575231986005895618e-02
-5.583430937146933309e-02
-5.591100596512588866e-02
-5.598021808927752807e-02
-5.603992535266750369e-02
-5.608835331311642913e-02
-5.612404181791263991e-02
-5.614590304016407740e-02
-5.615326574603343723e-02
