-1.071349170509391935e-01
-1.071295152395393829e-01
-1.071132696828769326e-01
-1.070860610020539228e-01
-1.070476935192819223e-01
-1.069979001596672030e-01
-1.069363492537923621e-01
-1.068626531754231918e-01
-1.067763787227267447e-01
-1.066770591205193075e-01
-1.065642074858494243e-01
-1.064373315601095243e-01
-1.062959494687857470e-01
-1.061396062271432600e-01
-1.059678906683476640e-01
-1.057804524328884166e-01
-1.055770186272727701e-01
-1.053574097390190256e-01
-1.051215543865130359e-01
-1.048695024890189398e-01
-1.046014364651458167e-01
-1.043176801085780175e-01
-1.040187048472513698e-01
-1.037051331649163910e-01
-1.033777390497948589e-01
-1.030374454299912701e-01
-1.026853186551807962e-01
-1.023225601843528731e-01
-1.019504957346875351e-01
-1.015705622330845270e-01
-1.011842929846425848e-01
-1.007933015294740775e-01
-1.003992646980797487e-01
-1.000039053956516683e-01
-9.960897564808210425e-02
-9.921624042848034564e-02
-9.882746275533618729e-02
-9.844439051576410471e-02
-9.806874542245856696e-02
-1.051286190187085828e-01
-1.052864843737857797e-01
-1.054549868479181390e-01
-1.056317561542578359e-01
-1.058145291444322900e-01
-1.060011706766586376e-01
-1.061896905524109952e-01
-1.063782567605932733e-01
-1.065652052341016509e-01
-1.067490463056897376e-01
-1.069284680460944881e-01
-1.071023366756837653e-01
-1.072696942577797824e-01
-1.074297539039896915e-01
-1.075818927456217294e-01
-1.077256429477954219e-01
-1.078606810611965477e-01
-1.079868160187228560e-01
-1.081039760893972995e-01
-1.082121950988327586e-01
-1.083115982149848028e-01
-1.084023875798860170e-01
-1.084848280441371438e-01
-1.085592332320936826e-01
-1.086259521339742184e-01
-1.086853563875937595e-01
-1.087378283791127082e-01
-1.087837502602151118e-01
-1.088234939496881409e-01
-1.088574121614486329e-01
-1.088858304793186293e-01
-1.089090404814123669e-01
-1.089272939044027416e-01
-1.089407978296328960e-01
-1.089497108690159893e-01
-1.089541403283486448e-01
-1.089541403283467852e-01
-1.089497108690158644e-01
-1.089407978296300372e-01
-1.089272939044035604e-01
-1.089090404814127971e-01
-1.088858304793179077e-01
-1.088574121614470924e-01
-1.088234939496874193e-01
-1.087837502602156947e-01
-1.087378283791124445e-01
-1.086853563875921080e-01
-1.086259521339734968e-01
-1.085592332320920034e-01
-1.084848280441367274e-01
-1.084023875798875297e-01
-1.083115982149842893e-01
-1.082121950988339659e-01
-1.081039760893962309e-01
-1.079868160187215792e-01
-1.078606810611961592e-01
-1.077256429477978505e-01
-1.075818927456215213e-01
-1.074297539039895527e-01
-1.072696942577790052e-01
-1.071023366756829603e-01
-1.069284680460952930e-01
-1.067490463056883360e-01
-1.065652052341013040e-01
-1.063782567605931068e-01
-1.061896905524114670e-01
-1.060011706766564588e-01
-1.058145291444340941e-01
-1.056317561542564898e-01
-1.054549868479079389e-01
-1.052864843737792155e-01
-1.051286190186403319e-01
-9.806874542246772630e-02
-9.844439051576461819e-02
-9.882746275534046165e-02
-9.921624042848133096e-02
-9.960897564808519900e-02
-1.000039053956493923e-01
-1.003992646980823578e-01
-1.007933015294758122e-01
-1.011842929846419326e-01
-1.015705622330846658e-01
-1.019504957346851343e-01
-1.023225601843495980e-01
-1.026853186551837105e-01
-1.030374454299900072e-01
-1.033777390497930132e-01
-1.037051331649149616e-01
-1.040187048472536596e-01
-1.043176801085795719e-01
-1.046014364651451645e-01
-1.048695024890195782e-01
-1.051215543865143681e-01
-1.053574097390197056e-01
-1.055770186272740468e-01
-1.057804524328894713e-01
-1.059678906683478583e-01
-1.061396062271436902e-01
-1.062959494687849282e-01
-1.064373315601088305e-01
-1.065642074858499655e-01
-1.066770591205195989e-01
-1.067763787227278827e-01
-1.068626531754212489e-01
-1.069363492537912658e-01
-1.069979001596702561e-01
-1.070476935192800350e-01
-1.070860610020528125e-01
-1.071132696828771685e-01
-1.071295152395390360e-01
-1.071349170509399568e-01
