3.223853481408225918e-02
3.223015236365289055e-02
3.220508900483508991e-02
3.216359695394747920e-02
3.210609736091181443e-02
3.203318146861563326e-02
3.194561218553089443e-02
3.184432601854591399e-02
3.173043529423878045e-02
3.160523057537889535e-02
3.147018315486514728e-02
3.132694748092675063e-02
3.117736333514474489e-02
3.102345754819017809e-02
3.086744499734226863e-02
3.071172858513498277e-02
3.055889785068318862e-02
3.041172581567543401e-02
3.027316361790627006e-02
3.014633243925354811e-02
3.003451219635853639e-02
2.994112643572906934e-02
2.986972286664281093e-02
4.109042909317375813e-02
4.055749685691698719e-02
4.004418742651299351e-02
3.955359968132517168e-02
3.908853282666005513e-02
3.865146025772110694e-02
3.824450986147663600e-02
3.786945103449484290e-02
3.752768843687712824e-02
3.722026225784833692e-02
3.694785455183327572e-02
3.671080102623348190e-02
3.650910753058853042e-02
3.634247041425716501e-02
3.621029988513704834e-02
3.611174551066434479e-02
3.604572304775944397e-02
3.601094186214101600e-02
3.600593229065483097e-02
3.602907240482621648e-02
3.607861374176576930e-02
3.615270567399991170e-02
3.624941818769253365e-02
3.636676292600294486e-02
3.650271242893049495e-02
3.665521756244167345e-02
3.682222317784425436e-02
3.700168207846885049e-02
3.719156739594291911e-02
3.738988349413812501e-02
3.759467552723527728e-02
3.780403778050422936e-02
3.801612092000245663e-02
3.822913827193893943e-02
3.844137124447835618e-02
3.865117399591329328e-02
3.885697744339984550e-02
3.905729269680981164e-02
3.925071399284757456e-02
3.943592119588937295e-02
3.961168192368938468e-02
3.977685334889521224e-02
3.993038372063134611e-02
4.007131364453707378e-02
4.019877715445770855e-02
4.031200260436736821e-02
4.041031340502750091e-02
4.049312862623902221e-02
4.055996348222168368e-02
4.061042971479120883e-02
4.064423588606972532e-02
4.066118759007755074e-02
4.066118759008274797e-02
4.064423588606962123e-02
4.061042971479109087e-02
4.055996348222266901e-02
4.049312862623809933e-02
4.041031340502952707e-02
4.031200260436878374e-02
4.019877715445812488e-02
4.007131364453810074e-02
3.993038372063120733e-02
3.977685334889612817e-02
3.961168192369154961e-02
3.943592119589251627e-02
3.925071399284787294e-02
3.905729269681035287e-02
3.885697744340186471e-02
3.865117399591229408e-02
3.844137124447786352e-02
3.822913827194143743e-02
3.801612092000511423e-02
3.780403778050200198e-02
3.759467552723529810e-02
3.738988349413679274e-02
3.719156739594358524e-02
3.700168207847075175e-02
3.682222317784323434e-02
3.665521756244145141e-02
3.650271242893003004e-02
3.636676292600105054e-02
3.624941818769368551e-02
3.615270567399948148e-02
3.607861374176613012e-02
3.602907240482638995e-02
3.600593229065555262e-02
3.601094186214059967e-02
3.604572304775848640e-02
3.611174551066339417e-02
3.621029988513787407e-02
3.634247041425678337e-02
3.650910753058761449e-02
3.671080102623369007e-02
3.694785455183434431e-02
3.722026225784843406e-02
3.752768843687684375e-02
3.786945103449405187e-02
3.824450986147680254e-02
3.865146025772202981e-02
3.908853282665999268e-02
3.955359968132507453e-02
4.004418742651071061e-02
4.055749685691627249e-02
4.109042909317339731e-02
2.986972286664365400e-02
2.994112643572983262e-02
3.003451219635855721e-02
3.014633243925346484e-02
3.027316361790521881e-02
3.041172581567576708e-02
3.055889785068271677e-02
3.071172858513579809e-02
3.086744499734318456e-02
3.102345754819007054e-02
3.117736333514520633e-02
3.132694748092772902e-02
3.147018315486595219e-02
3.160523057537985292e-02
3.173043529423643511e-02
3.184432601854472744e-02
3.194561218553046422e-02
3.203318146861373894e-02
3.210609736091056543e-02
3.216359695394763185e-02
3.220508900483350784e-02
3.223015236365377872e-02
3.223853481408296001e-02
