5.034534921917854094e-02
5.032154472264646627e-02
5.025028339657122700e-02
5.013202160015250292e-02
4.996751944376363191e-02
4.975783988202286956e-02
4.950434710137452399e-02
4.920870387449678696e-02
4.887286748203521769e-02
4.849908374781712606e-02
4.808987870070320636e-02
4.764804736942620383e-02
4.717663923973140078e-02
4.667893995900446874e-02
4.615844896417371779e-02
4.561885283353180054e-02
4.506399431985575604e-02
4.449783720503783235e-02
4.392442731745917900e-02
4.334785026115742929e-02
4.277218660757994839e-02
4.220146548201515052e-02
4.163961762315171455e-02
2.982394898218584597e-02
2.980752226861070955e-02
2.982419459387138788e-02
2.987771050512453425e-02
2.997175935796501586e-02
3.010992145013836885e-02
3.029560863851732053e-02
3.053200027315159867e-02
3.082197567278022188e-02
3.116804477092200917e-02
3.157227895173370796e-02
3.203624443541733258e-02
3.256094082489766062e-02
3.314674755033492071e-02
3.379338091196446708e-02
3.449986420133729914e-02
3.526451296861891904e-02
3.608493691021188304e-02
3.695805910849799675e-02
3.788015251493049435e-02
3.884689269406794293e-02
3.985342501237061630e-02
4.089444373221358398e-02
4.196427991951248715e-02
4.305699473473022926e-02
4.416647457186585746e-02
4.528652463355577890e-02
4.641095785638967020e-02
4.753367658551155978e-02
4.864874498751885212e-02
4.975045082957291892e-02
5.083335588693510543e-02
5.189233482700106315e-02
5.292260292294808516e-02
5.391973335423054514e-02
5.487966514732955242e-02
5.579870300056349181e-02
5.667351033164472196e-02
5.750109690112118616e-02
5.827880231613104950e-02
5.900427662426928344e-02
5.967545908361654439e-02
6.029055605561013664e-02
6.084801882408839152e-02
6.134652200499118163e-02
6.178494308282745512e-02
6.216234349577300089e-02
6.247795159304757318e-02
6.273114770626098124e-02
6.292145151031774963e-02
6.304851179722568977e-02
6.311209874657816576e-02
6.311209874658292585e-02
6.304851179722534282e-02
6.292145151031781902e-02
6.273114770626286862e-02
6.247795159304680990e-02
6.216234349577499235e-02
6.178494308282805186e-02
6.134652200499199348e-02
6.084801882409000134e-02
6.029055605561096931e-02
5.967545908361799462e-02
5.900427662427234349e-02
5.827880231613628836e-02
5.750109690112142902e-02
5.667351033164509666e-02
5.579870300056428978e-02
5.487966514732824097e-02
5.391973335422983737e-02
5.292260292295002805e-02
5.189233482700304073e-02
5.083335588693348867e-02
4.975045082957323811e-02
4.864874498751782517e-02
4.753367658551213570e-02
4.641095785639152288e-02
4.528652463355463398e-02
4.416647457186633624e-02
4.305699473472977129e-02
4.196427991951017650e-02
4.089444373221413215e-02
3.985342501237053997e-02
3.884689269406843559e-02
3.788015251492996005e-02
3.695805910849839226e-02
3.608493691021128630e-02
3.526451296861830842e-02
3.449986420133675791e-02
3.379338091196518873e-02
3.314674755033483744e-02
3.256094082489704306e-02
3.203624443541806116e-02
3.157227895173472104e-02
3.116804477092218612e-02
3.082197567277981248e-02
3.053200027315045723e-02
3.029560863851782707e-02
3.010992145013973581e-02
2.997175935796481464e-02
2.987771050512460017e-02
2.982419459386978500e-02
2.980752226860987342e-02
2.982394898218535331e-02
4.163961762315238069e-02
4.220146548201538644e-02
4.277218660758060759e-02
4.334785026115671458e-02
4.392442731745718060e-02
4.449783720503811685e-02
4.506399431985561033e-02
4.561885283353225851e-02
4.615844896417540394e-02
4.667893995900489895e-02
4.717663923973160894e-02
4.764804736942630792e-02
4.808987870070340759e-02
4.849908374781779219e-02
4.887286748203353848e-02
4.920870387449550326e-02
4.950434710137561339e-02
4.975783988202078095e-02
4.996751944376309762e-02
5.013202160015212822e-02
5.025028339657032495e-02
5.032154472264720180e-02
5.034534921918000505e-02
