-2.134749636563563688e-02
-2.134400443155948235e-02
-2.133356054078787423e-02
-2.131625994829097412e-02
-2.129225982614834506e-02
-2.126177692477038139e-02
-2.122508437833205142e-02
-2.118250773077307719e-02
-2.113442027591842451e-02
-2.108123781961180471e-02
-2.102341298216144419e-02
-2.096142916657096206e-02
-2.089579432107161253e-02
-2.082703462402520425e-02
-2.075568821517107324e-02
-2.068229909020436602e-02
-2.060741126550653252e-02
-2.053156330778532768e-02
-2.045528330920496143e-02
-2.037908437323932356e-02
-2.030346066030637095e-02
-2.022888402549464018e-02
-2.015580126440980058e-02
-2.008463196690201541e-02
-2.001576696337547048e-02
-1.994956733413141489e-02
-1.988636393964402296e-02
-1.982645741857091276e-02
-1.977011859103936647e-02
-1.971758919774454361e-02
-1.966908290018132971e-02
-1.962478646469435067e-02
-1.958486105246982564e-02
-1.954944353938664961e-02
-1.951864779365184571e-02
-1.949256584541154275e-02
-1.947126889047788925e-02
-1.945480808017754568e-02
-1.944321506077030179e-02
-1.943650223796570403e-02
-1.943466275541044438e-02
-1.943767018933126312e-02
-1.944547797491088734e-02
-1.945801859278092905e-02
-1.947520255608204895e-02
-1.949691724905275314e-02
-1.952302567757693147e-02
-1.955336519907466264e-02
-1.958774630463516048e-02
-1.962595152935021209e-02
-1.966773456747838988e-02
-1.971281966777584452e-02
-1.976090138041028052e-02
-1.981164472105658575e-02
-1.986468580963827654e-02
-1.991963303122398776e-02
-1.997606875506753935e-02
-2.003355163431056254e-02
-2.009161949479066137e-02
-2.014979280578843915e-02
-2.020757870976967047e-02
-2.026447557196719290e-02
-2.031997799465422305e-02
-2.037358222564585736e-02
-2.042479187627779455e-02
-2.047312385143169530e-02
-2.051811438341948415e-02
-2.055932505349660974e-02
-2.059634867927118834e-02
-2.062881494432024926e-02
-2.065639564767225017e-02
-2.067880945563162903e-02
-2.069582604723200006e-02
-2.070726955624840535e-02
-2.071302122816878755e-02
-2.071302122816764610e-02
-2.070726955624919291e-02
-2.069582604723051167e-02
-2.067880945563244782e-02
-2.065639564766917624e-02
-2.062881494432051641e-02
-2.059634867927161161e-02
-2.055932505349728975e-02
-2.051811438342007743e-02
-2.047312385143136224e-02
-2.042479187628046255e-02
-2.037358222564629798e-02
-2.031997799465487184e-02
-2.026447557196634983e-02
-2.020757870976696777e-02
-2.014979280578609380e-02
-2.009161949478862480e-02
-2.003355163430769331e-02
-1.997606875506686974e-02
-1.991963303122731496e-02
-1.986468580963422076e-02
-1.981164472105821986e-02
-1.976090138040877131e-02
-1.971281966777469266e-02
-1.966773456748020094e-02
-1.962595152935159640e-02
-1.958774630463663152e-02
-1.955336519907042644e-02
-1.952302567757781271e-02
-1.949691724905220844e-02
-1.947520255608133771e-02
-1.945801859278558157e-02
-1.944547797490896873e-02
-1.943767018933101678e-02
-1.943466275540920926e-02
-1.943650223796625567e-02
-1.944321506076569436e-02
-1.945480808017850324e-02
-1.947126889047491594e-02
-1.949256584541443627e-02
-1.951864779365385452e-02
-1.954944353938619511e-02
-1.958486105247511655e-02
-1.962478646469505844e-02
-1.966908290018053174e-02
-1.971758919774666344e-02
-1.977011859104069527e-02
-1.982645741856953886e-02
-1.988636393964533441e-02
-1.994956733412992650e-02
-2.001576696337830155e-02
-2.008463196690218888e-02
-2.015580126440831565e-02
-2.022888402549611817e-02
-2.030346066031032265e-02
-2.037908437324214769e-02
-2.045528330920299773e-02
-2.053156330778934877e-02
-2.060741126550963767e-02
-2.068229909020539298e-02
-2.075568821517000812e-02
-2.082703462402457281e-02
-2.089579432107446441e-02
-2.096142916657259617e-02
-2.102341298215926538e-02
-2.108123781961280738e-02
-2.113442027591936473e-02
-2.118250773077244575e-02
-2.122508437833428227e-02
-2.126177692476707154e-02
-2.129225982614885507e-02
-2.131625994829281293e-02
-2.133356054078670155e-02
-2.134400443156143912e-02
-2.134749636563556402e-02
