-3.149209003309021426e-01
-3.148006713234735021e-01
-3.144402168963018607e-01
-3.138402311468130867e-01
-3.130018587699286980e-01
-3.119266774148314325e-01
-3.106166741111833773e-01
-3.090742169179664933e-01
-3.073020233231171794e-01
-3.053031273408975399e-01
-3.030808477427461289e-01
-3.006387604432115834e-01
-2.979806787913590882e-01
-2.951106464361895054e-01
-2.920329486119763174e-01
-2.887521491955445940e-01
-2.852731628105067418e-01
-2.816013736725834771e-01
-2.777428158494397170e-01
-2.737044331560453680e-01
-2.694944409136523777e-01
-2.651228159377798654e-01
-2.606019446723253918e-01
-2.559474610100395120e-01
-2.511793027305529447e-01
-2.463230049984352077e-01
-2.414112256960939951e-01
-2.364854536305055765e-01
-2.315977793861819234e-01
-2.268125047056995525e-01
-2.222072328587792744e-01
-2.840369917511360032e-01
-2.897391782071865873e-01
-2.951868573056157241e-01
-3.001378473799603541e-01
-3.042733396756815423e-01
-3.072253001948981321e-01
-3.086492074029917876e-01
-3.083292377529300299e-01
-3.062625052152607719e-01
-3.026633491472284221e-01
-2.978834547246121400e-01
-2.923037251146177740e-01
-2.862557900983679904e-01
-2.799908540988516603e-01
-2.736822478322243346e-01
-2.305742878969823106e-01
-2.354049255632878757e-01
-2.402647033769903795e-01
-2.450979428764877566e-01
-2.498610705438862878e-01
-2.545206700233810793e-01
-2.590515389790774003e-01
-2.634349213843584780e-01
-2.676569926126649013e-01
-2.717076150761815745e-01
-2.755793485593832637e-01
-2.792666835239436818e-01
-2.827654606958702188e-01
-2.860724413200715910e-01
-2.891849964161430364e-01
-2.921008883166272829e-01
-2.948181226917982456e-01
-2.973348536751427851e-01
-2.996493284280733471e-01
-3.017598605063106509e-01
-3.036648237875441692e-01
-3.053626605842319486e-01
-3.068518990026744553e-01
-3.081311757100565485e-01
-3.091992611175563566e-01
-3.100550846411889716e-01
-3.106977582180651121e-01
-3.111265966708103292e-01
-3.113411338596374089e-01
-3.113411338596100419e-01
-3.111265966708055553e-01
-3.106977582180673325e-01
-3.100550846412055694e-01
-3.091992611175630734e-01
-3.081311757100543836e-01
-3.068518990026768978e-01
-3.053626605842371666e-01
-3.036648237875422818e-01
-3.017598605063095407e-01
-2.996493284280641323e-01
-2.973348536751457272e-01
-2.948181226918143438e-01
-2.921008883166417158e-01
-2.891849964161551934e-01
-2.860724413200843586e-01
-2.827654606958677208e-01
-2.792666835239709378e-01
-2.755793485594056902e-01
-2.717076150761433273e-01
-2.676569926126817212e-01
-2.634349213843605320e-01
-2.590515389790628009e-01
-2.545206700233659247e-01
-2.498610705438659152e-01
-2.450979428764816781e-01
-2.402647033769832463e-01
-2.354049255632728599e-01
-2.305742878969880283e-01
-2.736822478322355479e-01
-2.799908540988524375e-01
-2.862557900983728199e-01
-2.923037251146056170e-01
-2.978834547246053122e-01
-3.026633491472209836e-01
-3.062625052148443272e-01
-3.083292377529255335e-01
-3.086492074029845156e-01
-3.072253001948846984e-01
-3.042733396756880371e-01
-3.001378473799496405e-01
-2.951868573056157241e-01
-2.897391782071859767e-01
-2.840369917511468278e-01
-2.222072328587029466e-01
-2.268125047057089894e-01
-2.315977793861933032e-01
-2.364854536304977772e-01
-2.414112256961345182e-01
-2.463230049984450609e-01
-2.511793027305681547e-01
-2.559474610099728986e-01
-2.606019446723636945e-01
-2.651228159377965188e-01
-2.694944409136663110e-01
-2.737044331560454236e-01
-2.777428158494503196e-01
-2.816013736726339367e-01
-2.852731628105346084e-01
-2.887521491955503117e-01
-2.920329486119854212e-01
-2.951106464361939463e-01
-2.979806787913564792e-01
-3.006387604432168015e-01
-3.030808477427180403e-01
-3.053031273408920443e-01
-3.073020233231105180e-01
-3.090742169179688803e-01
-3.106166741111733853e-01
-3.119266774148474752e-01
-3.130018587699324173e-01
-3.138402311468044270e-01
-3.144402168962963651e-01
-3.148006713234832166e-01
-3.149209003309041410e-01
