1.130114795528289195e-01
1.130128285386259174e-01
1.130168584208038618e-01
1.130235175315266599e-01
1.130327182781296486e-01
1.130443349044032431e-01
1.130582003173888489e-01
1.130741019400446912e-01
1.130917765378907786e-01
1.131109039548259532e-01
1.131310996796435764e-01
1.131519061505306400e-01
1.131727826898203670e-01
1.131930939457962415e-01
1.132120967031096659e-01
1.132289249084663385e-01
1.132425727454261510e-01
1.132518755824379886e-01
1.132554886144389178e-01
1.132518630234716633e-01
1.132392195026577231e-01
1.132155190270268119e-01
1.131784308225209923e-01
1.131252975929971649e-01
1.130530982288777131e-01
1.129584084597550636e-01
1.128373602506399509e-01
1.126856012057224493e-01
1.124982558670675620e-01
1.122698916114711620e-01
1.119944928860085315e-01
1.116654487976147525e-01
1.112755605713958429e-01
1.108170770535777533e-01
1.102817681132662736e-01
1.096610472301939032e-01
1.089461553246805214e-01
1.081284173923894171e-01
1.071995809843661607e-01
1.061522401759080747e-01
1.049803396664564931e-01
1.036797407701426782e-01
1.022488149158497783e-01
1.006890128458861611e-01
9.900534252048898143e-02
9.720668059333281708e-02
9.530584619019479009e-02
8.859431687746770201e-02
8.943281289564090908e-02
9.016485346244119958e-02
9.080425502910757785e-02
9.136347273654961409e-02
9.185349680099354208e-02
9.228387851598104930e-02
9.266282901631375801e-02
9.299735281915609553e-02
9.329339231442300429e-02
9.355596925304084099e-02
9.378931579888702408e-02
9.399699180484792638e-02
9.418198741609221103e-02
9.434681147007495383e-02
9.449356685305641823e-02
9.462401425575091285e-02
9.473962581854682152e-02
9.484163007870409501e-02
9.493104949268370285e-02
9.500873164564188622e-02
9.507537509779315221e-02
9.513155066533980631e-02
9.517771879607955787e-02
9.521424357863046695e-02
9.524140381780216158e-02
9.525940151628985164e-02
9.526836802108075430e-02
9.526836802107814528e-02
9.525940151628908836e-02
9.524140381780754616e-02
9.521424357862665055e-02
9.517771879608320773e-02
9.513155066533891813e-02
9.507537509779197260e-02
9.500873164564060946e-02
9.493104949268406367e-02
9.484163007870470563e-02
9.473962581854969423e-02
9.462401425575012182e-02
9.449356685305708436e-02
9.434681147007506485e-02
9.418198741609466740e-02
9.399699180484973049e-02
9.378931579887846148e-02
9.355596925303716338e-02
9.329339231442834723e-02
9.299735281915397223e-02
9.266282901631349433e-02
9.228387851598188196e-02
9.185349680099177960e-02
9.136347273654848999e-02
9.080425502910716151e-02
9.016485346244115795e-02
8.943281289563981273e-02
8.859431687746893713e-02
9.530584619019519255e-02
9.720668059333308075e-02
9.900534252048708017e-02
1.006890128458802630e-01
1.022488149158523735e-01
1.036797407701428031e-01
1.049803396664552857e-01
1.061522401759062845e-01
1.071995809843627884e-01
1.081284173923925812e-01
1.089461553246858921e-01
1.096610472301925293e-01
1.102817681132659405e-01
1.108170770535776284e-01
1.112755605713970364e-01
1.116654487976129068e-01
1.119944928860063527e-01
1.122698916114714257e-01
1.124982558670710314e-01
1.126856012057210615e-01
1.128373602506410195e-01
1.129584084597539534e-01
1.130530982288773661e-01
1.131252975929974980e-01
1.131784308225201041e-01
1.132155190270270617e-01
1.132392195026606513e-01
1.132518630234702062e-01
1.132554886144369055e-01
1.132518755824366841e-01
1.132425727454272890e-01
1.132289249084661165e-01
1.132120967031092912e-01
1.131930939457970187e-01
1.131727826898214495e-01
1.131519061505314588e-01
1.131310996796424106e-01
1.131109039548276463e-01
1.130917765378908063e-01
1.130741019400404307e-01
1.130582003173898759e-01
1.130443349044025075e-01
1.130327182781306755e-01
1.130235175315248419e-01
1.130168584208025573e-01
1.130128285386284293e-01
1.130114795528314453e-01
