1.196013936583667503e-05
1.254813383839981089e-05
1.316208590307343940e-05
1.380341310332905413e-05
1.447362749662506332e-05
1.517434314979998478e-05
1.590728432587090735e-05
1.667429443499152120e-05
1.747734583112253715e-05
1.831855054555686646e-05
1.920017205976620733e-05
2.012463823227589321e-05
2.109455550915878552e-05
2.211272456311558221e-05
2.318215752569741106e-05
2.430609699746039132e-05
2.548803704575941520e-05
2.673174642719988725e-05
2.804129430376139931e-05
2.942107875809202300e-05
3.087585845548690422e-05
3.241078784852607919e-05
3.403145637632942755e-05
3.574393217511961929e-05
3.755481089130763284e-05
3.947127027605079608e-05
4.150113134049338015e-05
4.365292696897893343e-05
4.593597902492752016e-05
4.836048514424151623e-05
5.093761659899498362e-05
5.367962883465887680e-05
5.659998654252568207e-05
5.971350543392678345e-05
6.303651324156972491e-05
6.658703289742079479e-05
7.038499133791425999e-05
7.445245798095440071e-05
7.881391762394607259e-05
8.349658334771276058e-05
8.853075600638582454e-05
9.395023806524349652e-05
9.979281095688630199e-05
1.061007868010319100e-04
1.129216473271729693e-04
1.203087852074471997e-04
1.283223658153920255e-04
1.370303307459894149e-04
1.465095683353193068e-04
1.568472809748838737e-04
1.681425842799677550e-04
1.805083791577427599e-04
1.940735444734553727e-04
2.089855051321670709e-04
2.254132375613671080e-04
2.435507809546016977e-04
2.636213267291839801e-04
2.858819578716101373e-04
3.106290998068084175e-04
3.382047178668648457e-04
3.690032414119803761e-04
4.034790917974290236e-04
4.421545094505791029e-04
4.856270644310531348e-04
5.345757160693589971e-04
5.897634373403237706e-04
6.520330495461204579e-04
7.222907410703860442e-04
8.014683698745889151e-04
8.904505490846190141e-04
9.899451160887626222e-04
1.100265560272740972e-03
1.220982060801234503e-03
1.350387657016054177e-03
1.484728334392844407e-03
1.617184839585020240e-03
1.736717017696128018e-03
1.827162957834478629e-03
1.867517020048586884e-03
1.835234187640019665e-03
1.716224272479860424e-03
1.471400531793079502e-03
-2.428682993769269716e-02
-2.469571736931970574e-02
2.346698928444529431e-02
1.555773551363885676e-02
6.941631913990789493e-03
3.609681128947887091e-03
2.146644172731724393e-03
1.342091813120612626e-03
8.394034214436983665e-04
5.040901066068990966e-04
2.730370102028839563e-04
1.114311623645926341e-04
-2.133600526886547666e-06
-8.174412785321230612e-05
-1.370562482446782693e-04
-1.748523208029602316e-04
-1.999690981483205621e-04
-2.158904199583283612e-04
-2.251433885995038353e-04
-2.295708631298888636e-04
-2.305223234903598650e-04
-2.289891938060412829e-04
-2.257016336196359524e-04
-2.211982498662931618e-04
-2.158766024503242648e-04
-2.100299895335250300e-04
-2.038743721133814968e-04
-1.975681730109670603e-04
-1.912269003473549001e-04
-1.849339934381338119e-04
-1.787488983531239362e-04
-1.727131024685038541e-04
-1.668546586479722343e-04
-1.611915869554701036e-04
-1.557344387738690550e-04
-1.504882334913033859e-04
-1.454539234822822130e-04
-1.406295032676078971e-04
-1.360108494450965044e-04
-1.315923563478434144e-04
-1.273674163423683253e-04
-1.233287817267395697e-04
-1.194688362503044249e-04
-1.157797975663305695e-04
-1.122538668702956904e-04
-1.088833381517294308e-04
-1.056606765837860007e-04
-1.025785733637391700e-04
-9.962998263009052724e-05
-9.680814478790072952e-05
-9.410659958155979943e-05
-9.151919148978754359e-05
-8.904006942794112645e-05
-8.666368228708344612e-05
-8.438477148666433114e-05
-8.219836144396711064e-05
-8.009974865170153835e-05
-7.808448988996102846e-05
-7.614838997147682642e-05
-7.428748931906543895e-05
-7.249805159761577023e-05
-7.077655156316302321e-05
-6.911966324527236971e-05
-6.752424854350805306e-05
-6.598734629128209794e-05
-6.450616181976655261e-05
-6.307805703819301113e-05
-6.170054103561348202e-05
