-3.868058478567572289e-02
-3.867716429459313460e-02
-3.866690714349876185e-02
-3.864982633751306434e-02
-3.862594368186495625e-02
-3.859528997965321756e-02
-3.855790531430431517e-02
-3.851383942260327292e-02
-3.846315216598012593e-02
-3.840591411010463307e-02
-3.834220722513870250e-02
-3.827212572213072039e-02
-3.819577704419912373e-02
-3.811328303539917445e-02
-3.802478131472809830e-02
-3.793042688873474177e-02
-3.783039404300200803e-02
-3.772487856130539441e-02
-3.761410033169682726e-02
-3.749830641144338145e-02
-3.737777463846389536e-02
-3.725281789670885357e-02
-3.712378916686901592e-02
-3.699108752476729101e-02
-3.685516528800970859e-02
-3.671653656017240946e-02
-3.657578748378956246e-02
-3.643358859256067700e-02
-3.629070975512808939e-02
-3.614803833457184978e-02
-3.600660135929985989e-02
-3.586759272558096012e-02
-3.573240674774865594e-02
-3.560267976410727564e-02
-3.548034202952927985e-02
-3.536768282743051744e-02
-3.488015398831342123e-02
-3.496637250124311896e-02
-3.506595202171351039e-02
-3.517639741820308835e-02
-3.529555885197302456e-02
-3.542157805795144443e-02
-3.555284376864049911e-02
-3.568795461308613831e-02
-3.582568814476898289e-02
-3.596497490977488415e-02
-3.610487667258760469e-02
-3.624456808189269186e-02
-3.638332119130037456e-02
-3.652049235651193271e-02
-3.665551111644056725e-02
-3.678787073542777453e-02
-3.691712014010883891e-02
-3.704285703048761091e-02
-3.716472198225709983e-02
-3.728239338811659143e-02
-3.739558311113110739e-02
-3.750403274386172880e-02
-3.760751038427495585e-02
-3.770580785359817222e-02
-3.779873829318806250e-02
-3.788613408726664022e-02
-3.796784506676074977e-02
-3.804373695623835400e-02
-3.811369003191457383e-02
-3.817759796357621249e-02
-3.823536681737377957e-02
-3.828691420016274577e-02
-3.833216852889550358e-02
-3.837106841138622493e-02
-3.840356212691564686e-02
-3.842960719719840101e-02
-3.844917003990005328e-02
-3.846222569853903483e-02
-3.846875764398070136e-02
-3.846875764397869601e-02
-3.846222569854118589e-02
-3.844917003989890142e-02
-3.842960719719951124e-02
-3.840356212691525134e-02
-3.837106841138337998e-02
-3.833216852889666237e-02
-3.828691420016399477e-02
-3.823536681737431386e-02
-3.817759796357440838e-02
-3.811369003191495547e-02
-3.804373695624206630e-02
-3.796784506676634252e-02
-3.788613408726947129e-02
-3.779873829318492612e-02
-3.770580785359741588e-02
-3.760751038427467136e-02
-3.750403274386044511e-02
-3.739558311112983757e-02
-3.728239338811727144e-02
-3.716472198225580226e-02
-3.704285703048824235e-02
-3.691712014010861687e-02
-3.678787073542744840e-02
-3.665551111644107379e-02
-3.652049235651200904e-02
-3.638332119130108233e-02
-3.624456808189289309e-02
-3.610487667258745204e-02
-3.596497490977438455e-02
-3.582568814476925351e-02
-3.568795461308615913e-02
-3.555284376864075585e-02
-3.542157805795087544e-02
-3.529555885197380172e-02
-3.517639741820378918e-02
-3.506595202171318426e-02
-3.496637250124406265e-02
-3.488015398830986852e-02
-3.536768282742887293e-02
-3.548034202952934923e-02
-3.560267976410688012e-02
-3.573240674774738612e-02
-3.586759272558155687e-02
-3.600660135929935335e-02
-3.614803833457200244e-02
-3.629070975512915104e-02
-3.643358859256083659e-02
-3.657578748379015920e-02
-3.671653656017262457e-02
-3.685516528800921593e-02
-3.699108752476797796e-02
-3.712378916686871061e-02
-3.725281789670895766e-02
-3.737777463846372883e-02
-3.749830641142812976e-02
-3.761410033169889505e-02
-3.772487856130567196e-02
-3.783039404300241049e-02
-3.793042688873490137e-02
-3.802478131472777911e-02
-3.811328303540026385e-02
-3.819577704420012987e-02
-3.827212572212879832e-02
-3.834220722513877189e-02
-3.840591411010126077e-02
-3.846315216598023001e-02
-3.851383942259854060e-02
-3.855790531430830503e-02
-3.859528997965593761e-02
-3.862594368186753058e-02
-3.864982633751009450e-02
-3.866690714349138580e-02
-3.867716429459577138e-02
-3.868058478566990810e-02
