1.833743410015339914e-03
1.844441876375793599e-03
1.855450336703770575e-03
1.866792909325495908e-03
1.878495882378747317e-03
1.890587914884972465e-03
1.903100257052856015e-03
1.916066991705739353e-03
1.929525298940484856e-03
1.943515746332905025e-03
1.958082607249583829e-03
1.973274210095396497e-03
1.989143321583217161e-03
2.005747567599414083e-03
2.023149895282419508e-03
2.041419080753378856e-03
2.060630287062076293e-03
2.080865677601545505e-03
2.102215090753908888e-03
2.124776782199730429e-03
2.148658242039303001e-03
2.173977094708845481e-03
2.200862090584967956e-03
2.229454199253924629e-03
2.259907815607670178e-03
2.292392091329004122e-03
2.327092405895056504e-03
2.364211993089601616e-03
2.403973741104820094e-03
2.446622186830574308e-03
2.492425727800354207e-03
2.541679078686048809e-03
2.594706003270025318e-03
2.651862357610182408e-03
2.713539485829030706e-03
2.780168016803127862e-03
2.852222118263428308e-03
2.930224274722878497e-03
3.014750667648752325e-03
3.106437250767674074e-03
3.205986630901394574e-03
3.314175885795661580e-03
3.431865475653328446e-03
3.560009434959182650e-03
3.699667065986081416e-03
3.852016394670657040e-03
4.018369691703840840e-03
4.200191402459044210e-03
4.399118859740813736e-03
4.616986155244529044e-03
4.855851484331347168e-03
5.118028088674328457e-03
5.406118480094757039e-03
5.723050708254240337e-03
6.072113609480137009e-03
6.456984448149086231e-03
6.881735638759503559e-03
7.350794481222569510e-03
7.868805639366205362e-03
8.440299978570708905e-03
9.068984703195365205e-03
9.756296023096563963e-03
1.049850227483800635e-02
1.128087648738326787e-02
1.206563682678539473e-02
1.276604110422442651e-02
1.319259601529962356e-02
1.297700514977612185e-02
1.163236064859647645e-02
9.027943938567734028e-03
5.730137626128783968e-03
2.435655727070926146e-03
-5.219084677653695881e-04
-3.083583512011670025e-03
-5.288757464865984081e-03
-7.195829857121471829e-03
-8.858322031852314260e-03
-1.031976727952928219e-02
-1.161405592424985533e-02
-1.276711756160853195e-02
-1.379868644708431846e-02
-1.472379982493263184e-02
-1.555397593924570665e-02
-1.629811056681432224e-02
-1.696315077659577009e-02
-1.755460030151265172e-02
-1.807690025974384440e-02
-1.853371828011660116e-02
-1.892817021726843352e-02
-1.926299181174717656e-02
-1.954067257370882549e-02
-1.976356046933783195e-02
-1.993394333427668530e-02
-2.005411107099305812e-02
-2.012640141748131550e-02
-2.015323126313652013e-02
-2.013711502727699720e-02
-2.008067141869789018e-02
-1.998661988365932340e-02
-1.985776815380220495e-02
1.969699245970249479e-02
1.950721212327445608e-02
1.929136033805546602e-02
1.905235296014926027e-02
1.879305705064172882e-02
1.851626073483196577e-02
1.822464569043960592e-02
1.792076327102512523e-02
1.760701494130795242e-02
1.728563737673360912e-02
1.695869228460189504e-02
1.662806075613323942e-02
1.629544176777369957e-02
1.596235431868184285e-02
1.563014261647616143e-02
1.529998369753671206e-02
1.497289688191251467e-02
1.464975450551558867e-02
1.433129343399365541e-02
1.401812693462137216e-02
1.371075655771407387e-02
1.340958375221364129e-02
1.311492100760086599e-02
1.282700237403615329e-02
1.254599326356414801e-02
1.227199947731055785e-02
1.200507543712657499e-02
1.174523162603624549e-02
1.149244126104854991e-02
1.124664623544488484e-02
1.100776237656288237e-02
1.077568407038603793e-02
1.055028830659618388e-02
1.033143819802480323e-02
1.011898602712152373e-02
9.912775869682949326e-03
9.712645842987380207e-03
9.518430021999674251e-03
9.329960063643200074e-03
9.147066575408591138e-03
8.969580260980325459e-03
8.797332872086408018e-03
8.630157992583473159e-03
8.467891677763295100e-03
8.310372969157972523e-03
8.157444302639552114e-03
8.008951825384399981e-03
7.864745635266109924e-03
7.724679954514701574e-03
7.588613247854536503e-03
