2.491764396811702031e-04
2.465713076959807903e-04
2.439096984024613501e-04
2.411924981503554832e-04
2.384207099455915024e-04
2.355954585624153719e-04
2.327179961722769530e-04
2.297897085354050351e-04
2.268121218091945224e-04
2.237869100280009960e-04
2.207159033101868673e-04
2.176010968516772781e-04
2.144446607681427253e-04
2.112489508512838121e-04
2.080165203106332239e-04
2.047501325745937351e-04
2.014527752346451095e-04
1.981276752196503566e-04
1.947783152972115683e-04
1.914084520076575480e-04
1.880221351475974689e-04
1.846237289286900563e-04
1.812179349533760142e-04
1.778098171635322799e-04
1.744048289341049163e-04
1.710088425014855140e-04
1.676281809417368152e-04
1.642696529331466593e-04
1.609405905673433335e-04
1.576488905044026723e-04
1.544030587991296333e-04
1.512122597682186154e-04
1.480863693105183287e-04
1.450360331431976846e-04
1.420727304750624143e-04
1.392088437016103519e-04
1.364577347830464582e-04
1.338338290491902782e-04
1.313527072738795987e-04
1.290312069704979692e-04
1.268875339906494482e-04
1.249413856518333255e-04
1.232140867898356973e-04
1.217287403253719535e-04
1.205103941608332008e-04
1.195862264805336306e-04
1.189857518342773979e-04
1.187410507293151785e-04
1.188870258726215656e-04
1.194616886751875828e-04
1.205064801977906441e-04
1.220666313677398751e-04
1.241915680732508243e-04
1.269353676476292492e-04
1.303572743401315570e-04
1.345222826301673003e-04
1.395017987852742447e-04
1.453743928316320044e-04
1.522266553082574081e-04
1.601541757245139586e-04
1.692626627894655567e-04
1.796692302104552219e-04
1.915038764202792176e-04
2.049111921109403323e-04
2.200523361756689944e-04
2.371073289050562583e-04
2.562777213789557695e-04
2.777897124695560827e-04
3.018978002861938403e-04
3.288890740678340752e-04
3.590882764571701191e-04
3.928637960972647392e-04
4.306347882911121250e-04
4.728796693097558901e-04
5.201462908082099545e-04
5.730641786174661689e-04
6.323593202472999053e-04
6.988721147249687959e-04
7.735792664951834929e-04
8.576206248833706525e-04
9.523322597257410926e-04
1.059287446413037515e-03
1.180347743266307869e-03
1.317727027460413591e-03
1.474072277824201027e-03
1.652566145468492564e-03
1.857058066598082924e-03
2.092233030466406074e-03
2.363830384686016473e-03
2.678929619554348829e-03
3.046326471705385064e-03
3.477031718555956274e-03
3.984937850803393911e-03
4.587717091092846644e-03
5.308040447804973638e-03
6.175245380201366263e-03
7.227635086851813551e-03
8.515675561108160263e-03
1.010648740260605694e-02
1.209025374009925491e-02
1.458960063181874434e-02
1.777396179632673157e-02
2.188315299146798010e-02
2.726853362182668494e-02
3.445256766058368836e-02
4.393948231433350560e-02
5.068070491854734239e-02
2.953846102575541366e-03
-2.536832653684381600e-02
-3.089081245860231251e-02
-3.057398398487432001e-02
-2.808482014714366870e-02
-2.493646313203623510e-02
-2.178124641441164799e-02
-1.889027829923636825e-02
-1.635377616730848693e-02
-1.417697128601352885e-02
-1.232865936311300370e-02
-1.076546949933240849e-02
-9.443309648278608304e-03
-8.322181853749222036e-03
-7.367723049991309336e-03
-6.551238230877221014e-03
-5.849120197489232620e-03
-5.242086621843916605e-03
-4.714427439172330647e-03
-4.253338129253159128e-03
-3.848359126172151701e-03
-3.490917438993407229e-03
-3.173957521675874194e-03
-2.891646372601808235e-03
-2.639138758699088871e-03
-2.412390427091654077e-03
-2.208009316125719712e-03
-2.023136746753917414e-03
-1.855352245695079949e-03
-1.702597012578965785e-03
-1.563112126872281959e-03
-1.435388441874602128e-03
-1.318125777340181659e-03
1.210199538605072345e-03
1.110633290932222517e-03
1.018576129127410357e-03
9.332839246819629730e-04
8.541037215692437456e-04
7.804606995443635897e-04
7.118472397167063814e-04
6.478137184499493939e-04
5.879607278022613848e-04
5.319324779891054789e-04
