-1.022113827441883949e-03
-1.008158839101325199e-03
-9.938464984293737814e-04
-9.791702722079520527e-04
-9.641236271710207362e-04
-9.487000425688618677e-04
-9.328930240667387963e-04
-9.166961190989475483e-04
-9.001029338082666698e-04
-8.831071517162447648e-04
-8.657025542775365068e-04
-8.478830434940354266e-04
-8.296426667708800551e-04
-8.109756442248317043e-04
-7.918763986638488461e-04
-7.723395884863260008e-04
-7.523601437706695094e-04
-7.319333058477539566e-04
-7.110546706838860587e-04
-6.897202364299914734e-04
-6.679264555302655282e-04
-6.456702918228307553e-04
-6.229492831103522477e-04
-5.997616097244140576e-04
-5.761061696698543955e-04
-5.519826609869937784e-04
-5.273916720474058906e-04
-5.023347805721556369e-04
-4.768146622464719542e-04
-4.508352099080736863e-04
-4.244016643917269960e-04
-3.975207582359585601e-04
-3.702008736039541503e-04
-3.424522159218845729e-04
-3.142870049250845454e-04
-2.857196849999077415e-04
-2.567671569516649654e-04
-2.274490335817391795e-04
-1.977879217749389795e-04
-1.678097341346607152e-04
-1.375440336089939208e-04
-1.070244150069843414e-04
-7.628892783295704305e-05
-4.538054548064440752e-05
-1.434768653163498442e-05
1.675520527832929929e-05
4.786701490078204557e-05
7.891923499914188511e-05
1.098351602277780614e-04
1.405289853203539607e-04
1.709047937551444463e-04
2.008554216733626774e-04
2.302611792434072768e-04
2.589884087309535232e-04
2.868878550695841412e-04
3.137928205744211496e-04
-3.395170705147165791e-04
-3.638524503506435082e-04
-3.865661683389864933e-04
-4.073976886800334540e-04
-4.260551700443482304e-04
-4.422113718121067905e-04
-4.554989351237548334e-04
-4.655049272582756359e-04
-4.717645150708049684e-04
-4.737536052024093891e-04
-4.708802541552037368e-04
-4.624746084123110279e-04
-4.477770813291481744e-04
-4.259244066380230009e-04
-3.959331244066666144e-04
-3.566799491848682280e-04
-3.068783354821524867e-04
-2.450503840826234736e-04
-1.694930126703297901e-04
-7.823703068376985925e-05
3.100260925215092556e-05
1.608875900793726998e-04
3.145308743490726755e-04
4.955888776698724740e-04
7.083759364102659717e-04
9.580073051679294238e-04
1.250578897385667965e-03
1.593394659372582289e-03
1.995256114269539083e-03
2.466833609816365680e-03
-3.021145692127857885e-03
-3.674182571296591426e-03
-4.445722919966699216e-03
-5.360411754989025113e-03
-6.449192949102955374e-03
-7.751225707794295872e-03
-9.316463419168030669e-03
-1.120913897684006066e-02
-1.351248452092135288e-02
-1.633511024821737712e-02
-1.981955194467655001e-02
-2.415349735821409327e-02
-2.958393262263436796e-02
-3.643348498744125585e-02
-4.511567674758881763e-02
-5.613996840507989861e-02
-7.008586156230811604e-02
-8.750598107063878306e-02
-1.086931096104738481e-01
-1.332143765874599928e-01
-1.589324867256153850e-01
-1.782524651429639728e-01
-1.452482819661912727e-01
5.223455474317710567e-02
1.028298135700246030e-01
9.513600553124761106e-02
8.120068633741774067e-02
6.810062975538405672e-02
5.697713367064780737e-02
4.780247174955484790e-02
4.029118406325338242e-02
3.413374037790811721e-02
2.905941184862861904e-02
2.484776986081754790e-02
2.132445079763964357e-02
1.835305209844380336e-02
1.582712485138437764e-02
1.366341388567726689e-02
1.179649661593540344e-02
1.017464967780101759e-02
8.756701772326042077e-03
7.509647598453073059e-03
6.406838131333220110e-03
5.426603784094236049e-03
4.551201979191010771e-03
3.766008151393607228e-03
3.058890042718143132e-03
2.419720658290019921e-03
1.839996696131190879e-03
1.312537683101827612e-03
8.312472456425967771e-04
3.909225154913875677e-04
-1.289894363215582374e-05
-3.840627830952181299e-04
-7.258983005138108791e-04
-1.041300448181625704e-03
-1.332797139912245132e-03
-1.602604762004744554e-03
-1.852674170060186754e-03
-2.084728973282712339e-03
-2.300297536406370469e-03
-2.500739840338994657e-03
-2.687270116556339516e-03
-2.860975992502734488e-03
