2.758604015579868562e-03
2.843965651931623650e-03
2.935632922509090470e-03
3.034148743436548834e-03
3.140109589574835436e-03
3.254171449391884963e-03
3.377056499133279655e-03
3.509560584640636360e-03
3.652561608402715709e-03
3.807028928930700218e-03
3.974033888707428908e-03
4.154761595209222058e-03
4.350524085767082383e-03
4.562775010044983759e-03
4.793125961374711252e-03
5.043364577363373957e-03
5.315474506925821352e-03
5.611657299437522450e-03
5.934356204461921358e-03
6.286281766645140934e-03
6.670438946085488485e-03
7.090155270651321562e-03
7.549109209290805200e-03
8.051357512946610839e-03
8.601359663703178615e-03
9.203996756685706160e-03
9.864581060587296335e-03
1.058885110623586367e-02
1.138294539077083778e-02
1.225334563250085607e-02
1.320677799476671632e-02
1.425005793495964790e-02
1.538986160146743609e-02
1.663240450145375693e-02
1.798300732006058444e-02
1.944553049458641603e-02
2.102166502894797784e-02
-2.271007890561152487e-02
-2.450543799855176008e-02
-2.639734845588570522e-02
-2.836930314812910470e-02
-3.039775423933493981e-02
-3.245147027690040153e-02
-3.449135995959454193e-02
-3.647094629610525551e-02
-3.833764771913217295e-02
-4.003496601935765953e-02
-4.150559861315666899e-02
-4.269538810663056627e-02
-4.355789209079191648e-02
-4.405919140909891896e-02
-4.418235689922392351e-02
-4.393080394745962902e-02
-4.332968299449213578e-02
-4.242461903196542705e-02
-4.127760350523812516e-02
-3.996056852737589482e-02
-3.854785611667729817e-02
-3.710910414006080016e-02
-3.570384773606860573e-02
-3.437850852317331229e-02
-3.316572976536413808e-02
-3.208550305860752294e-02
-3.114733715338441344e-02
-3.035278821678763506e-02
-2.969787312029487092e-02
-2.917510661420716356e-02
-2.877507479474875063e-02
-2.848756389878337458e-02
-2.830231490618098644e-02
-2.820948901969039246e-02
-2.819992355895420411e-02
-2.826524383432577059e-02
-2.839788094278569708e-02
-2.859103141679136817e-02
-2.883858340163938938e-02
-2.913502559284159021e-02
-2.947534912576749155e-02
-2.985494844783889712e-02
-3.026952442476379956e-02
-3.071499113242184831e-02
-3.118738665795539600e-02
-3.168278755556536153e-02
-3.219722621954698716e-02
-3.272661024457013124e-02
-3.326664277285035221e-02
-3.381274283701031502e-02
-3.435996477208028144e-02
-3.490291587959580555e-02
-3.543567168119390876e-02
-3.595168830737781318e-02
-3.644371184726416524e-02
-3.690368486385704749e-02
-3.732265079465206525e-02
-3.769065765843537807e-02
-3.799666343985790007e-02
-3.822844680116847804e-02
-3.837252846722208344e-02
-3.841411084483459248e-02
-3.833704626665060400e-02
-3.812384776039780265e-02
-3.775576043403196247e-02
-3.721291629548906243e-02
-3.647460021377692263e-02
-3.551965902642460760e-02
-3.432708822865271348e-02
-3.287682929790994302e-02
-3.115080286323232417e-02
-2.913418546980836576e-02
-2.681690760009955432e-02
-2.419530627569848463e-02
-2.127380866721303304e-02
-1.806646086929199896e-02
-1.459806252400627086e-02
-1.090464362388506719e-02
-7.033046355621887236e-03
-3.039466582678715389e-03
1.013037016050988282e-03
5.057870780497786961e-03
9.028702421685314700e-03
1.286325153557700898e-02
1.650659690365235271e-02
1.991362503476404658e-02
2.305041808395229264e-02
2.589457181994442997e-02
2.843459495995371775e-02
3.066863894711455846e-02
3.260283638592325478e-02
3.424950081477591557e-02
3.562538311761007798e-02
3.675011263961770747e-02
3.764488958616753200e-02
3.833144757972744426e-02
3.883127325124309526e-02
3.916505165375008812e-02
3.935229872574474291e-02
3.941114146335876478e-02
3.935820992075136221e-02
3.920861049046678315e-02
3.897595572074993853e-02
3.867243140229194298e-02
3.830888641535840772e-02
3.789493474468967615e-02
3.743906216708656198e-02
3.694873249107483854e-02
3.643049000075752886e-02
3.589005604817490508e-02
3.533241865889637234e-02
3.476191465470504505e-02
3.418230422854179329e-02
