-1.615105143484868444e-03
-1.632563390678146154e-03
-1.650386372793147260e-03
-1.668584836823361339e-03
-1.687169901778209913e-03
-1.706153069897700658e-03
-1.725546237628161617e-03
-1.745361706219986098e-03
-1.765612191785198570e-03
-1.786310834613322185e-03
-1.807471207509556144e-03
-1.829107322869574781e-03
-1.851233638148680472e-03
-1.873865059320550808e-03
-1.897016941835721893e-03
-1.920705088502380753e-03
-1.944945743594730936e-03
-1.969755582364493551e-03
-1.995151694967348122e-03
-2.021151563628018066e-03
-2.047773031637681318e-03
-2.075034262501454507e-03
-2.102953687221770229e-03
-2.131549937310087128e-03
-2.160841760631554420e-03
-2.190847916610880186e-03
-2.221587046621634198e-03
-2.253077514523249558e-03
-2.285337211272484015e-03
-2.318383316260927418e-03
-2.352232006477120163e-03
-2.386898102683929213e-03
-2.422394639458105847e-03
-2.458732343039726764e-03
-2.495918997366258774e-03
-2.533958674220390672e-03
-2.572850797887563101e-03
-2.612589007817911479e-03
-2.653159774117494485e-03
-2.694540709809442602e-03
-2.736698510042864796e-03
-2.779586430991770607e-03
-2.823141198999609691e-03
-2.867279212162232582e-03
-2.911891860154863787e-03
-2.956839741205960492e-03
-3.001945494392685432e-03
-3.046984886457257402e-03
-3.091675689142453498e-03
-3.135663747566366788e-03
-3.178505461444144919e-03
-3.219645664120682205e-03
-3.258389569019443099e-03
-3.293867031328362449e-03
-3.324986806219704105e-03
-3.350377721084679683e-03
-3.368312646180621206e-03
-3.376609747750891621e-03
-3.372503607998122988e-03
-3.352476222577283060e-03
-3.312034414725745224e-03
-3.245415565755943588e-03
-3.145197466320664992e-03
-3.001780324788927423e-03
-2.802699607926395498e-03
-2.531718325327281249e-03
-2.167639405538351882e-03
-1.682779904526587877e-03
-1.041074350394161074e-03
-1.958560753932137022e-04
9.124376485963037187e-04
2.357977848054720882e-03
4.229244163757722719e-03
6.624032191699796845e-03
9.635446772721434350e-03
1.332321837974961842e-02
1.766507847638382200e-02
2.248570774990973908e-02
2.736031215101952796e-02
3.146707618038896426e-02
3.329417247049484829e-02
6.637041218226027994e-02
5.168779139020897306e-02
2.673212676460497150e-02
-1.786827441438085251e-04
-2.005956127657583174e-02
-3.203214575379703666e-02
-3.843276066602457214e-02
-4.122316579867801867e-02
-4.165623591126388359e-02
-4.055718878849047526e-02
-3.851382642064883621e-02
-3.595874249753847757e-02
-3.320221738771989006e-02
-3.045242839231274840e-02
-2.783607055399989552e-02
-2.541992374902869029e-02
-2.323042525107061468e-02
-2.126917169010949724e-02
-1.952394258730133850e-02
-1.797589516779576208e-02
-1.660392436130879446e-02
-1.538711253225469311e-02
-1.430597720253713040e-02
-1.334300412214256548e-02
-1.248277866392682317e-02
-1.171190672717568187e-02
-1.101883715874549252e-02
-1.039364861730012607e-02
-9.827834435856268314e-03
-9.314101992425175003e-03
-8.846193515073645652e-03
-8.418730070716341773e-03
-8.027077854196262852e-03
-7.667234695001447220e-03
-7.335734282507458404e-03
-7.029565601995593771e-03
-6.746105260907984957e-03
-6.483060651002237051e-03
-6.238422175278514337e-03
-6.010423037811837843e-03
-5.797505336303146461e-03
-5.598291406943158022e-03
-5.411559549565680971e-03
-5.236223410694289260e-03
-5.071314426585885049e-03
-4.915966831342655219e-03
-4.769404820113162802e-03
-4.630931527298993988e-03
-4.499919537215520127e-03
-4.375802691987833171e-03
-4.258069000443530372e-03
-4.146254483910531696e-03
-4.039937821384842476e-03
-3.938735678499852289e-03
-3.842298622948298048e-03
-3.750307544150954797e-03
-3.662470507572103406e-03
-3.578519984612629767e-03
-3.498210407822194279e-03
-3.421316008559840971e-03
-3.347628900451593559e-03
-3.276957377227593393e-03
-3.209124397955176455e-03
-3.143966236424836080e-03
-3.081331274638679507e-03
-3.021078923053449605e-03
-2.963078652540016011e-03
-2.907209125003848427e-03
-2.853357411292806178e-03
