-1.650677836537051135e-03
-1.668584577392634438e-03
-1.686866955045662753e-03
-1.705536094414095150e-03
-1.724603508530264673e-03
-1.744081110483297614e-03
-1.763981225145622167e-03
-1.784316600542151798e-03
-1.805100418698080134e-03
-1.826346305759771194e-03
-1.848068341148118021e-03
-1.870281065451090408e-03
-1.892999486707847012e-03
-1.916239084666995773e-03
-1.940015812517334459e-03
-1.964346095498739619e-03
-1.989246825676915797e-03
-2.014735352034460747e-03
-2.040829464859089670e-03
-2.067547373215683493e-03
-2.094907674050447421e-03
-2.122929311186544377e-03
-2.151631522129937579e-03
-2.181033770190979326e-03
-2.211155658920896383e-03
-2.242016825264286917e-03
-2.273636807087961453e-03
-2.306034879857796205e-03
-2.339229856146957109e-03
-2.373239840328389416e-03
-2.408081929184804904e-03
-2.443771847167569566e-03
-2.480323502585132789e-03
-2.517748447967871339e-03
-2.556055224101669299e-03
-2.595248562567625816e-03
-2.635328415807727809e-03
-2.676288776490079457e-03
-2.718116238822995689e-03
-2.760788243021297661e-03
-2.804270929620489294e-03
-2.848516511966131537e-03
-2.893460051791335585e-03
-2.939015492856161815e-03
-2.985070769171885297e-03
-3.031481754738579726e-03
-3.078064757460363676e-03
-3.124587176262280663e-03
-3.170755831070251607e-03
-3.216202331626172306e-03
-3.260464661485051874e-03
-3.302963902046318623e-03
-3.342974686492458658e-03
-3.379587525281751992e-03
-3.411660542716493660e-03
-3.437757352274972700e-03
-3.456066700705889838e-03
-3.464298023971634777e-03
-3.459545043427353361e-03
-3.438106806394891635e-03
-3.395251911847113613e-03
-3.324906788922693535e-03
-3.219242540439676281e-03
-3.068126860300529613e-03
-2.858398093435104981e-03
-2.572908814853863690e-03
-2.189279777862263021e-03
-1.678309880992545633e-03
-1.002021544744879922e-03
-1.114187207141570379e-04
1.055738940726580477e-03
2.576383116603825352e-03
4.541215909970724995e-03
7.048554783176758098e-03
1.018855233045647124e-02
1.401249670661675051e-02
1.848314447010665496e-02
2.340559210813659974e-02
2.833710544888189131e-02
3.244853032724984154e-02
3.423743699752855585e-02
6.619119582494548126e-02
5.167057682436709820e-02
2.675379470568476498e-02
-1.944493344121292489e-04
-2.002379515640955940e-02
-3.184539583325766282e-02
-3.805046288873439181e-02
-4.064024985471606510e-02
-4.089294882605269688e-02
-3.965081006706156624e-02
-3.751065448227940136e-02
-3.490574829455270894e-02
-3.214035386563082741e-02
-2.941305565072058897e-02
-2.684038897606445123e-02
-2.448032888221701731e-02
-2.235261868234268007e-02
-2.045424873486046194e-02
-1.877009967739115548e-02
-1.727967894397617471e-02
-1.596107761187781637e-02
-1.479311251582476200e-02
-1.375635799924290747e-02
-1.283353565858804529e-02
-1.200955469208522114e-02
-1.127137724724758955e-02
-1.060780843961876829e-02
-1.000926546535081674e-02
-9.467553731875473499e-03
-8.975662888866010880e-03
-8.527587397926805757e-03
-8.118171974396598545e-03
-7.742980158727763573e-03
-7.398183426136080432e-03
-7.080468044452885301e-03
-6.786957014879468897e-03
-6.515144697973249133e-03
-6.262842040810755184e-03
-6.028130631500198955e-03
-5.809324091064806128e-03
-5.604935561497291496e-03
-5.413650261270906705e-03
-5.234302258165075827e-03
-5.065854757751314663e-03
-4.907383328571220116e-03
-4.758061585981208930e-03
-4.617148939516632633e-03
-4.483980076600294074e-03
-4.357955911181897457e-03
-4.238535771656740114e-03
-4.125230640022049811e-03
-4.017597285183624467e-03
-3.915233158859561524e-03
-3.817771943614746422e-03
-3.724879660037795637e-03
-3.636251254572953062e-03
-3.551607601591136310e-03
-3.470692863350000046e-03
-3.393272159918400699e-03
-3.319129508194712530e-03
-3.248065995086299451e-03
-3.179898154913624042e-03
-3.114456525328351821e-03
-3.051584359607090180e-03
-2.991136476218625440e-03
-2.932978229144692084e-03
-2.876984584633229813e-03
-2.823039291947798679e-03
-2.771034137285868781e-03
