1.447289964283967334e-01
1.446893954884893307e-01
1.445718209660010745e-01
1.443798660948119039e-01
1.441192277689886669e-01
1.437973134911653406e-01
1.434227699031210279e-01
1.430049905698015100e-01
1.425536545245629227e-01
1.420783336601591507e-01
1.415881905844563193e-01
1.410917728300805640e-01
1.405968967827729565e-01
1.401106063550984770e-01
1.396391870903307408e-01
1.391882151995899874e-01
1.387626220224159601e-01
1.383667567492587180e-01
1.380044334842128462e-01
1.376789527212514130e-01
1.373930921178938558e-01
1.371490671066450950e-01
1.369484681185749453e-01
1.367921872332007183e-01
1.366803516283321973e-01
1.366122827842231324e-01
1.365864978832681542e-01
1.366007631732964467e-01
1.366521995629458308e-01
1.367374308503788161e-01
1.368527574576775541e-01
1.369943352436705786e-01
1.371583402949526909e-01
1.373411054858418023e-01
1.375392211673109044e-01
1.377495987063514227e-01
1.379695004603594954e-01
1.381965426327171897e-01
1.384286784578977192e-01
1.386641688034947473e-01
1.389015461318680034e-01
1.391395763242589123e-01
1.401306112917256042e-01
1.393602196989857656e-01
1.385202571502374691e-01
1.376294308982216608e-01
1.367175196767066170e-01
1.358221219982488348e-01
1.349820024582994715e-01
1.342293994231958110e-01
1.335845613807193355e-01
1.330544047007050090e-01
1.326347892512324267e-01
1.323144754317452654e-01
1.320789491205615895e-01
1.319131986764877917e-01
1.318033258201935509e-01
1.317372597208720519e-01
1.317049135635492974e-01
1.316980518209025230e-01
1.317100394709250777e-01
1.317355672876620309e-01
1.317703977529306736e-01
1.318111482102562737e-01
1.318551138263243661e-01
1.319001267596139892e-01
1.319444458670286369e-01
1.319866711449509955e-01
1.320256777604521814e-01
1.320605654214390967e-01
1.320906197108251412e-01
1.321152827745293024e-01
1.321341313847439192e-01
1.321468609086516866e-01
1.321532741199557826e-01
1.321532741199557548e-01
1.321468609086513535e-01
1.321341313847441967e-01
1.321152827745295799e-01
1.320906197108248359e-01
1.320605654214392632e-01
1.320256777604524034e-01
1.319866711449504404e-01
1.319444458670281373e-01
1.319001267596138782e-01
1.318551138263245603e-01
1.318111482102564402e-01
1.317703977529298964e-01
1.317355672876624473e-01
1.317100394709256606e-01
1.316980518209026896e-01
1.317049135635497692e-01
1.317372597208711082e-01
1.318033258201929958e-01
1.319131986764872366e-01
1.320789491205612010e-01
1.323144754317451544e-01
1.326347892512317606e-01
1.330544047007044262e-01
1.335845613807198073e-01
1.342293994231956167e-01
1.349820024583000821e-01
1.358221219982489458e-01
1.367175196767059231e-01
1.376294308982211889e-01
1.385202571502375246e-01
1.393602196989864594e-01
1.401306112917246605e-01
1.391395763242592731e-01
1.389015461318683364e-01
1.386641688034956632e-01
1.384286784578976359e-01
1.381965426327177171e-01
1.379695004603596897e-01
1.377495987063508953e-01
1.375392211673110709e-01
1.373411054858426350e-01
1.371583402949524966e-01
1.369943352436704398e-01
1.368527574576778039e-01
1.367374308503781777e-01
1.366521995629462194e-01
1.366007631732957528e-01
1.365864978832687926e-01
1.366122827842234655e-01
1.366803516283315589e-01
1.367921872332006350e-01
1.369484681185748343e-01
1.371490671066449840e-01
1.373930921178942999e-01
1.376789527212504693e-01
1.380044334842129572e-01
1.383667567492593842e-01
1.387626220224166540e-01
1.391882151995895711e-01
1.396391870903307963e-01
1.401106063550984770e-01
1.405968967827726512e-01
1.410917728300805085e-01
1.415881905844556254e-01
1.420783336601595670e-01
1.425536545245632281e-01
1.430049905698017043e-01
1.434227699031207226e-01
1.437973134911655904e-01
1.441192277689894718e-01
1.443798660948119872e-01
1.445718209660009079e-01
1.446893954884896083e-01
1.447289964283973995e-01
