-5.672989938198341742e-03
-5.707058993156655102e-03
-5.741336474800962097e-03
-5.775820123100239289e-03
-5.810507472108844551e-03
-5.845395840616163241e-03
-5.880482322437541320e-03
-5.915763776334181934e-03
-5.951236815547100711e-03
-5.986897796938533967e-03
-6.022742809722869683e-03
-6.058767663776609691e-03
-6.094967877513929322e-03
-6.131338665318175618e-03
-6.167874924508792711e-03
-6.204571221836346906e-03
-6.241421779490552435e-03
-6.278420460605560471e-03
-6.315560754249771591e-03
-6.352835759886849010e-03
-6.390238171292306202e-03
-6.427760259912568275e-03
-6.465393857648521481e-03
-6.503130339056389930e-03
-6.540960602940765201e-03
-6.578875053333349543e-03
-6.616863579838788700e-03
-6.654915537331690389e-03
-6.693019724988591435e-03
-6.731164364639080633e-03
-6.769337078419979115e-03
-6.807524865711483963e-03
-6.845714079338649505e-03
-6.883890401014752802e-03
-6.922038816005837703e-03
-6.960143586987377340e-03
-6.998188227064883193e-03
-7.036155471927846294e-03
-7.074027251089493040e-03
-7.111784658170999807e-03
-7.149407920168326935e-03
-7.186876365634392583e-03
-7.224168391690072299e-03
-7.261261429758136821e-03
-7.298131909886512725e-03
-7.334755223506295163e-03
-7.371105684405243608e-03
-7.407156487678145940e-03
-7.442879666322399501e-03
-7.478246045079073312e-03
-7.513225191013050974e-03
-7.547785360193653981e-03
-7.581893439665032819e-03
-7.615514883691082426e-03
-7.648613642980028882e-03
-7.681152085251052863e-03
-7.713090905073244352e-03
-7.744389020323150241e-03
-7.775003451899908935e-03
-7.804889182397439784e-03
-7.833998988228674243e-03
-7.862283238134037955e-03
-7.889689648990116932e-03
-7.916162987182506772e-03
-7.941644700344002716e-03
-7.966072459704903741e-03
-7.989379587286599138e-03
-8.011494334148244745e-03
-8.032338965232088679e-03
-8.051828591965071169e-03
-8.069869674364876788e-03
-8.086358087972977948e-03
-8.101176614660254849e-03
-8.114191666321213248e-03
-8.125248980664995235e-03
-8.134167930274605052e-03
-8.140733946904482599e-03
-8.144688363355800931e-03
-8.145714685731469951e-03
-8.143419883707425644e-03
-8.137308653882374676e-03
-8.126747656395705288e-03
-8.110915260796935922e-03
-8.088730053215087423e-03
-8.058747726923470855e-03
-8.019010089905104222e-03
-7.966820153973735996e-03
-7.898400659709925442e-03
-7.808364377460907946e-03
-7.688872328342866158e-03
-7.528259104466611396e-03
-7.308717994569252641e-03
-7.002266670644213820e-03
-6.563444435530224608e-03
-5.915545549201983722e-03
-4.923605627148719410e-03
-3.339750641475014437e-03
-6.932660123991629675e-04
3.902445026794293392e-03
1.188052158322067120e-02
2.429341462516476646e-02
3.883146588083488671e-02
5.053442712834119166e-02
5.771680866011737188e-02
6.165364024427799627e-02
6.371362259059897004e-02
6.469170497983937895e-02
6.499293625305926914e-02
6.482078536878578545e-02
6.427922559963607230e-02
6.342337294536262715e-02
6.228535448693418158e-02
6.088847367860236032e-02
5.925546747699031447e-02
5.741327166124336051e-02
5.539522615292445662e-02
5.324112096308935421e-02
5.099545973317221731e-02
4.870451421979094669e-02
4.641292459116820590e-02
4.416060909131880319e-02
4.198054943079160967e-02
3.989769940784042984e-02
3.792895461681208835e-02
3.608391804962425564e-02
3.436612680804911751e-02
3.277443873389340734e-02
3.130436282848209767e-02
2.994920978800764966e-02
2.870101385218254419e-02
2.755122670040630745e-02
2.649121085376070911e-02
2.551257037370376762e-02
2.460735706484901142e-02
2.376818583552885861e-02
2.298828653411691403e-02
2.226151323327663772e-02
2.158232639996821023e-02
2.094575892798183903e-02
2.034737359551820612e-02
1.978321699353247781e-02
1.924977316924707943e-02
1.874391897192500753e-02
1.826288223091394880e-02
1.780420332576156117e-02
1.736570033952081551e-02
1.694543775655371967e-02
1.654169853046431882e-02
1.615295927455590724e-02
1.577786829462961282e-02
1.541522617700915448e-02
1.506396865321348033e-02
1.472315148012755606e-02
1.439193709631165011e-02
1.406958283857108818e-02
1.375543052625591289e-02
1.344889724303718545e-02
1.314946716649492003e-02
1.285668431461695418e-02
1.257014609497959443e-02
1.228949755734544749e-02
1.201442626336836350e-02
1.174465769861787051e-02
1.147995116203589204e-02
1.122009607662641240e-02
1.096490867262476035e-02
1.071422900089913366e-02
1.046791823992300127e-02
1.022585626441950210e-02
9.987939448002036008e-03
9.754078675641734628e-03
9.524197544859246134e-03
9.298230737224437090e-03
9.076122543935617737e-03
8.857825531258153515e-03
8.643299333217800695e-03
8.432509560414917088e-03
8.225426815015183038e-03
8.022025803071590466e-03
7.822284536192380955e-03
7.626183615387378129e-03
7.433705590576371314e-03
7.244834389826778839e-03
7.059554812905908389e-03
6.877852084143230849e-03
6.699711460014514883e-03
6.525117887166895919e-03
6.354055706913465211e-03
6.186508402501879333e-03
6.022458385673771196e-03
5.861886819270845789e-03
5.704773472830723148e-03
5.551096608296050838e-03
5.400832893130235075e-03
5.253957338296323318e-03
5.110443258696049061e-03
4.970262253815213235e-03
4.833384206451522142e-03
4.699777297536357132e-03
4.569408035178315619e-03
