3.534178408981958341e-03
3.569010146359352653e-03
3.604298788546733689e-03
3.640052018885842067e-03
3.676277676856520849e-03
3.712983761593346976e-03
3.750178435463880078e-03
3.787870027713524657e-03
3.826067038166791612e-03
3.864778140993507805e-03
3.904012188524541571e-03
3.943778215124593700e-03
3.984085441109730397e-03
4.024943276703329964e-03
4.066361326031553425e-03
4.108349391142351870e-03
4.150917476041127152e-03
4.194075790736495613e-03
4.237834755277058996e-03
4.282205003771522023e-03
4.327197388368619890e-03
4.372822983181978707e-03
4.419093088144587789e-03
4.466019232751472501e-03
4.513613179673137132e-03
4.561886928214575754e-03
4.610852717559343894e-03
4.660523029779706228e-03
4.710910592551242893e-03
4.762028381517624531e-03
4.813889622242273347e-03
4.866507791681518036e-03
4.919896619083874434e-03
4.974070086236181965e-03
5.029042426931917831e-03
5.084828125556439815e-03
5.141441914645716871e-03
5.198898771243465333e-03
5.257213911903924064e-03
5.316402786104124090e-03
5.376481067856597740e-03
5.437464645224099336e-03
5.499369607455339981e-03
5.562212229369700722e-03
5.626008952590133561e-03
5.690776363171945462e-03
5.756531165082345858e-03
5.823290148928905730e-03
5.891070155239930273e-03
5.959888031482396542e-03
6.029760581915954987e-03
6.100704509183652036e-03
6.172736346438334465e-03
6.245872378583650075e-03
6.320128550983294957e-03
6.395520363742579484e-03
6.472062749383944436e-03
6.549769931360582831e-03
6.628655260439653141e-03
6.708731025546366133e-03
6.790008235043498708e-03
6.872496363781177564e-03
6.956203060468957311e-03
7.041133808981192566e-03
7.127291536123347981e-03
7.214676157075494700e-03
7.303284048196467815e-03
7.393107435031076591e-03
7.484133681159854667e-03
7.576344460948569726e-03
7.669714796078141994e-03
7.764211932024922547e-03
7.859794026091160291e-03
7.956408613200238733e-03
8.053990809034017317e-03
8.152461202160621312e-03
8.251723377128539205e-03
8.351660998728083207e-03
8.452134373273745283e-03
8.552976385211463750e-03
8.653987685843467226e-03
8.754930984473108246e-03
8.855524259693159372e-03
8.955432668178997524e-03
9.054258878410048617e-03
9.151531494599907113e-03
9.246691158734998695e-03
9.339073821869492420e-03
9.427890554699391856e-03
9.512203115204842518e-03
9.590894299610797091e-03
9.662631861163895053e-03
9.725824475726452256e-03
9.778567846365771032e-03
9.818578549004031153e-03
9.843112599801195906e-03
9.848864937767709549e-03
9.831845020694451875e-03
9.787222478144008697e-03
9.709135194715501349e-03
9.590450248925241894e-03
9.422465754508779767e-03
9.194538815525121755e-03
8.893621558268338667e-03
8.503683732964617548e-03
8.004997167757044174e-03
7.373255429822034301e-03
6.578503400388679978e-03
5.583859790498413300e-03
4.344037423834490319e-03
2.803712377461353711e-03
8.958813327521464309e-04
-1.459497450246594052e-03
-4.356027292890474190e-03
-7.899620492363479407e-03
-1.220401569138279685e-02
-1.738107878348887914e-02
-2.352368430969004054e-02
-3.067975276187590028e-02
-3.881874275326857582e-02
-4.779712320691559269e-02
-5.733577077816415235e-02
-6.702538835314886256e-02
-7.637001257132014498e-02
-8.486239309805237996e-02
-9.206751129196161232e-02
-9.768542312506794945e-02
-1.015763593790233177e-01
-1.037497004364920650e-01
-1.043308118833718434e-01
-1.035212046280092335e-01
-1.015622641944827209e-01
-9.870676372881165284e-02
-9.519852482927920745e-02
-9.125904603619511279e-02
-8.707968789018372124e-02
-8.281819834837178540e-02
-7.859855195889406398e-02
-7.451317584161623597e-02
-7.062670323116010396e-02
-6.698049397231728430e-02
-6.359730921353964894e-02
-6.048570516472701053e-02
-5.764388575263407200e-02
-5.506290035887895229e-02
-5.272917846931521324e-02
-5.062645824115183379e-02
-4.873719818235586199e-02
-4.704357017710839028e-02
-4.552812706927178432e-02
-4.417422590355968293e-02
-4.296627338476374791e-02
-4.188984588997080039e-02
-4.093172382277857069e-02
-4.007986972467958431e-02
-3.932337135485466928e-02
-3.865236467352009542e-02
-3.805794698662040565e-02
-3.753208709932503995e-02
-3.706753688704175764e-02
-3.665774698125351394e-02
-3.629678808901876108e-02
-3.597927867170214178e-02
-3.570031918808302951e-02
-3.545543277852292174e-02
-3.524051207020229004e-02
-3.505177167669620841e-02
-3.488570591797493514e-02
-3.473905127851983909e-02
-3.460875313702271860e-02
-3.449193633129538084e-02
-3.438587915981344834e-02
-3.428799046257616223e-02
-3.419578946556708909e-02
-3.410688811369586015e-02
-3.401897565538550272e-02
-3.392980527746139452e-02
-3.383718262157048295e-02
-3.373895604289622874e-02
-3.363300849826861283e-02
-3.351725097454483215e-02
-3.338961738876525254e-02
-3.324806090971205164e-02
-3.309055166608662613e-02
-3.291507581920591341e-02
-3.271963598857871580e-02
-3.250225302634340840e-02
-3.226096914144496730e-02
-3.199385237658544656e-02
-3.169900244007861634e-02
-3.137455789071727508e-02
-3.101870466634054635e-02
-3.062968593604337153e-02
-3.020581324139637314e-02
-2.974547887399409118e-02
-2.924716941475755116e-02
-2.870948033504583385e-02
-2.813113153088533935e-02
-2.751098362994579272e-02
-2.684805487693640857e-02
