-5.148010274750480786e-03
-5.116393941185376493e-03
-5.082911473580795092e-03
-5.047495284612027455e-03
-5.010075554454665459e-03
-4.970580167630689328e-03
-4.928934649129565471e-03
-4.885062099953610404e-03
-4.838883132237653539e-03
-4.790315804168457370e-03
-4.739275554929478496e-03
-4.685675139989756155e-03
-4.629424567076989572e-03
-4.570431033280766830e-03
-4.508598863809401558e-03
-4.443829453028846910e-03
-4.376021208580646582e-03
-4.305069499504501906e-03
-4.230866609546149459e-03
-4.153301697061503872e-03
-4.072260763288898522e-03
-3.987626631168805780e-03
-3.899278937408851009e-03
-3.807094141207958971e-03
-3.710945553853567391e-03
-3.610703394589284687e-03
-3.506234879517886038e-03
-3.397404352206659373e-03
-3.284073467082801456e-03
-3.166101439921228944e-03
-3.043345383924658809e-03
-2.915660755618859623e-03
-2.782901942279550345e-03
-2.644923032928764295e-03
-2.501578828832687340e-03
-2.352726168592125799e-03
-2.198225669376552283e-03
-2.037944022653129239e-03
-1.871757034463419900e-03
-1.699553673220749461e-03
-1.521241491615754615e-03
-1.336753936788101504e-03
-1.146060273458274215e-03
-9.491791432593849054e-04
-7.461972008532824496e-04
-5.372948306104630145e-04
-3.227816493886204174e-04
-1.031452038304792040e-04
1.208835677837249989e-04
3.482466412120105437e-04
5.774649652094399066e-04
8.065737321187871345e-04
1.033221962882718836e-03
1.255353095915234807e-03
1.473703482958999000e-03
1.699717905200764934e-03
1.978987276956681307e-03
2.455050442248668530e-03
3.501409197282978614e-03
5.718962508438521497e-03
8.976557755358036128e-03
1.182666027118203789e-02
1.352507165742153350e-02
1.434076621161958776e-02
1.464676657485212974e-02
1.467582427565398973e-02
1.455407982556440605e-02
1.434870912901731188e-02
1.409611356050943787e-02
1.381659060737115696e-02
1.352181779811133244e-02
1.321871719778568155e-02
1.291150033036846112e-02
1.260278248282445390e-02
1.229420887747204039e-02
1.198681739665145851e-02
1.168125486828440474e-02
1.137790953563198870e-02
1.107699416844878937e-02
1.077859929574458142e-02
1.048272786314531635e-02
1.018931803614228637e-02
9.898258238504029083e-03
9.609396966595837308e-03
9.322548988432169392e-03
9.037498963584522649e-03
8.754003161525067411e-03
8.471789728551296084e-03
8.190557808637283221e-03
7.909975733388210917e-03
7.629678444723855812e-03
7.349264292740159688e-03
7.068291357680250853e-03
6.786273480609270048e-03
6.502676257605310983e-03
6.216913366913462413e-03
5.928343771680624763e-03
5.636270592294795323e-03
5.339942797047581013e-03
5.038561347717726568e-03
4.731292089198035899e-03
4.417288514349027029e-03
4.095728568002485193e-03
3.765870822535571927e-03
3.427136494556462520e-03
3.079224511720671242e-03
2.722266496269956648e-03
2.357025981912883039e-03
1.985139810969843710e-03
1.609387592767005937e-03
1.233956001117433865e-03
8.646394540373358861e-04
5.088930836032595773e-04
1.756406617981071117e-04
-1.252420258475023251e-04
-3.837829953834831498e-04
-5.910147564882894944e-04
-7.401084804022906027e-04
-8.272669449762848348e-04
-8.521429789987988723e-04
-8.176920364314221867e-04
-7.295429586365864694e-04
-5.950947531775940824e-04
-4.225739058252159230e-04
-2.202307443320283831e-04
4.236799157134041316e-06
2.440234398062429699e-04
4.933606276432411786e-04
7.475218422221541203e-04
1.002743675286466019e-03
1.256105260321840889e-03
1.505394925377198656e-03
1.748981340177271915e-03
1.985698014427716984e-03
2.214744555973799378e-03
2.435604916267708475e-03
2.647981209669317271e-03
2.851741008843694525e-03
3.046875879862173675e-03
3.233469062485547219e-03
3.411670464288127369e-03
3.581677432824503793e-03
3.743720052384477692e-03
3.898049961023428156e-03
4.044931893403436174e-03
4.184637326604817575e-03
4.317439743672615848e-03
4.443611138567421515e-03
4.563419471533589067e-03
4.677126850361729149e-03
4.784988264563652671e-03
4.887250739334603189e-03
4.984152806892058751e-03
5.075924216529179023e-03
5.162785822918458667e-03
5.244949606312415691e-03
5.322618789092084524e-03
5.395988021480516150e-03
5.465243615645834496e-03
5.530563812408406665e-03
5.592119068558443207e-03
5.650072355763452459e-03
5.704579464297462876e-03
5.755789306575345710e-03
5.803844216835274405e-03
5.848880244318205301e-03
5.891027438109888714e-03
5.930410122392149042e-03
5.967147161329677818e-03
6.001352213143837377e-03
6.033133973204873879e-03
6.062596406142192751e-03
6.089838967142477411e-03
6.114956812679345211e-03
6.138041001001237618e-03
6.159178682757546208e-03
6.178453282150997428e-03
6.195944669043926267e-03
6.211729322433953704e-03
6.225880485721160817e-03
6.238468314182968322e-03
6.249560015052155193e-03
6.259219980590730037e-03
6.267509914531954607e-03
6.274488952243084672e-03
6.280213774952747574e-03
6.284738718360258214e-03
6.288115875934016663e-03
6.290395197185896792e-03
6.291624581193949739e-03
6.291849965634074837e-03
6.291115411553027670e-03
6.289463184118548877e-03
6.286933829560997777e-03
6.283566248500668805e-03
6.279397765863628522e-03
6.274464197548110245e-03
6.268799914027317621e-03
6.262437901033118814e-03
6.255409817477297629e-03
