-1.632409641762144759e-03
-1.635488353372238635e-03
-1.638444435579422542e-03
-1.641271726603443781e-03
-1.643963798165892776e-03
-1.646513943120764267e-03
-1.648915162441588755e-03
-1.651160151530828291e-03
-1.653241285804463168e-03
-1.655150605519239981e-03
-1.656879799786514784e-03
-1.658420189730946959e-03
-1.659762710739642877e-03
-1.660897893744239795e-03
-1.661815845480307807e-03
-1.662506227656790347e-03
-1.662958234968703319e-03
-1.663160571881261429e-03
-1.663101428104718504e-03
-1.662768452678431430e-03
-1.662148726572387769e-03
-1.661228733709607663e-03
-1.659994330309222388e-03
-1.658430712432545917e-03
-1.656522381617342443e-03
-1.654253108469838640e-03
-1.651605894074037462e-03
-1.648562929072561190e-03
-1.645105550252157212e-03
-1.641214194465334675e-03
-1.636868349695064229e-03
-1.632046503066308940e-03
-1.626726085577012704e-03
-1.620883413316398514e-03
-1.614493624912893832e-03
-1.607530614928576185e-03
-1.599966962909316059e-03
-1.591773857743949971e-03
-1.582921016994975894e-03
-1.573376600803644276e-03
-1.563107119949280754e-03
-1.552077337602209006e-03
-1.540250164275391853e-03
-1.527586545425840825e-03
-1.514045341100500597e-03
-1.499583196995557532e-03
-1.484154406193871623e-03
-1.467710760810425619e-03
-1.450201392688088564e-03
-1.431572602198949440e-03
-1.411767674122210714e-03
-1.390726679457110482e-03
-1.368386261914877888e-03
-1.344679407721094400e-03
-1.319535197184362740e-03
-1.292878536356067976e-03
-1.264629866909339206e-03
-1.234704852174917100e-03
-1.203014037015726068e-03
-1.169462479013783085e-03
-1.133949348097129661e-03
-1.096367491469407707e-03
-1.056602960263275381e-03
-1.014534494001018139e-03
-9.700329583923750221e-04
-9.229607315252019717e-04
-8.731710328370168028e-04
-8.205071885873382875e-04
-7.648018267212286503e-04
-7.058759931025671008e-04
-6.435381800424799792e-04
-5.775832567955774266e-04
-5.077912903218573248e-04
-4.339262429602364080e-04
-3.557345317620197456e-04
-2.729434320432044814e-04
-1.852593051458462092e-04
-9.236562740361220492e-05
6.079206217257659972e-06
1.104443344288053019e-04
2.211291733872911003e-04
3.385664931343512762e-04
4.632258747249706765e-04
5.956176041018723666e-04
7.362970683492675583e-04
8.858697313985919308e-04
1.044996779911544493e-03
1.214401546438037549e-03
1.394876836609049153e-03
1.587293310763349119e-03
1.792609098854702765e-03
2.011880861791159880e-03
2.246276553615034199e-03
2.497090188579631498e-03
2.765758976641219391e-03
3.053883261813439276e-03
3.363249781582478004e-03
3.695858863182188703e-03
4.053956283888882073e-03
4.440070644869897887e-03
4.857057234889383679e-03
5.308149476036527759e-03
5.797019119583746161e-03
6.327846342491172393e-03
6.905400688893503780e-03
7.535133242495106742e-03
8.223279229270907820e-03
8.976967980913352907e-03
9.804333110322305256e-03
1.071460873650120771e-02
1.171818600163337942e-02
1.282658574933281947e-02
1.405227563601507690e-02
1.540822163016636326e-02
1.690701735141691975e-02
1.855939297011310884e-02
2.037190223525914279e-02
2.234368706149059136e-02
2.446251637315638439e-02
2.670085443413761084e-02
2.901343354073337988e-02
3.133825463112333010e-02
3.360240915863599298e-02
3.573221543054866389e-02
3.766467705365988961e-02
3.935607487356235223e-02
4.078485704384238186e-02
4.194896775228385000e-02
4.286008520620854245e-02
4.353761142244078064e-02
4.400416285029973285e-02
4.428296908413925648e-02
4.439675615851412793e-02
4.436745466914421288e-02
4.421619291082073966e-02
4.396326766539671027e-02
4.362798947582136044e-02
4.322842555285633104e-02
4.278111426505926129e-02
4.230082416699026959e-02
4.180040434945997418e-02
4.129074193727011455e-02
4.078081825530821547e-02
4.027784128466743718e-02
3.978742750309999243e-02
3.931380803417006131e-02
3.886003910027790997e-02
3.842820274316122164e-02
3.801958924533188622e-02
3.763485703368607549e-02
3.727416895030544186e-02
3.693730577686665795e-02
3.662375903970488400e-02
3.633280565007657170e-02
3.606356705933005946e-02
3.581505549210300954e-02
3.558620957569735843e-02
3.537592138518158569e-02
3.518305661735493528e-02
3.500646931849316079e-02
3.484501233355430383e-02
3.469754442259354033e-02
3.456293480369976301e-02
3.444006572749586104e-02
3.432783356294311083e-02
3.422514877298510338e-02
3.413093507808473426e-02
3.404412804182949115e-02
3.396367326271765297e-02
3.388852431716898872e-02
3.381764056855990352e-02
3.374998493394965049e-02
3.368452168257657364e-02
3.362021432706491231e-02
3.355602365861870551e-02
3.349090597058645979e-02
3.342381150995821226e-02
3.335368319319881314e-02
3.327945562097966992e-02
3.320005442522344641e-02
3.311439598166315834e-02
3.302138752102240504e-02
3.291992767208268278e-02
3.280890747016212972e-02
3.268721186428918957e-02
3.255372175595749873e-02
3.240731660121493052e-02
3.224687760591810060e-02
3.207129154117766001e-02
3.187945520192247972e-02
3.167028052621251311e-02
3.144270038600854855e-02
3.119567505158554743e-02
3.092819932146256834e-02
3.063931029750677215e-02
3.032809577080156083e-02
2.999370316788255164e-02
2.963534898926001304e-02
2.925232865290672279e-02
2.884402663496321573e-02
