-1.538279153028877799e-02
-1.567486395541507066e-02
-1.597693150992921668e-02
-1.628945266167063088e-02
-1.661291040602173863e-02
-1.694781357846061182e-02
-1.729469820449908157e-02
-1.765412887774226586e-02
-1.802670015332497044e-02
-1.841303793954825185e-02
-1.881380086490370973e-02
-1.922968159058581483e-02
-1.966140802955888833e-02
-2.010974442192749179e-02
-2.057549220198849615e-02
-2.105949057425615667e-02
-2.156261669291158201e-02
-2.208578531028215775e-02
-2.262994772358052631e-02
-2.319608980313672686e-02
-2.378522882729468269e-02
-2.439840877572578559e-02
-2.503669364013291765e-02
-2.570115819394676315e-02
-2.639287551421783118e-02
-2.711290036130496739e-02
-2.786224728480347912e-02
-2.864186202482944810e-02
-2.945258440044302983e-02
-3.029510040239730140e-02
-3.116988061277957411e-02
-3.207710133243969752e-02
-3.301654387878703856e-02
-3.398746639075414522e-02
-3.498844111761419129e-02
-3.601714856055483749e-02
-3.707011799916687389e-02
-3.814240195397300415e-02
-3.922717022391875030e-02
-4.031520774711506994e-02
-4.139430055437330613e-02
-4.244849719022349144e-02
-4.345724220473209942e-02
-4.439439901872287153e-02
-4.522722065467661701e-02
-4.591540272031954806e-02
-4.641048333571119733e-02
-4.665605936094570361e-02
-4.658956669523021954e-02
-4.614665073321465305e-02
-4.526919293039394221e-02
-4.391738960762217592e-02
-4.208437266713604963e-02
-3.980886369324544705e-02
-3.717908220421288490e-02
-3.432268496448111217e-02
-3.138399412344328177e-02
-2.849712504548858327e-02
-2.576557406950348572e-02
-2.325395989581628686e-02
-2.099074907347038554e-02
-1.897700032222388034e-02
-1.719629631123821556e-02
-1.562304720397429680e-02
-1.422827842641422036e-02
-1.298312068399316843e-02
-1.186060789104625979e-02
-1.083638591012511809e-02
-9.888793287757699502e-03
-8.998622634965230960e-03
-8.148753169233580174e-03
-7.323767026984909223e-03
-6.509616516398253339e-03
-5.693386580487957982e-03
-4.863187804140245429e-03
-4.008213191053419666e-03
-3.118989874457689382e-03
-2.187847388795238768e-03
-1.209598745695941724e-03
-1.823821689182908434e-04
8.914606730415358671e-04
2.004675916165377103e-03
3.144821871786815382e-03
4.294675558985994179e-03
5.433446681978343351e-03
6.538702780053806674e-03
7.588668455236632915e-03
8.564416603941166217e-03
9.451499581158290253e-03
1.024075847339671330e-02
1.092830086549421986e-02
1.151483887616158719e-02
1.200466853654125199e-02
1.240455503899026701e-02
1.272271161866851685e-02
1.296797084679408851e-02
1.314917560757954129e-02
1.327477254421975672e-02
1.335257016704131938e-02
1.338961936306883038e-02
1.339217827603823852e-02
1.336573114841205917e-02
1.331503867654711126e-02
1.324420430866254245e-02
1.315674627681916176e-02
1.305566905753193646e-02
1.294353065429379446e-02
1.282250388029809729e-02
1.269443094981442810e-02
1.256087136718922470e-02
1.242314348478764513e-02
1.228236029244181987e-02
1.213946007413813782e-02
1.199523257086855532e-02
1.185034125329182536e-02
1.170534225331003320e-02
1.156070044215803255e-02
1.141680308074106281e-02
1.127397140967251188e-02
1.113247049370484631e-02
1.099251758834918907e-02
1.085428925584928928e-02
1.071792742256211933e-02
1.058354453992896294e-02
1.045122798582218820e-02
1.032104382161416756e-02
1.019304000223242995e-02
1.006724912126979316e-02
9.943690760429502173e-03
9.822373501837969312e-03
9.703296652780926679e-03
9.586451724763585258e-03
9.471823702510998033e-03
9.359392133057246876e-03
9.249132060675971378e-03
9.141014829407406728e-03
9.035008771979866071e-03
8.931079800869358432e-03
8.829191915269013480e-03
8.729307635489930162e-03
8.631388374878104508e-03
8.535394757761438633e-03
8.441286890827889855e-03
8.349024594266341026e-03
8.258567598134237964e-03
8.169875708659436742e-03
8.082908948550224237e-03
7.997627674830191935e-03
7.913992677228684491e-03
7.831965259768848553e-03
7.751507307833062355e-03
7.672581342678758132e-03
7.595150565128105935e-03
7.519178889914511499e-03
7.444630971987914458e-03
7.371472225896874564e-03
7.299668839231353290e-03
7.229187780973381217e-03
7.159996805498024253e-03
7.092064452865552704e-03
7.025360045968084832e-03
6.959853685015025826e-03
6.895516239783537615e-03
6.832319339998532692e-03
6.770235364167050129e-03
6.709237427141329091e-03
6.649299366650707199e-03
6.590395729017518855e-03
6.532501754226122115e-03
6.475593360517756247e-03
6.419647128628337696e-03
6.364640285799028074e-03
6.310550689651368839e-03
6.257356812016043324e-03
6.205037722786535537e-03
6.153573073861481890e-03
6.102943083222005238e-03
6.053128519198827662e-03
6.004110684955175914e-03
5.955871403221728311e-03
5.908393001305911607e-03
5.861658296399473167e-03
5.815650581191676716e-03
5.770353609812796380e-03
5.725751584104731007e-03
5.681829140233365938e-03
5.638571335641696936e-03
5.595963636349468584e-03
5.553991904597016527e-03
5.512642386833972730e-03
5.471901702047074489e-03
5.431756830428562111e-03
5.392195102376672045e-03
5.353204187824020521e-03
5.314772085891754372e-03
5.276887114853981431e-03
5.239537902418163473e-03
5.202713376305581616e-03
5.166402755126010826e-03
5.130595539544008377e-03
