-4.937621762664157199e-03
-5.006912535620904048e-03
-5.077552468245441486e-03
-5.149575961393634826e-03
-5.223018503225589082e-03
-5.297916708758829141e-03
-5.374308360861029810e-03
-5.452232452731652079e-03
-5.531729231891879817e-03
-5.612840245723477173e-03
-5.695608388560757795e-03
-5.780077950363761430e-03
-5.866294666975503669e-03
-5.954305771956013016e-03
-6.044160049998151263e-03
-6.135907891878143727e-03
-6.229601350922632508e-03
-6.325294200917881693e-03
-6.423041995395277481e-03
-6.522902128177555936e-03
-6.624933895066346945e-03
-6.729198556495251393e-03
-6.835759400943615394e-03
-6.944681808866294548e-03
-7.056033316818137446e-03
-7.169883681416099053e-03
-7.286304942696990306e-03
-7.405371486329637154e-03
-7.527160104064269108e-03
-7.651750051679596931e-03
-7.779223103527084515e-03
-7.909663602690915341e-03
-8.043158505476696862e-03
-8.179797418884686422e-03
-8.319672629333252356e-03
-8.462879120721820969e-03
-8.609514579547790369e-03
-8.759679384380533729e-03
-8.913476576651480077e-03
-9.071011809030554707e-03
-9.232393267256083780e-03
-9.397731560399386064e-03
-9.567139573856076051e-03
-9.740732278299371605e-03
-9.918626486798295949e-03
-1.010094055088471554e-02
-1.028779398497031705e-02
-1.047930700654846337e-02
-1.067559997766089064e-02
-1.087679273053274165e-02
-1.108300375747835187e-02
-1.129434924165215182e-02
-1.151094190134976936e-02
-1.173288961566840150e-02
-1.196029379394676628e-02
-1.219324744456952436e-02
-1.243183289117794077e-02
-1.267611907485421963e-02
-1.292615836992563882e-02
-1.318198282814581068e-02
-1.344359975018313835e-02
-1.371098646503725316e-02
-1.398408417587074237e-02
-1.426279070420494177e-02
-1.454695193265587161e-02
-1.483635170863333019e-02
-1.513069992530756414e-02
-1.542961844112528125e-02
-1.573262443275870448e-02
-1.603911069567408310e-02
-1.634832230890963245e-02
-1.665932896259879337e-02
-1.697099210192268282e-02
-1.728192586627244620e-02
-1.759045058690418550e-02
-1.789453734377539906e-02
-1.819174175939192173e-02
-1.847912481042544852e-02
-1.875315794861869001e-02
-1.900960921771951972e-02
-1.924340630509258077e-02
-1.944847153748641144e-02
-1.961752267610217260e-02
-1.974183192736447823e-02
-1.981093378994708276e-02
-1.981227011295383367e-02
-1.973075792741457724e-02
-1.954826208523963160e-02
-1.924295031105846543e-02
-1.878850270810708545e-02
-1.815314077009014260e-02
-1.729843217672435984e-02
-1.617781665569664740e-02
-1.473478445806677972e-02
-1.290062191922386470e-02
-1.059161751214399150e-02
-7.705596104882722619e-03
-4.117618326410832363e-03
3.253540308381097645e-04
5.811065894514799712e-03
1.257013118021860221e-02
2.088606760247629923e-02
3.110754205391430549e-02
4.366314384873731802e-02
5.907889983383685095e-02
7.799848669594722228e-02
1.012055592443960594e-01
1.296465996295959044e-01
1.644508899337395746e-01
2.069411607472810832e-01
2.586235581951096263e-01
3.211381270452788872e-01
3.961406458204961289e-01
4.850741939215956755e-01
5.887782119095058553e-01
7.068842525648781905e-01
8.369811689992896486e-01
9.736275364279900479e-01
1.107469125040754010e+00
1.224958166898475476e+00
1.309328724778155317e+00
1.343293334511296511e+00
1.313181983148963505e+00
1.213172585564409989e+00
1.047673992735105974e+00
8.305842699606502677e-01
5.817873388481222818e-01
3.225990071123898684e-01
7.196880031968855285e-02
-1.556593712899414506e-01
-3.509111288606847623e-01
-5.090376084759613562e-01
-6.290283655732515911e-01
-7.126375896578776015e-01
-7.634846762317740732e-01
-7.862810701509936884e-01
-7.861957043418011937e-01
-7.683627725794491825e-01
-7.375316465405931110e-01
-6.978507772050834834e-01
-6.527673535227138668e-01
-6.050168377682288989e-01
-5.566738504034332014e-01
-5.092381002387120770e-01
-4.637343738154638406e-01
-4.208119513551602520e-01
-3.808346782892333415e-01
-3.439575130389946334e-01
-3.101885204847817934e-01
-2.794371667695315087e-01
-2.515507117866034315e-01
-2.263408097445537837e-01
-2.036023741699454770e-01
-1.831265250264597078e-01
-1.647091291608611952e-01
-1.481561378995169542e-01
-1.332866505177136007e-01
-1.199344020742255656e-01
-1.079481898385772076e-01
-9.719160972487089767e-02
-8.754236613939309075e-02
-7.889133855350682900e-02
-7.114152969901946233e-02
-6.420697830551760910e-02
-5.801168956327823478e-02
-5.248861573131122227e-02
-4.757870504472558326e-02
-4.323002745711895800e-02
-3.939697942524891805e-02
-3.603956591424742339e-02
-3.312275536362310757e-02
-3.061590199614652730e-02
-2.849222921939614794e-02
-2.672836770826095276e-02
-2.530394189609233568e-02
-2.420119892018565699e-02
-2.340467448783689619e-02
-2.290089059639066615e-02
-2.267808052389158613e-02
-2.272593698498248660e-02
-2.303537980765285598e-02
-2.359833992805188130e-02
-2.440755691855572840e-02
-2.545638766357183336e-02
-2.673862417932049151e-02
-2.824831894258583720e-02
-2.997961645471780567e-02
-3.192659012329596147e-02
-3.408308389952341422e-02
-3.644255846769572926e-02
-3.899794214416185678e-02
-4.174148700896890274e-02
-4.466463116072677542e-02
-4.775786835190992674e-02
-5.101062662123279079e-02
-5.441115788429684574e-02
-5.794644076254484855e-02
-6.160209921121634347e-02
-6.536233973317995272e-02
-6.920991012155675026e-02
