2.637893064205143467e-04
2.560819140533798777e-04
2.479853671679133065e-04
2.394759173103000460e-04
2.305278868235116629e-04
2.211134703166139914e-04
2.112025115520999030e-04
2.007622522207097582e-04
1.897570484913624345e-04
1.781480505441968010e-04
1.658928394799585870e-04
1.529450150405120556e-04
1.392537264362225802e-04
1.247631371877611084e-04
1.094118132678179034e-04
9.313202184202395983e-05
7.584892554052258262e-05
5.747965430535906250e-05
3.793223339301765584e-05
1.710434185708820110e-05
-5.118129321524111930e-06
-2.886275661731496633e-05
-5.427254577614060160e-05
-8.150823055400047146e-05
-1.107509746683943419e-04
-1.422055579187175844e-04
-1.761041456096179569e-04
-2.127107631642866092e-04
-2.523266262146328653e-04
-2.952965121388317904e-04
-3.420164039149020674e-04
-3.929426937684665777e-04
-4.486033056732008362e-04
-5.096111863678864928e-04
-5.766807292598985502e-04
-6.506478408870308705e-04
-7.324945430965124071e-04
-8.233792350797741744e-04
-9.246740277735476798e-04
-1.038010919029108692e-03
-1.165339008318139191e-03
-1.308995453460665148e-03
-1.471793427820250466e-03
-1.657130883450791403e-03
-1.869124322071979982e-03
-2.112771728207674116e-03
-2.394147755151149193e-03
-2.720631103669074458e-03
-3.101156863137888298e-03
-3.546472042225662369e-03
-4.069345070386753971e-03
-4.684631260694488430e-03
-5.409014880262019709e-03
-6.260123989130700339e-03
-7.254548330055676786e-03
-8.404125422002917123e-03
-9.709826847602159861e-03
-1.115294056679266843e-02
-1.268434522389338959e-02
-1.421458477842155177e-02
-1.560938904007017070e-02
-1.669549806096989886e-02
-1.727908793808499710e-02
-1.717599039046419085e-02
-1.625334394400648752e-02
-1.448391421317474226e-02
-1.200228224988644787e-02
-9.118677522471585473e-03
-6.236479806740607978e-03
-3.698327976571130771e-03
-1.677199068244678015e-03
-1.816191531006372539e-04
8.718247549598379109e-04
1.591038667268313000e-03
2.072807418930594503e-03
2.391936386654747171e-03
2.602172464726631995e-03
2.740730679764380451e-03
2.832919559416113842e-03
2.895817362316310817e-03
2.940920539848929094e-03
2.975967666743045692e-03
3.006169743487580037e-03
3.035033247529461686e-03
3.064909852378283617e-03
3.097364242195310702e-03
3.133420988535251528e-03
3.173730749728431721e-03
3.218682318714860546e-03
3.268478027066396008e-03
3.323184105722215564e-03
3.382763724867704491e-03
3.447097876881993761e-03
3.515997567164225179e-03
3.589209640823737280e-03
3.666417806787974909e-03
3.747239900351750919e-03
3.831222070045853245e-03
3.917830332287514095e-03
4.006439773818482042e-03
4.096321575611100441e-03
4.186627969658407444e-03
4.276375214280342396e-03
4.364424681291306785e-03
4.449462189772684928e-03
4.529975799168861617e-03
4.604232394167989684e-03
4.670253562307297157e-03
4.725791490926001259e-03
4.768305901824171356e-03
4.794943408375273997e-03
4.802521126605563406e-03
4.787516899439181461e-03
4.746069092786103782e-03
4.673989568609204781e-03
4.566794086064668301e-03
4.419754947494303199e-03
4.227981070800773677e-03
3.986530664197379670e-03
3.690561084083471277e-03
3.335519013459159465e-03
2.917371539209845377e-03
2.432874814796731622e-03
1.879871694621948475e-03
1.257603204811316711e-03
5.670115484249643734e-04
-1.889944139323584960e-04
-1.005345097360554885e-03
-1.874722544564291771e-03
-2.787609950103533962e-03
-3.732498555686997177e-03
-4.696255627862785942e-03
-5.664636843958667511e-03
-6.622905683047825010e-03
-7.556505666904730911e-03
-8.451722404617653672e-03
-9.296273570605084746e-03
-1.007977596417235222e-02
-1.079405706513721086e-02
-1.143329991069608198e-02
-1.199403033886663195e-02
-1.247497128634754426e-02
-1.287679813108882909e-02
-1.320183194978599706e-02
-1.345370519095456796e-02
-1.363702844463335340e-02
-1.375707956430735623e-02
-1.381952886813161280e-02
-1.383020751288271954e-02
-1.379492089838005309e-02
-1.371930523914417083e-02
-1.360872310095113252e-02
-1.346819248474578901e-02
-1.330234365640380750e-02
-1.311539809648409882e-02
-1.291116445592578599e-02
-1.269304708328138770e-02
-1.246406341992925548e-02
-1.222686726723574979e-02
-1.198377557140842264e-02
-1.173679692804443370e-02
-1.148766047384074812e-02
-1.123784421165222036e-02
-1.098860211559242461e-02
-1.074098959598795283e-02
-1.049588708083053906e-02
-1.025402160130640949e-02
-1.001598636339572079e-02
-9.782258353355499647e-03
-9.553214068764429023e-03
-9.329143494105220091e-03
-9.110262454932148424e-03
-8.896723490857114114e-03
-8.688625387495027552e-03
-8.486021503232590857e-03
-8.288927019537740970e-03
-8.097325234851349141e-03
-7.911173012480031408e-03
-7.730405483048062576e-03
-7.554940092373924054e-03
-7.384680076218883005e-03
-7.219517434601994965e-03
-7.059335470184995021e-03
-6.904010947747320215e-03
-6.753415925016086757e-03
-6.607419298952955933e-03
-6.465888106185094936e-03
-6.328688611349095328e-03
-6.195687212835455926e-03
-6.066751191595620013e-03
-5.941749325310188151e-03
-5.820552387298644215e-03
-5.703033546935565995e-03
-5.589068686123927626e-03
-5.478536644364699615e-03
-5.371319403291344163e-03
-5.267302220014442177e-03
-5.166373717344113076e-03
-5.068425937825225130e-03
-4.973354367546724969e-03
