1.027999332369398250e-02
1.048685691364710515e-02
1.069976014628577776e-02
1.091894353273469703e-02
1.114465984843693303e-02
1.137717488939478383e-02
1.161676828244440074e-02
1.186373435384859704e-02
1.211838306105663537e-02
1.238104099264675240e-02
1.265205244217496028e-02
1.293178056200457171e-02
1.322060860380547265e-02
1.351894125309463512e-02
1.382720606566258115e-02
1.414585501479961871e-02
1.447536615869107757e-02
1.481624543862149201e-02
1.516902861927429957e-02
1.553428338381823703e-02
1.591261159753357135e-02
1.630465175508476194e-02
1.671108162806556052e-02
1.713262113116044427e-02
1.757003542689483666e-02
1.802413829125722178e-02
1.849579576439677742e-02
1.898593011339116954e-02
1.949552413661778671e-02
2.002562584243808286e-02
2.057735353831767477e-02
2.115190137020964145e-02
2.175054535637066522e-02
2.237464996432159126e-02
2.302567528504390060e-02
2.370518486414451009e-02
2.441485425645138763e-02
2.515648037734857789e-02
2.593199173271280855e-02
2.674345961772432723e-02
2.759311038538225791e-02
2.848333889635801253e-02
2.941672327432288958e-02
3.039604110504132151e-02
3.142428723252713163e-02
3.250469332330213623e-02
3.364074938857861130e-02
3.483622747570289113e-02
3.609520776392090291e-02
3.742210732568604370e-02
3.882171184376463635e-02
4.029921060669904020e-02
4.186023514009147573e-02
4.351090187013513522e-02
4.525785925777159324e-02
4.710833988744389522e-02
4.907021804342684423e-02
5.115207335862323457e-02
5.336326117503709110e-02
5.571399031118121070e-02
5.821540898661442531e-02
6.087969970743073445e-02
6.372018396259365725e-02
6.675143761721111235e-02
6.998941790594995216e-02
7.345160291914334949e-02
7.715714442183055355e-02
8.112703473177626523e-02
8.538428818215260119e-02
8.995413736896579193e-02
9.486424388498057580e-02
1.001449224994386544e-01
1.058293766622266652e-01
1.119539416588042902e-01
1.185583295358255129e-01
1.256858667972337307e-01
1.333837114801144641e-01
1.417030300440938750e-01
1.506991058250796434e-01
1.604313385635990075e-01
1.709630772005863719e-01
1.823612034954404659e-01
1.946953487140910544e-01
2.080365745787095544e-01
2.224552750295805958e-01
2.380179448254059194e-01
2.547822949190408082e-01
2.727899408131034820e-01
2.920554953861882463e-01
3.125502716646339496e-01
3.341777879666537610e-01
3.567365950278386100e-01
3.798631283288415039e-01
4.029424640513676881e-01
4.249664787583983805e-01
4.443042613945006880e-01
4.583241138767577549e-01
4.627631436737074666e-01
4.506717315633355647e-01
4.106712908819032393e-01
3.242483982101177498e-01
1.625571299896804156e-01
-1.100221730963186761e-01
-4.729931222020220538e-01
-6.215893810092780747e-01
-2.860623096230483497e-01
1.556956539266585171e-01
4.884922168089077532e-01
7.151745830398963388e-01
8.673097490354221284e-01
9.683738279683050676e-01
1.033226131594059183e+00
1.071117675750020037e+00
1.088020327544207522e+00
1.088082017097255161e+00
1.074464139177531363e+00
1.049791018092941730e+00
1.016368739594045500e+00
9.762742033741189651e-01
9.313775978709308845e-01
8.833368460522970089e-01
8.335861749668675991e-01
7.833300259119810871e-01
7.335464705993246515e-01
6.850001155177550816e-01
6.382623672214831068e-01
5.937362185484520438e-01
5.516828402086451089e-01
5.122477998221590667e-01
4.754853947009527459e-01
4.413802075532485825e-01
4.098654969339258214e-01
3.808383958352757337e-01
3.541721238460721066e-01
3.297255464209731812e-01
3.073504674614544463e-01
2.868970440687134138e-01
2.682176851352914837e-01
2.511697530075096552e-01
2.356173395712586882e-01
2.214323408453223729e-01
2.084950108778232392e-01
1.966941379838234027e-01
1.859269545502884591e-01
1.760988655274881576e-01
1.671230597334547596e-01
1.589200515059217000e-01
1.514171873117183820e-01
1.445481419835495940e-01
1.382524217051832593e-01
1.324748851990914522e-01
1.271652903694598935e-01
1.222778705827990975e-01
1.177709425571523139e-01
1.136065462722227193e-01
1.097501162400305041e-01
1.061701827664389697e-01
1.028381013887411655e-01
9.972780842382766853e-02
9.681560044826165168e-02
9.407993551643134555e-02
9.150125397449598852e-02
8.906181682506730812e-02
8.674555972242237178e-02
8.453796082003978141e-02
8.242592084295963240e-02
8.039765390938169443e-02
7.844258777627716173e-02
7.655127232946251636e-02
7.471529527700360163e-02
7.292720413427583592e-02
7.118043371103854877e-02
6.946923842145152905e-02
6.778862884079456252e-02
6.613431202341107928e-02
6.450263518019400122e-02
6.289053238609287888e-02
6.129547405237412150e-02
5.971541895408649658e-02
5.814876864970669468e-02
5.659432417011284189e-02
5.505124488568674535e-02
5.351900948666982183e-02
5.199737903126755434e-02
5.048636203042189408e-02
4.898618154814454728e-02
4.749724430144619536e-02
4.602011174643283464e-02
4.455547313586166736e-02
4.310412053052425918e-02
4.166692574201330546e-02
4.024481917791944419e-02
3.883877055333329054e-02
3.744977142544270166e-02
3.607881949974278690e-02
3.472690464928640530e-02
3.339499658124400749e-02
3.208403407868154478e-02
3.079491573980402963e-02
2.952849213219421731e-02
