8.517037906802386871e-02
8.633669925316769800e-02
8.750845284981570438e-02
8.868472791290660240e-02
8.986452870186953379e-02
9.104676907986905543e-02
9.223026526674467374e-02
9.341372785435361759e-02
9.459575297591417409e-02
9.577481250016467440e-02
9.694924309551375408e-02
9.811723397810767633e-02
9.927681311891124738e-02
1.004258316371576948e-01
1.015619460478293795e-01
1.026825979564921637e-01
1.037849907016812900e-01
1.048660623274450532e-01
1.059224541202170439e-01
1.069504737550516088e-01
1.079460518549257148e-01
1.089046904563884671e-01
1.098214014739978955e-01
1.106906327349554131e-01
1.115061784743845985e-01
1.122610702853309994e-01
1.129474433310868747e-01
1.135563710438062673e-01
1.140776594072104300e-01
1.144995890408573441e-01
1.148085893728586354e-01
1.149888237766519550e-01
1.150216570303533858e-01
1.148849659160376124e-01
1.145522388456850643e-01
1.139913890294164123e-01
1.131631747677541988e-01
1.120190751464232026e-01
1.104984022365442242e-01
1.085243299803061445e-01
1.059983662123458736e-01
1.027925566710080341e-01
9.873833699149700549e-02
9.361035414282095624e-02
8.710261499049057332e-02
7.879273063941033550e-02
6.808736038349522124e-02
5.413741581086603527e-02
3.570372307362229547e-02
1.094007636084132207e-02
-2.296359501178557583e-02
-7.037740584482071737e-02
-1.382370786154679121e-01
-2.377333531180115811e-01
-3.870543709598096016e-01
-6.153491121216049242e-01
-9.662781405762370657e-01
-1.490928351632503368e+00
-2.189265169600038696e+00
-2.828344209355242000e+00
-2.921721766041504686e+00
-2.447678435141918740e+00
-1.851990097017730097e+00
-1.370378949653844103e+00
-1.027487509562065249e+00
-7.902120545931690110e-01
-6.243148537882601268e-01
-5.051583975076160415e-01
-4.166692352328988380e-01
-3.486373333164318744e-01
-2.945649138930445110e-01
-2.502533614222630098e-01
-2.129297302274797965e-01
-1.807156086140457307e-01
-1.523032572765741222e-01
-1.267557379963052400e-01
-1.033814722246437778e-01
-8.165396816576414585e-02
-6.115935282713913512e-02
-4.156128610302872728e-02
-2.257690580716853468e-02
-3.959867476319767210e-03
1.451200589895151882e-02
3.304606447860586327e-02
5.184221615499734481e-02
7.109906664887288841e-02
9.101931012955982725e-02
1.118147269228078611e-01
1.337110552784409045e-01
1.569529448098386792e-01
1.818091574655265052e-01
2.085781481946197835e-01
2.375941232578047124e-01
2.692336301295080170e-01
3.039226673961752945e-01
3.421441998127296436e-01
3.844457996684866874e-01
4.314468778447365649e-01
4.838445700334385036e-01
5.424167425699869538e-01
6.080196977090819299e-01
6.815768974511571265e-01
7.640533044796675721e-01
8.564077349245651227e-01
9.595130745990871901e-01
1.074031835511540134e+00
1.200233504101221094e+00
1.337742708876782372e+00
1.485217032665869574e+00
1.639974981197175108e+00
1.797631995817346562e+00
1.951853717556248480e+00
2.094386261562398044e+00
2.215539332977057185e+00
2.305232799325303006e+00
2.354540825023104134e+00
2.357415372484920280e+00
2.312068991990490652e+00
2.221505497419627773e+00
2.092967292321753714e+00
1.936490502101960942e+00
1.763078681780650969e+00
1.583054557349417468e+00
1.404954075589883722e+00
1.235049901152259988e+00
1.077383806873973837e+00
9.341049162982477672e-01
8.059267454168432820e-01
6.925761207420972898e-01
5.931692404529554929e-01
5.064952203918773321e-01
4.312129160411314888e-01
3.659774773408866477e-01
3.095149945082011911e-01
2.606613530192786188e-01
2.183778418311119185e-01
1.817525572344283746e-01
1.499937632548662969e-01
1.224192121112894216e-01
9.844390923590226605e-02
7.756778527767874132e-02
5.936407523735032221e-02
4.346879080833204734e-02
2.957142304535434474e-02
1.740687012781610976e-02
6.748509530737856199e-03
-2.597700784234407978e-03
-1.079821832236510515e-02
-1.799613274887221226e-02
-2.431471750511679519e-02
-2.986041816195994514e-02
-3.472536623136426859e-02
-3.898949456028144578e-02
-4.272231893077674258e-02
-4.598444032265203152e-02
-4.882881349715045838e-02
-5.130182005417024960e-02
-5.344417777639659528e-02
-5.529171275669153562e-02
-5.687601636720661380e-02
-5.822500543597249056e-02
-5.936340093114061967e-02
-6.031313791011529146e-02
-6.109371738359255233e-02
-6.172250899712923566e-02
-6.221501198377227260e-02
-6.258508063883778949e-02
-6.284511956820869327e-02
-6.300625313036212205e-02
-6.307847279931973195e-02
-6.307076559797422655e-02
-6.299122626771139211e-02
-6.284715543599318777e-02
-6.264514570403649507e-02
-6.239115729159795676e-02
-6.209058463579322784e-02
-6.174831513844038222e-02
-6.136878108503965312e-02
-6.095600561389646899e-02
-6.051364349075083471e-02
-6.004501733987180345e-02
-5.955314989359131173e-02
-5.904079274639129071e-02
-5.851045203467585692e-02
-5.796441140804257236e-02
-5.740475260988228690e-02
-5.683337394450803381e-02
-5.625200687255919180e-02
-5.566223094608272609e-02
-5.506548726849999631e-02
-5.446309064172660808e-02
-5.385624054333179589e-02
-5.324603105916814183e-02
-5.263345988226714872e-02
-5.201943647574066437e-02
-5.140478948612913629e-02
-5.079027348370481615e-02
-5.017657509771470542e-02
-4.956431860677112250e-02
-4.895407103814667510e-02
