1.653800737637933782e-04
1.751207000891055743e-04
1.854326819017981798e-04
1.963580538552264776e-04
2.079426521873484202e-04
2.202365257164967671e-04
2.332943987525468166e-04
2.471761934478497458e-04
2.619476203422413385e-04
2.776808473197445171e-04
2.944552589259977204e-04
3.123583200548216143e-04
3.314865604550423783e-04
3.519466994681835770e-04
3.738569339017464022e-04
3.973484161956947203e-04
4.225669551315008876e-04
4.496749775253425230e-04
4.788537968277162271e-04
5.103062436899730159e-04
5.442597247074312805e-04
5.809697892018364507e-04
6.207243007057411388e-04
6.638483305456827077e-04
7.107099165568273036e-04
7.617268618703987304e-04
8.173747884089796467e-04
8.781967094983605948e-04
9.448144483738332711e-04
1.017942308011110519e-03
1.098403497084635139e-03
1.187149942810987457e-03
1.285286281567959987e-03
1.394099022314014558e-03
1.515092138283255507e-03
1.650030675538566305e-03
1.800994392509809583e-03
1.970443987891229431e-03
2.161303164831880619e-03
2.377060651310609896e-03
2.621897384342160298e-03
2.900845396113113650e-03
3.219986513278164098e-03
3.586700733062157809e-03
4.009975868991134951e-03
4.500791282756946843e-03
5.072588212920524364e-03
5.741835337475617584e-03
6.528686893469443087e-03
7.457704873676244961e-03
8.558564298025046757e-03
9.866561484370942048e-03
1.142257082331202961e-02
1.327181253878161743e-02
1.546038644729718498e-02
1.802805636052699084e-02
2.099549256153705051e-02
2.434468427926130690e-02
2.799338950885711663e-02
3.176876806210410936e-02
3.539037358338623790e-02
3.847455630456302067e-02
4.056785826826408980e-02
4.121003943720603913e-02
4.002757129154133064e-02
3.686279088619766331e-02
3.191936612273398033e-02
2.582608413291857807e-02
1.948191528508032289e-02
1.371092784494050421e-02
8.984770118042467724e-03
5.397310990534726072e-03
2.810386773006906536e-03
1.006664381945826525e-03
-2.222119112670617458e-04
-1.043776952235675459e-03
-1.582025583242246958e-03
-1.925013788477897281e-03
-2.134045786419069834e-03
-2.251452715976820507e-03
-2.306410545712123117e-03
-2.319057350229802861e-03
-2.303333312250605003e-03
-2.268918886458887174e-03
-2.222554131496495833e-03
-2.168938585905139105e-03
-2.111347822018883047e-03
-2.052058351008967385e-03
-1.992642332187405385e-03
-1.934173311759990188e-03
-1.877370751523693704e-03
-1.822702145340360236e-03
-1.770455535512471812e-03
-1.720791222854706204e-03
-1.673778749302246016e-03
-1.629423384846673262e-03
-1.587685084702777916e-03
-1.548492008788371344e-03
-1.511750087853203084e-03
-1.477349695228419302e-03
-1.445170183250216178e-03
-1.415082831004804698e-03
-1.386952598832924544e-03
-1.360638977278560979e-03
-1.335996141621609290e-03
-1.312872569330020278e-03
-1.291110241083803789e-03
-1.270543522485872989e-03
-1.250997810756770967e-03
-1.232288026957462090e-03
-1.214217038691650652e-03
-1.196574110286757753e-03
-1.179133496615997201e-03
-1.161653322743344541e-03
-1.143874923158261225e-03
-1.125522850002336206e-03
-1.106305795895962119e-03
-1.085918708797151133e-03
-1.064046396022783059e-03
-1.040368911726291534e-03
-1.014568983741942487e-03
-9.863416469078067905e-04
-9.554060969746702714e-04
-9.215195526634245571e-04
-8.844926149198240051e-04
-8.442052604211713884e-04
-8.006222424949693828e-04
-7.538063625681656887e-04
-7.039279032146905646e-04
-6.512685656689387592e-04
-5.962185924373308854e-04
-5.392663886650272964e-04
-4.809808197787091011e-04
-4.219873187840117446e-04
-3.629397977285564458e-04
-3.044909392510009027e-04
-2.472636185925081165e-04
-1.918259443487169147e-04
-1.386717829824357651e-04
-8.820779988716331843e-05
-4.074718783406150457e-05
3.490482914286774374e-06
4.437437235180197170e-05
8.185377697642048922e-05
1.159472094093283445e-04
1.467303926933616331e-04
1.743241784497862046e-04
1.988831293923132293e-04
2.205852473545488746e-04
2.396231056828457273e-04
2.561964716746856219e-04
2.705063816189345882e-04
2.827505521574291691e-04
2.931199684022001151e-04
3.017964722499544283e-04
3.089511752938783884e-04
3.147435328476333449e-04
3.193209337655628088e-04
3.228186813363093099e-04
3.253602612132144856e-04
3.270578116723182882e-04
3.280127287351580767e-04
3.283163535326427684e-04
3.280507017535405634e-04
3.272892052180453870e-04
3.260974438501207384e-04
3.245338528167357461e-04
3.226503946641146037e-04
3.204931901524404880e-04
3.181031043994336782e-04
3.155162870896593974e-04
3.127646670482708835e-04
3.098764025491335117e-04
3.068762894501558813e-04
3.037861296853461290e-04
3.006250628955486892e-04
2.974098640731864807e-04
2.941552100876598796e-04
2.908739178825447969e-04
2.875771569993829102e-04
2.842746389339345647e-04
2.809747856464817062e-04
2.776848793705072316e-04
2.744111956848177547e-04
2.711591216279229943e-04
2.679332604780815252e-04
2.647375246518646197e-04
2.615752180347569178e-04
2.584491089177437528e-04
2.553614945924181923e-04
2.523142585397208926e-04
2.493089210516136189e-04
2.463466840293138116e-04
2.434284706174932866e-04
2.405549602646078755e-04
2.377266197302330131e-04
2.349437304998980292e-04
2.322064130206302757e-04
2.295146481187948506e-04
2.268682959213480510e-04
