-2.831866607816146963e-04
-2.892496009868211759e-04
-2.955065385490396324e-04
-3.019648066990149315e-04
-3.086320588951002586e-04
-3.155162848298559419e-04
-3.226258273512777608e-04
-3.299694003470465820e-04
-3.375561076596061971e-04
-3.453954630987243757e-04
-3.534974116202321825e-04
-3.618723517521960087e-04
-3.705311593438370688e-04
-3.794852127371878270e-04
-3.887464194451684119e-04
-3.983272444389868161e-04
-4.082407401747589759e-04
-4.185005784404227658e-04
-4.291210841883275062e-04
-4.401172714679352227e-04
-4.515048816115252439e-04
-4.633004238372429029e-04
-4.755212184356927274e-04
-4.881854427246923311e-04
-5.013121799810199564e-04
-5.149214715522293373e-04
-5.290343723961532518e-04
-5.436730102875153570e-04
-5.588606489726061222e-04
-5.746217555666760513e-04
-5.909820725090858540e-04
-6.079686944264750537e-04
-6.256101502759431332e-04
-6.439364911756950693e-04
-6.629793843611619941e-04
-6.827722137426883720e-04
-7.033501875841480233e-04
-7.247504538593352308e-04
-7.470122238938808890e-04
-7.701769049532625200e-04
-7.942882424876174241e-04
-8.193924728095158816e-04
-8.455384870427740118e-04
-8.727780072524810029e-04
-9.011657757382884881e-04
-9.307597585571647514e-04
-9.616213644330628973e-04
-9.938156802866832118e-04
-1.027411724741120191e-03
-1.062482721040952649e-03
-1.099106390938631161e-03
-1.137365271223170216e-03
-1.177347054660743408e-03
-1.219144957249854166e-03
-1.262858113796436199e-03
-1.308592003925829195e-03
-1.356458910738836399e-03
-1.406578414400325161e-03
-1.459077922991505738e-03
-1.514093242974329234e-03
-1.571769191557784162e-03
-1.632260253133649419e-03
-1.695731281713047656e-03
-1.762358250915418978e-03
-1.832329052483649967e-03
-1.905844343468590663e-03
-1.983118441046954894e-03
-2.064380262297230151e-03
-2.149874304029825156e-03
-2.239861654715416539e-03
-2.334621026486002893e-03
-2.434449789674927866e-03
-2.539664985036604872e-03
-2.650604278980978057e-03
-2.767626814072735031e-03
-2.891113889573596052e-03
-3.021469383393274311e-03
-3.159119795405812559e-03
-3.304513749791293531e-03
-3.458120736640604709e-03
-3.620428794953819973e-03
-3.791940731683776655e-03
-3.973168322483081050e-03
-4.164623730859781658e-03
-4.366807085419130430e-03
-4.580188726219278084e-03
-4.805184001118206760e-03
-5.042117547089039475e-03
-5.291172536427954376e-03
-5.552318066347636250e-03
-5.825204112850104754e-03
-6.109007110551054054e-03
-6.402198015751536797e-03
-6.702184061005519999e-03
-7.004735407987239260e-03
-7.303026036267853960e-03
-7.585940290871756586e-03
-7.834884109651094053e-03
-8.017317018539166229e-03
-8.072506049282793250e-03
-7.877369855607385674e-03
-7.158657493283829276e-03
-5.271675326359248626e-03
-9.152736897046903630e-04
6.085381846769433167e-03
1.106318339168838039e-02
1.240506171342500852e-02
1.210603356622057258e-02
1.124366311936647600e-02
1.018431781303716366e-02
9.060318725834654030e-03
7.928075394697253753e-03
6.816200036013492225e-03
5.741541476997846782e-03
4.715098933582601015e-03
3.744383537879619750e-03
2.834432709749229451e-03
1.988302521830298542e-03
1.207369553266807172e-03
4.915760756008247245e-04
-1.603334315112558972e-04
-7.505745707317990068e-04
-1.282089834276911589e-03
-1.758329986145668045e-03
-2.183059029518763516e-03
-2.560188578744904131e-03
-2.893643928289835188e-03
-3.187261148363346175e-03
-3.444712469093863527e-03
-3.669456041169305571e-03
-3.864705718751276775e-03
-4.033416587824911748e-03
-4.178282359831198001e-03
-4.301741306313305868e-03
-4.405988012374351115e-03
-4.492988803382003127e-03
-4.564499211780509436e-03
-4.622082282824041544e-03
-4.667126867814286317e-03
-4.700865327432052210e-03
-4.724390276233531027e-03
-4.738670153713639421e-03
-4.744563518448402517e-03
-4.742832039369287989e-03
-4.734152210332187583e-03
-4.719125847365529536e-03
-4.698289447634479421e-03
-4.672122499039574328e-03
-4.641054832666385854e-03
-4.605473109151297928e-03
-4.565726526058008772e-03
-4.522131827757319700e-03
-4.474977692857762257e-03
-4.424528567497740261e-03
-4.371028006132315902e-03
-4.314701575135512779e-03
-4.255759368587075375e-03
-4.194398180219896521e-03
-4.130803370646238259e-03
-4.065150464609507130e-03
-3.997606509170234523e-03
-3.928331220341654828e-03
-3.857477942713460894e-03
-3.785194444018966098e-03
-3.711623564302601874e-03
-3.636903737412544579e-03
-3.561169400749630842e-03
-3.484551307729955028e-03
-3.407176756048235777e-03
-3.329169743635285172e-03
-3.250651063146856035e-03
-3.171738344830768441e-03
-3.092546056775086205e-03
-3.013185470665480370e-03
-2.933764600502763997e-03
-2.854388120956050101e-03
-2.775157271400915948e-03
-2.696169751041241347e-03
-2.617519609917975942e-03
-2.539297140026985922e-03
-2.461588770229325429e-03
-2.384476968100637806e-03
-2.308040151387275030e-03
-2.232352611251556262e-03
-2.157484449054600240e-03
-2.083501528010928139e-03
-2.010465440660122449e-03
-1.938433492758157017e-03
-1.867458703855615076e-03
-1.797589824552789373e-03
-1.728871370151194298e-03
-1.661343670220194468e-03
-1.595042933358256643e-03
-1.530001326329591405e-03
-1.466247066546924605e-03
-1.403804526847060585e-03
-1.342694351349912885e-03
-1.282933581203307694e-03
-1.224535788937441971e-03
-1.167511220168976349e-03
