8.652440717852899477e-03
8.582836802236225304e-03
8.504388135372790980e-03
8.416528802868354642e-03
8.318656158634307740e-03
8.210128166594540811e-03
8.090260523847384033e-03
7.958323545008333388e-03
7.813538785276283316e-03
7.655075377487954857e-03
7.482046055816177210e-03
7.293502835724108291e-03
7.088432316739598504e-03
6.865750570761802729e-03
6.624297574613718931e-03
6.362831141081576325e-03
6.080020297322533129e-03
5.774438054004432663e-03
5.444553501940618823e-03
5.088723165790814962e-03
4.705181536137179044e-03
4.292030692126136415e-03
3.847228916460776471e-03
3.368578192772170299e-03
2.853710462173725260e-03
2.300072500913324935e-03
1.704909264056850282e-03
1.065245520923241429e-03
3.778655864359742322e-04
-3.607090722425876361e-04
-1.154244602245127482e-03
-2.006822185007361981e-03
-2.922868425948771387e-03
-3.907189071290395610e-03
-4.965006455829742982e-03
-6.102001138822657489e-03
-7.324358245494086428e-03
-8.638819100365999204e-03
-1.005273881719484508e-02
-1.157415059930327894e-02
-1.321183760568171717e-02
-1.497541335368242355e-02
-1.687541176025238177e-02
-1.892338807277400836e-02
-2.113203210879367744e-02
-2.351529541525523848e-02
-2.608853417230616589e-02
-2.886866990859532356e-02
-3.187437036473325658e-02
-3.512625314145714772e-02
-3.864711509990151339e-02
-4.246219084202035310e-02
-4.659944398711055036e-02
-5.108989537095831590e-02
-5.596799271495911388e-02
-6.127202672923995341e-02
-6.704459899901912823e-02
-7.333314731833665001e-02
-8.019053432332301501e-02
-8.767570525563586625e-02
-9.585442033900842818e-02
-1.048000664146575278e-01
-1.145945509276231622e-01
-1.253292787754389792e-01
-1.371062084994506547e-01
-1.500389782511529491e-01
-1.642540831464502360e-01
-1.798920730441609939e-01
-1.971087221831882008e-01
-2.160760978878452920e-01
-2.369834227527927439e-01
-2.600375810620836337e-01
-2.854630631623392145e-01
-3.135010686249231071e-01
-3.444073983909675674e-01
-3.784486573186347513e-01
-4.158961643773069206e-01
-4.570168364212533474e-01
-5.020601903198564919e-01
-5.512405281155778880e-01
-6.047133805643539750e-01
-6.625454590979383829e-01
-7.246778027486169282e-01
-7.908826200343096469e-01
-8.607156256543958550e-01
-9.334675148602523675e-01
-1.008120532805744318e+00
-1.083318584389232786e+00
-1.157361380534739137e+00
-1.228233790358474575e+00
-1.293679748370598626e+00
-1.351324842518507818e+00
-1.398842971314297579e+00
-1.434151472373316194e+00
-1.455608703165530038e+00
-1.462181930346829972e+00
-1.453554754158451701e+00
-1.430153115151259424e+00
-1.393084970258608335e+00
-1.344006161470879368e+00
-1.284938430110492025e+00
-1.218071298746770781e+00
-1.145577076687467555e+00
-1.069459774621821291e+00
-9.914478209981162360e-01
-9.129304437283258800e-01
-8.349303812947289627e-01
-7.581016831619544760e-01
-6.827401259267726896e-01
-6.087940768723121288e-01
-5.358643002287601931e-01
-4.631812296737717327e-01
-3.895468823134605185e-01
-3.132254307939288385e-01
-2.317616864566812707e-01
-1.417024688075603223e-01
-3.819980141880863211e-02
8.548897835683844093e-02
2.384525713822481796e-01
4.319552480115899096e-01
6.768981403472638103e-01
9.743514363200286299e-01
1.290994561881225966e+00
1.525491056175432458e+00
1.545763319130260882e+00
1.345688136106222288e+00
1.057112872181791730e+00
7.893351830568925420e-01
5.792076709844011795e-01
4.255965248651037980e-01
3.166955392033348193e-01
2.405032781440972212e-01
1.875158611386815721e-01
1.508303101897612852e-01
1.256019424917926286e-01
1.084700620685075667e-01
9.710409152890425721e-02
8.987843625071967324e-02
8.564883349785840094e-02
8.360095411637996632e-02
8.314829427101688708e-02
8.386310759212239896e-02
8.542937691287655344e-02
8.761051730785390790e-02
9.022698461072958809e-02
9.314059972506466556e-02
9.624346985673115640e-02
9.945008868233601307e-02
1.026916581476528534e-01
1.059119793844003898e-01
1.090644634979723859e-01
1.121099497092571950e-01
1.150151111288724715e-01
1.177512919812921388e-01
1.202936639813733111e-01
1.226206201322853073e-01
1.247133456799642270e-01
1.265555211601662178e-01
1.281331233338595665e-01
1.294342976460682304e-01
1.304492815732103961e-01
1.311703624828377546e-01
1.315918568649555032e-01
1.317101003205591314e-01
1.315234397320462212e-01
1.310322207480864032e-01
1.302387651943666125e-01
1.291473343426797760e-01
1.277640751749136161e-01
1.260969478866101334e-01
1.241556338945873916e-01
1.219514245436263411e-01
1.194970915362349451e-01
1.168067408316868505e-01
1.138956523569460977e-01
1.107801083422843558e-01
1.074772134244678101e-01
1.040047098556197147e-01
1.003807912154424664e-01
9.662391796042851810e-02
9.275263796721272547e-02
8.878541495534297834e-02
8.474046732696338680e-02
8.063561955830678141e-02
7.648816784006201575e-02
7.231476121173918692e-02
6.813129898749720192e-02
6.395284484254298851e-02
5.979355753429277387e-02
5.566663788051423589e-02
5.158429131371794485e-02
4.755770508293294396e-02
4.359703897894329216e-02
3.971142831854918009e-02
3.590899783267959000e-02
3.219688505798945499e-02
2.858127182696601487e-02
2.506742248076793134e-02
2.165972748661504355e-02
1.836175122023722683e-02
