2.264543619923231610e-03
2.381481386632411379e-03
2.506361921598865283e-03
2.639883465580472599e-03
2.782815135408678309e-03
2.936004133264391580e-03
3.100383416316965235e-03
3.276979715647110325e-03
3.466921714261772536e-03
3.671448080622197185e-03
3.891914893359327277e-03
4.129801767318030947e-03
4.386715677287045256e-03
4.664391043167626094e-03
4.964684049092948914e-03
5.289558369380054081e-03
5.641058405086274430e-03
6.021264726501995845e-03
6.432224595136204481e-03
6.875848139781648438e-03
7.353757957254902777e-03
7.867076656145555180e-03
8.416133384284429919e-03
9.000067195611027859e-03
9.616303227861222602e-03
1.025987884389667482e-02
1.092260399962985407e-02
1.159205746946895266e-02
1.225045427096077555e-02
1.287347749587836043e-02
1.342925846682202495e-02
1.387781953849148708e-02
1.417146207578995343e-02
1.425676237729128770e-02
1.407895210950044218e-02
1.358933602103018501e-02
1.275575892433933323e-02
1.157470387666847955e-02
1.008150974021593260e-02
8.353533210985530921e-03
6.501879151803502399e-03
4.651849411485831087e-03
2.918505490218381571e-03
1.386852788853143448e-03
1.032382444932644638e-04
-9.218265917130818998e-04
-1.703976230293891003e-03
-2.273789319275465459e-03
-2.667534043391706078e-03
-2.921028228095756685e-03
-3.066326544306108293e-03
-3.130413744388216291e-03
-3.135096014270088993e-03
-3.097494841944659072e-03
-3.030770990511688634e-03
-2.944874351594795048e-03
-2.847223091874684364e-03
-2.743277034126634373e-03
-2.637001895889168335e-03
-2.531235247486551820e-03
-2.427969909363947298e-03
-2.328570756167214206e-03
-2.233939160932785217e-03
-2.144636952050360534e-03
-2.060979411172170206e-03
-1.983104776236310762e-03
-1.911026006084004525e-03
-1.844669200375348428e-03
-1.783902005637716393e-03
-1.728554521093883523e-03
-1.678434595828337539e-03
-1.633338938211881253e-03
-1.593061103819959357e-03
-1.557397161531692831e-03
-1.526149637309293094e-03
-1.499130185091956946e-03
-1.476161321517011071e-03
-1.457077476698598328e-03
-1.441725549807815199e-03
-1.429965110512465554e-03
-1.421668351504701278e-03
-1.416719870386440316e-03
-1.415016338892738368e-03
-1.416466102226177082e-03
-1.420988739725237426e-03
-1.428514609547848480e-03
-1.438984393512032778e-03
-1.452348653395385547e-03
-1.468567406367415895e-03
-1.487609724464156180e-03
-1.509453361041190878e-03
-1.534084405550750763e-03
-1.561496966923925367e-03
-1.591692884932938146e-03
-1.624681468294586484e-03
-1.660479257768077144e-03
-1.699109812090815463e-03
-1.740603514282290654e-03
-1.784997395507970097e-03
-1.832334973436156034e-03
-1.882666101685859239e-03
-1.936046826649884256e-03
-1.992539247582525430e-03
-2.052211375406176597e-03
-2.115136985174015383e-03
-2.181395456517465359e-03
-2.251071595657849755e-03
-2.324255431774335801e-03
-2.401041979426088435e-03
-2.481530957656852276e-03
-2.565826454935304923e-03
-2.654036527552194880e-03
-2.746272717186248880e-03
-2.842649471177072229e-03
-2.943283446555367000e-03
-3.048292675914388017e-03
-3.157795569872001717e-03
-3.271909727013133651e-03
-3.390750517684226750e-03
-3.514429402992402807e-03
-3.643051944453024049e-03
-3.776715453168655312e-03
-3.915506219840325652e-03
-4.059496258448425099e-03
-4.208739486937951302e-03
-4.363267257538994137e-03
-4.523083137689676292e-03
-4.688156829562195593e-03
-4.858417102320988779e-03
-5.033743596336071047e-03
-5.213957343145170231e-03
-5.398809829225137413e-03
-5.587970416470022794e-03
-5.781011918441214537e-03
-5.977394120513512821e-03
-6.176445025745269657e-03
-6.377339609271392984e-03
-6.579075875684903263e-03
-6.780448040775433061e-03
-6.980016706736452692e-03
-7.176075976316004246e-03
-7.366617565097099973e-03
-7.549292133879892397e-03
-7.721368288139907055e-03
-7.879689994358285432e-03
-8.020633560857248767e-03
-8.140065841179516815e-03
-8.233305957506015238e-03
-8.295093621850491150e-03
-8.319568056061460437e-03
-8.300262563665894433e-03
-8.230120946047109198e-03
-8.101543102070479785e-03
-7.906468169166291915e-03
-7.636504250524173143e-03
-7.283113841303257008e-03
-6.837863146724493246e-03
-6.292741140477176032e-03
-5.640549992423665726e-03
-4.875362028698204675e-03
-3.993029534301140160e-03
-2.991722750606246040e-03
-1.872459271932136460e-03
-6.395764001190795689e-04
6.989106656662136263e-04
2.131124704144060633e-03
3.641370392390319566e-03
5.210443901842443104e-03
6.816219318553140560e-03
8.434489393425920190e-03
1.004000285800921155e-02
1.160761067508050970e-02
1.311341579960709214e-02
1.453581957732588692e-02
1.585637326588640317e-02
1.706037180011787946e-02
1.813716246506826002e-02
1.908017634229987325e-02
1.988671914062666024e-02
2.055757665580944249e-02
2.109649777462269116e-02
2.150961609600504643e-02
2.180486266898584713e-02
2.199141016735185750e-02
2.207917576122428449e-02
2.207839795610308520e-02
2.199929285812354807e-02
2.185178808597333655e-02
2.164532778642005995e-02
2.138873954223398377e-02
2.109015290105015206e-02
2.075695931798536564e-02
2.039580407727352440e-02
2.001260191402812194e-02
1.961256936179661681e-02
1.920026815002560949e-02
1.877965517491429759e-02
1.835413561919092829e-02
1.792661668468475966e-02
1.749956012795711446e-02
