5.288372927500478715e-03
5.488318579969231337e-03
5.695030906424758399e-03
5.908726995765889445e-03
6.129626863084935984e-03
6.357952740429217986e-03
6.593928211503730097e-03
6.837777162354008453e-03
7.089722514776963802e-03
7.349984702800599345e-03
7.618779844807466173e-03
7.896317554423687435e-03
8.182798321702378086e-03
8.478410381997925072e-03
8.783325972463645881e-03
9.097696854617670637e-03
9.421648954802103182e-03
9.755275941312840926e-03
1.009863151579468155e-02
1.045172014504086588e-02
1.081448589483696709e-02
1.118679894634330707e-02
1.156843927320858056e-02
1.195907682815380846e-02
1.235824742361277262e-02
1.276532328224716517e-02
1.317947696714527606e-02
1.359963706190855937e-02
1.402443353674340254e-02
1.445213018164476226e-02
1.488054077838407707e-02
1.530692477847331312e-02
1.572785710566365625e-02
1.613906525383654311e-02
1.653522504865462261e-02
1.690970424109619619e-02
1.725424050207902127e-02
1.755853748913885348e-02
1.780975977160811907e-02
1.799190526748273289e-02
1.808503400859662325e-02
1.806433753221542426e-02
1.789904960236304854e-02
1.755123616614145954e-02
1.697457673757056529e-02
1.611338506991939756e-02
1.490234386130293021e-02
1.326776633665439908e-02
1.113161181797940602e-02
8.419788560290755730e-03
5.076015334646757915e-03
1.080940082273787461e-03
-3.527217486057609985e-03
-8.638620473418082146e-03
-1.407437102518366290e-02
-1.961077455606460851e-02
-2.501917174215746720e-02
-3.010565390855989010e-02
-3.473567440232282200e-02
-3.883849026342808819e-02
-4.239649980180168476e-02
-4.542833784090753724e-02
-4.797267590851481828e-02
-5.007596189254458208e-02
-5.178453016090067001e-02
-5.314020890561875488e-02
-5.417828102854949784e-02
-5.492684481711553046e-02
-5.540691859609733760e-02
-5.563289261936569391e-02
-5.561311756839957404e-02
-5.535054216128514754e-02
-5.484339254498955818e-02
-5.408594035660359983e-02
-5.306944492579109690e-02
-5.178338084842259298e-02
-5.021706985033910081e-02
-4.836181200251790657e-02
-4.621353620974925219e-02
-4.377584507566782690e-02
-4.106311413214852601e-02
-3.810306067201493785e-02
-3.493802164912829938e-02
-3.162421261156443675e-02
-2.822858752567304966e-02
-2.482355150084910103e-02
-2.148047162336619298e-02
-1.826335732403942813e-02
-1.522401397081931534e-02
-1.239944960833218313e-02
-9.811608968310101681e-03
-7.468937476727567290e-03
-5.369014901872089240e-03
-3.501529629720091796e-03
-1.851066181303850575e-03
-3.994184901481047378e-04
8.726628856666144435e-04
1.984257521803866296e-03
2.953504218874878316e-03
3.797165270027971253e-03
4.530427369014029468e-03
5.166859130104154221e-03
5.718465252817606093e-03
6.195795022922219279e-03
6.608076787109966668e-03
6.963360314204932074e-03
7.268656153660461167e-03
7.530065939990089954e-03
7.752900721917949968e-03
7.941786339914207182e-03
8.100756025038400795e-03
8.233331023251031291e-03
8.342590353170741338e-03
8.431230909173552043e-03
8.501619109374258104e-03
8.555835212268611892e-03
8.595711320088825907e-03
8.622863970867165884e-03
8.638722106497409570e-03
8.644551096859996037e-03
8.641473403123101082e-03
8.630486377812125048e-03
8.612477624711362828e-03
8.588238277626581221e-03
8.558474502290046304e-03
8.523817479119942878e-03
8.484832085233736179e-03
8.442024460766662033e-03
8.395848616531918426e-03
8.346712216356180422e-03
8.294981647525224294e-03
8.240986475922838089e-03
8.185023368277007452e-03
8.127359551969397938e-03
8.068235872683338777e-03
8.007869501669722181e-03
7.946456337050501403e-03
7.884173137488247746e-03
7.821179421247166641e-03
7.757619159219426158e-03
7.693622286649881570e-03
7.629306055063345138e-03
7.564776243047629384e-03
7.500128242191438782e-03
7.435448032364778276e-03
7.370813058795101097e-03
7.306293021802946763e-03
7.241950588778463954e-03
7.177842036787632218e-03
7.114017833229666077e-03
7.050523161067998729e-03
6.987398394416300534e-03
6.924679529597646543e-03
6.862398576199128797e-03
6.800583912163794820e-03
6.739260606492495503e-03
6.678450712748792983e-03
6.618173536217655112e-03
6.558445877251541795e-03
6.499282253090991196e-03
6.440695100181161731e-03
6.382694958831751364e-03
6.325290641834051958e-03
6.268489388543116436e-03
6.212297005716647946e-03
6.156717996338413601e-03
6.101755677486962737e-03
6.047412288225188781e-03
5.993689088401397275e-03
5.940586449150266762e-03
5.888103935817561030e-03
5.836240383965685119e-03
5.784993969051185209e-03
5.734362270315849358e-03
5.684342329379060699e-03
5.634930703979999095e-03
5.586123517280994211e-03
5.537916503081781461e-03
5.490305047313306930e-03
5.443284226092703210e-03
5.396848840630862759e-03
5.350993449254059370e-03
5.305712396764694638e-03
5.260999841362357099e-03
5.216849779323642911e-03
5.173256067613180020e-03
5.130212444599234478e-03
5.087712549024264730e-03
5.045749937360476112e-03
5.004318099692407762e-03
4.963410474230239844e-03
4.923020460574821511e-03
4.883141431817179801e-03
4.843766745578848010e-03
4.804889754069278929e-03
4.766503813238370801e-03
4.728602291093772503e-03
4.691178575252134830e-03
4.654226079783184422e-03
4.617738251397093818e-03
