-8.010902126776853205e-04
-8.235358576714132961e-04
-8.470387722363734162e-04
-8.716674614876601668e-04
-8.974960595932932050e-04
-9.246048899960723766e-04
-9.530810911515669170e-04
-9.830193165691405999e-04
-1.014522519310091797e-03
-1.047702832637338599e-03
-1.082682560346437395e-03
-1.119595292464935221e-03
-1.158587164517561885e-03
-1.199818281551794097e-03
-1.243464331625185326e-03
-1.289718417637537862e-03
-1.338793141326552472e-03
-1.390922979143581484e-03
-1.446366996738120136e-03
-1.505411957161376102e-03
-1.568375887952791481e-03
-1.635612184298848581e-03
-1.707514339971467898e-03
-1.784521415186729465e-03
-1.867124371613654299e-03
-1.955873430239986333e-03
-2.051386638676169771e-03
-2.154359871873470778e-03
-2.265578535668659466e-03
-2.385931297634008574e-03
-2.516426236606569833e-03
-2.658209883241530180e-03
-2.812589721862317205e-03
-2.981060841679331053e-03
-3.165337566320786111e-03
-3.367391057390117792e-03
-3.589494082166563849e-03
-3.834274357037398273e-03
-4.104778121347414654e-03
-4.404545846331792136e-03
-4.737702209978024437e-03
-5.109062611420599198e-03
-5.524258449706470619e-03
-5.989882960312394033e-03
-6.513658260585017401e-03
-7.104621847056569184e-03
-7.773326191963997323e-03
-8.532036799426732931e-03
-9.394899697255071347e-03
-1.037802511143344486e-02
-1.149939437071732101e-02
-1.277843391606476448e-02
-1.423500321052690448e-02
-1.588740072634373113e-02
-1.774879518279934981e-02
-1.982124023463405910e-02
-2.208615687745630468e-02
-2.448993518382347467e-02
-2.692323380025891250e-02
-2.919286777593750604e-02
-3.098658705261705254e-02
-3.183643570387632848e-02
-3.110549180866746533e-02
-2.807626758377440579e-02
-2.229856356774735648e-02
-1.423929503792184526e-02
-5.591189538577082119e-03
1.671099241434381710e-03
6.604485679004512555e-03
9.393708970105746348e-03
1.066209729097924996e-02
1.099057537585598765e-02
1.078643118304581372e-02
1.030397719295217396e-02
9.693439937670161877e-03
9.040571302459443626e-03
8.392707122420101085e-03
7.774700616075463921e-03
7.198400686683897876e-03
6.668237182954422915e-03
6.184502713096257098e-03
5.745277250881197784e-03
5.347551664959926399e-03
4.987876827131254576e-03
4.662731030178585145e-03
4.368720131658482275e-03
4.102678758253514024e-03
3.861713577058611957e-03
3.643213305346143516e-03
3.444840296386864065e-03
3.264512583857570593e-03
3.100381646793937129e-03
2.950808951658195900e-03
2.814342986573792338e-03
2.689697690583969791e-03
2.575732694463123140e-03
2.471435503675428746e-03
2.375905591242899462e-03
2.288340280830636342e-03
2.208022258225750267e-03
2.134308534462781015e-03
2.066620684470693581e-03
2.004436194455394560e-03
1.947280765073750031e-03
1.894721433322865689e-03
1.846360392747714574e-03
1.801829408328681215e-03
1.760784739275905730e-03
1.722902499861317382e-03
1.687874405966238722e-03
1.655403873287858429e-03
1.625202452947477338e-03
1.596986611624440222e-03
1.570474886716688445e-03
1.545385472176807884e-03
1.521434317049291662e-03
1.498333845002225440e-03
1.475792427140132368e-03
1.453514758701257570e-03
1.431203298397382140e-03
1.408560921350110462e-03
1.385294906350503785e-03
1.361122319298940786e-03
1.335776762210943991e-03
1.309016330182155574e-03
1.280632461663822053e-03
1.250459193326780571e-03
1.218382161362829841e-03
1.184346556507009929e-03
1.148363174615557591e-03
1.110511740049252571e-03
1.070940835326661400e-03
1.029864046981715520e-03
9.875523076907644082e-04
9.443228272684456304e-04
9.005253928056899948e-04
8.565271130057117155e-04
8.126968317669625019e-04
7.693904186604760831e-04
7.269379707521006484e-04
6.856336722538824979e-04
6.457287138009748517e-04
6.074273318137368705e-04
5.708857390957222666e-04
5.362135104286513965e-04
5.034768709394343844e-04
4.727033028738836240e-04
4.438869203015616272e-04
4.169941384710995624e-04
3.919692638133798201e-04
3.687397342579390447e-04
3.472208354435013522e-04
3.273197994670962174e-04
3.089392561984038998e-04
2.919800530195582056e-04
2.763434891059346477e-04
2.619330278875037221e-04
2.486555591113409625e-04
2.364222827895418044e-04
2.251492836178453638e-04
2.147578580397879744e-04
2.051746484219157951e-04
1.963316307143081474e-04
1.881659941799368463e-04
1.806199446073436521e-04
1.736404560964827093e-04
1.671789910710763660e-04
1.611912036108276158e-04
1.556366374454581925e-04
1.504784269217435133e-04
1.456830068402026335e-04
1.412198351676968722e-04
1.370611311822811373e-04
1.331816304917660121e-04
1.295583575523784337e-04
1.261704157123344494e-04
1.229987943814070395e-04
1.200261926375817412e-04
1.172368583953753429e-04
1.146164421554352053e-04
1.121518642946545130e-04
1.098311948533881033e-04
1.076435447900647713e-04
1.055789677132934479e-04
1.036283711514512929e-04
1.017834364802211455e-04
1.000365466897051858e-04
9.838072123631580457e-05
9.680955728826046158e-05
9.531717673350037501e-05
9.389817837607283835e-05
9.254759480041563346e-05
9.126085343522105653e-05
9.003374139088249350e-05
8.886237369054583723e-05
8.774316455069375298e-05
8.667280140342570327e-05
8.564822138334982071e-05
8.466659003099341607e-05
8.372528199032669427e-05
