3.488604957953662239e-02
3.751702494805170957e-02
4.038651656076067131e-02
4.351901192689924119e-02
4.694155947483475561e-02
5.068397061495526906e-02
5.477900473144278748e-02
5.926251949366135446e-02
6.417356129301873824e-02
6.955436033674317065e-02
7.545018114972519563e-02
8.190896094399842398e-02
8.898064433241295590e-02
9.671609187663419982e-02
1.051654006650831613e-01
1.143754264844696611e-01
1.243862389465790891e-01
1.352261746122130071e-01
1.469050833170563175e-01
1.594052995521514915e-01
1.726698326225300784e-01
1.865872883766028500e-01
2.009731624142221951e-01
2.155474553830106499e-01
2.299091595233135332e-01
2.435091827819940158e-01
2.556248541695670395e-01
2.653414036561440592e-01
2.715487350488952067e-01
2.729651715752063890e-01
2.682029683566273803e-01
2.558918578647067510e-01
2.348743102661821069e-01
2.044759193725549373e-01
1.648318794731560288e-01
1.172126111552000971e-01
6.424177061520808252e-02
9.858393175631308125e-03
-4.111407483237605742e-02
-8.381426836683469883e-02
-1.144101961580151761e-01
-1.309920025981250458e-01
-1.338987101957540560e-01
-1.253572957820167089e-01
-1.086621021525232544e-01
-8.728868691907920585e-02
-6.424650859234803946e-02
-4.176929545569418867e-02
-2.128250837099454618e-02
-3.529915355105384123e-03
1.124382332635298631e-02
2.311792424243236388e-02
3.235542814401298761e-02
3.930376818238312531e-02
4.433067769224502408e-02
4.778679017938641804e-02
4.998659022498308513e-02
5.120104839866224111e-02
5.165714346054284256e-02
5.154106471219335739e-02
5.100307719868871215e-02
5.016285616226459632e-02
4.911463567875953840e-02
4.793185168323885192e-02
4.667115826442913562e-02
4.537580701587934362e-02
4.407843593245555636e-02
4.280333889981510764e-02
4.156829322066901700e-02
4.038601944290440282e-02
3.926534009374815781e-02
3.821209468815406352e-02
3.722985913216728115e-02
3.632050915676562908e-02
3.548466000651268049e-02
3.472200833563596212e-02
3.403159706741451518e-02
3.341201972914545348e-02
3.286157734772154893e-02
3.237839824316915416e-02
3.196052886699554674e-02
3.160600209456343457e-02
3.131288800449938403e-02
3.107933109285543338e-02
3.090357701283258374e-02
3.078399125724207153e-02
3.071907166979215287e-02
3.070745625377127586e-02
3.074792741817505837e-02
3.083941354195166018e-02
3.098098853352554416e-02
3.117186990081483033e-02
3.141141571963376733e-02
3.169912078632555752e-02
3.203461215920380689e-02
3.241764422733336981e-02
3.284809339125027705e-02
3.332595239534485998e-02
3.385132431279674892e-02
3.442441615056496262e-02
3.504553201060633949e-02
3.571506571458096801e-02
3.643349277035023981e-02
3.720136152892952741e-02
3.801928334996443337e-02
3.888792155960449359e-02
3.980797894796964109e-02
4.078018351185808132e-02
4.180527210137077732e-02
4.288397157617654387e-02
4.401697701627740877e-02
4.520492646300627859e-02
4.644837158678519207e-02
4.774774358781866401e-02
4.910331353293287404e-02
5.051514621443742303e-02
5.198304648404392103e-02
5.350649686491121271e-02
5.508458507551922123e-02
5.671591991085259132e-02
5.839853371575953744e-02
6.012976945499937109e-02
6.190615013199776695e-02
6.372322803731816920e-02
6.557541102186903448e-02
6.745576269293354632e-02
6.935577313683316536e-02
7.126509648912643380e-02
7.317125142985314579e-02
7.505928049805360436e-02
7.691136404538329030e-02
7.870638473145741276e-02
8.041943878004748081e-02
8.202129086118897794e-02
8.347777056455324418e-02
8.474911014642622087e-02
8.578922577045383635e-02
8.654494807525370259e-02
8.695521290450686225e-02
8.695022979830774323e-02
8.645065480900654409e-02
8.536680585529077270e-02
8.359797368940724560e-02
8.103190012788380470e-02
7.754451789979338594e-02
7.300007349466469675e-02
6.725178552568200629e-02
6.014322546006378722e-02
5.151064312569797465e-02
4.118649263694540430e-02
2.900443957714382570e-02
1.480613890661175436e-02
-1.549946756957076843e-03
-2.017748260064655685e-02
-4.114887120926469244e-02
-6.447966532151827579e-02
-9.011122113260405797e-02
-1.178924459189115703e-01
-1.475620080990532879e-01
-1.787329499694750856e-01
-2.108821916242854533e-01
-2.433478097307467669e-01
-2.753370463172182259e-01
-3.059475655186449927e-01
-3.342033828466423051e-01
-3.591051045316051571e-01
-3.796917797841715680e-01
-3.951091559336196157e-01
-4.046769964163533517e-01
-4.079470015878149391e-01
-4.047432549794302004e-01
-3.951791540758060606e-01
-3.796481664136561740e-01
-3.587897557987114183e-01
-3.334355245138179713e-01
-3.045431869121305590e-01
-2.731269534807093669e-01
-2.401922540346249635e-01
-2.066808580130355955e-01
-1.734299682507304263e-01
-1.411463822509383403e-01
-1.103947834498774094e-01
-8.159787100533100190e-02
-5.504538040539264099e-02
-3.090896893326744443e-02
-9.260257223986156916e-03
9.910152853511267068e-03
2.667427138819555843e-02
4.114995648586317056e-02
5.348636068272172306e-02
6.385180161162806733e-02
7.242402449746754289e-02
7.938266930430737389e-02
8.490367194907810777e-02
8.915529697148605326e-02
9.229550120435703331e-02
9.447035077169835260e-02
9.581324722274670025e-02
9.644475599213325756e-02
9.647286732160126332e-02
