-1.004437767397100140e-01
-1.023294838783965210e-01
-1.041971836317642369e-01
-1.060385407288522708e-01
-1.078440752601380337e-01
-1.096030167087324730e-01
-1.113031379193336334e-01
-1.129305658734875983e-01
-1.144695655813163238e-01
-1.159022927288658744e-01
-1.172085099139461573e-01
-1.183652603300311690e-01
-1.193464915821254579e-01
-1.201226208933462991e-01
-1.206600312306355949e-01
-1.209204857724314186e-01
-1.208604455733032490e-01
-1.204302721445901225e-01
-1.195732928325021760e-01
-1.182247021749454341e-01
-1.163102666540766772e-01
-1.137447931908801835e-01
-1.104303130561427315e-01
-1.062539222454026155e-01
-1.010852063750419805e-01
-9.477316233160237857e-02
-8.714250974674275785e-02
-7.798926238188352844e-02
-6.707540231550546128e-02
-5.412246835089912222e-02
-3.880383490133537672e-02
-2.073542064684691377e-02
5.354681714302977902e-04
2.554347809699425431e-02
5.492104600828784378e-02
8.941698464929448420e-02
1.299178924561279480e-01
1.774720848132902984e-01
2.333150017998643633e-01
2.988936800873390198e-01
3.758854624472149908e-01
4.662020128635741556e-01
5.719630015146703883e-01
6.954134400956180073e-01
8.387437979179319658e-01
1.003753608888995119e+00
1.191283051289734995e+00
1.400339376099359434e+00
1.626900321886347367e+00
1.862536698492464504e+00
2.093300179450190868e+00
2.299705019073887691e+00
2.458797004854691881e+00
2.548748845236929128e+00
2.554929864111805227e+00
2.474783919665803467e+00
2.318772422408156508e+00
2.106772035855398073e+00
1.862007074192681078e+00
1.605529130862869636e+00
1.353081651540163577e+00
1.114430006674864249e+00
8.942404202794418389e-01
6.935167261949691797e-01
5.109666844648181883e-01
3.440441341524039798e-01
1.896426155218214893e-01
4.451163502431865204e-02
-9.451470452375887454e-02
-2.303997877511186898e-01
-3.658399314188253149e-01
-5.032124554423489382e-01
-6.445072878055509991e-01
-7.912209611563825185e-01
-9.441987634089871184e-01
-1.103420002394953636e+00
-1.267736473139730036e+00
-1.434598230147645204e+00
-1.599833641429169839e+00
-1.757585705947646293e+00
-1.900526794666503649e+00
-2.020453316466690907e+00
-2.109277127281566244e+00
-2.160284854609090921e+00
-2.169380044261861151e+00
-2.135944963411661845e+00
-2.063032781184908515e+00
-1.956818531569939346e+00
-1.825494235562420631e+00
-1.677956452252348685e+00
-1.522635501037370220e+00
-1.366688163278265478e+00
-1.215610505980659450e+00
-1.073202700416948208e+00
-9.417625788466277292e-01
-8.223869214162395913e-01
-7.152911066864257039e-01
-6.200949699347424460e-01
-5.360527005991730931e-01
-4.622238436160887587e-01
-3.975923948270115860e-01
-3.411445974009084114e-01
-2.919161152726416075e-01
-2.490177206219684747e-01
-2.116466289253953748e-01
-1.790887177827356624e-01
-1.507152978980097480e-01
-1.259769068886869570e-01
-1.043957284836566357e-01
-8.555763457570514374e-02
-6.910443917946629266e-02
-5.472668565513549854e-02
-4.215711834393356949e-02
-3.116488530064492890e-02
-2.155045767470969986e-02
-1.314121805320681013e-02
-5.787654341288306359e-03
6.399093435096592231e-04
6.254112208196355160e-03
1.115294977054337444e-02
1.542181730152636376e-02
1.913525420067724303e-02
2.235843334067896815e-02
2.514843340505129587e-02
2.755532680871983220e-02
2.962311098864478520e-02
3.139050667210743772e-02
3.289164312984177441e-02
3.415664734400070124e-02
3.521215140639674668e-02
3.608173024726676892e-02
3.678627992517452538e-02
3.734434513201019545e-02
3.777240323877391337e-02
3.808511109133008721e-02
3.829551982263197651e-02
3.841526215732474214e-02
3.845471601592320710e-02
3.842314766273584314e-02
3.832883716689107489e-02
3.817918854312475629e-02
3.798082659962835617e-02
3.773968223155350910e-02
3.746106765402612560e-02
3.714974286064237630e-02
3.680997441631163325e-02
3.644558754180408922e-02
3.606001231882770275e-02
3.565632473338864461e-02
3.523728318111028768e-02
3.480536097624399583e-02
3.436277533671505680e-02
3.391151325695761221e-02
3.345335462841300678e-02
3.298989292269410845e-02
3.252255371334129841e-02
3.205261127860646597e-02
3.158120349812727767e-02
3.110934523106768934e-02
3.063794034104538877e-02
3.016779251367851522e-02
2.969961499586665221e-02
2.923403937085049253e-02
2.877162347035253087e-02
2.831285851346805604e-02
2.785817555219105568e-02
2.740795129444539152e-02
2.696251336781366192e-02
2.652214508034287516e-02
2.608708972862162911e-02
2.565755449811222416e-02
2.523371399585242619e-02
2.481571345149137520e-02
2.440367161894732573e-02
2.399768340745376399e-02
2.359782226809553629e-02
2.320414235903621447e-02
2.281668051045124962e-02
2.243545800804699203e-02
2.206048221213762622e-02
2.169174802764341214e-02
2.132923923879889022e-02
2.097292972110314374e-02
2.062278454175250908e-02
2.027876095878947127e-02
1.994080932817071661e-02
1.960887392712825500e-02
1.928289370138652065e-02
1.896280294310607323e-02
1.864853190575408576e-02
1.834000736158127726e-02
1.803715310681676398e-02
1.773989041923054039e-02
1.744813847232837278e-02
1.716181470999648268e-02
1.688083518512602937e-02
1.660511486538970849e-02
1.633456790908429518e-02
1.606910791368155317e-02
1.580864813949543063e-02
