3.433548485011997387e-03
3.472251464531478371e-03
3.511605191761968392e-03
3.551625520669024483e-03
3.592328876503708690e-03
3.633732285304516751e-03
3.675853405382248362e-03
3.718710560941862475e-03
3.762322778018023506e-03
3.806709822909454255e-03
3.851892243315946374e-03
3.897891412406984113e-03
3.944729576060679310e-03
3.992429903545743897e-03
4.041016541935574247e-03
4.090514674578424326e-03
4.140950583973485033e-03
4.192351719439380009e-03
4.244746769997406743e-03
4.298165742936774225e-03
4.352640048569528242e-03
4.408202591739573961e-03
4.464887870705355755e-03
4.522732084073916026e-03
4.581773246542186762e-03
4.642051314267536810e-03
4.703608320792376785e-03
4.766488524518705527e-03
4.830738568863929272e-03
4.896407656321793977e-03
4.963547737799944848e-03
5.032213718745154329e-03
5.102463683737915034e-03
5.174359141408041429e-03
5.247965291741540916e-03
5.323351318065841498e-03
5.400590706248806216e-03
5.479761593947127252e-03
5.560947153029682788e-03
5.644236008669409332e-03
5.729722698980158069e-03
5.817508179496222454e-03
5.907700377296778993e-03
6.000414800080192124e-03
6.095775206105283339e-03
6.193914341547715474e-03
6.294974752542190077e-03
6.399109679954606555e-03
6.506484045770297153e-03
6.617275540912320730e-03
6.731675825257021906e-03
6.849891851668371556e-03
6.972147326913813448e-03
7.098684323430387577e-03
7.229765056944018053e-03
7.365673845934714303e-03
7.506719269748760026e-03
7.653236542700794787e-03
7.805590121628291911e-03
7.964176563823865962e-03
8.129427650808748740e-03
8.301813790600756637e-03
8.481847706484899052e-03
8.670088413015641926e-03
8.867145469261386581e-03
9.073683483755215495e-03
9.290426823765324249e-03
9.518164451174968010e-03
9.757754765857315493e-03
1.001013028162499319e-02
1.027630188548826762e-02
1.055736233317551565e-02
1.085448850698135514e-02
1.116894179965703671e-02
1.150206578418058734e-02
1.185528007850651655e-02
1.223006901481209219e-02
1.262796337821563142e-02
1.305051310535634834e-02
1.349924846131628220e-02
1.397562690375415972e-02
1.448096269363624566e-02
1.501633646910363606e-02
1.558248266508482915e-02
1.617965408761413981e-02
1.680746540845726167e-02
1.746472104937406289e-02
1.814923791521971808e-02
1.885767939644462932e-02
1.958542313597638751e-02
2.032648972600455128e-02
2.107356069364094142e-02
2.181810968464698020e-02
2.255065926062223280e-02
2.326115759319981324e-02
2.393944749872155275e-02
2.457577993600119914e-02
2.516131133085371119e-02
2.568852341809822748e-02
2.615151663009529504e-02
2.654615011112114453e-02
2.687002695055856760e-02
2.712234551576767072e-02
2.730365209742789678e-02
2.741553486712008936e-02
2.746029564599752892e-02
2.744062705100894228e-02
2.735931127356745762e-02
2.721894530167452697e-02
2.702168680789457378e-02
2.676900482697976147e-02
2.646140794583222433e-02
2.609810632089450133e-02
2.567653529586240435e-02
2.519161344555193027e-02
2.463449671715381428e-02
2.399035979636397753e-02
2.323425582662476396e-02
2.232314072196497912e-02
2.118046270000593923e-02
1.966823758764961461e-02
1.754874912745574278e-02
1.449149571502686418e-02
1.033229400556218147e-02
5.662358633977501721e-03
1.679295698607780052e-03
-1.028710922077846757e-03
-2.671474506417026440e-03
-3.631732548403404648e-03
-4.185192886504374155e-03
-4.495751522856833438e-03
-4.657627645551359885e-03
-4.725707926830607919e-03
-4.732751325077472204e-03
-4.698791679604547022e-03
-4.636349557522428944e-03
-4.553398099919114816e-03
-4.455097032196403406e-03
-4.344832114699437309e-03
-4.224852484973770639e-03
-4.096669542178077439e-03
-3.961311311741891328e-03
-3.819487467429383276e-03
-3.671698104006443364e-03
-3.518306490588984925e-03
-3.359588389866607905e-03
-3.195765899636743290e-03
-3.027030921643039663e-03
-2.853561577703084273e-03
-2.675533758748502300e-03
-2.493129261445140021e-03
-2.306541489982077975e-03
-2.115979385631641674e-03
-1.921670036675010573e-03
-1.723860280137240464e-03
-1.522817511453042338e-03
-1.318829853699979293e-03
-1.112205794606066500e-03
-9.032733706356987913e-04
-6.923789586283229935e-04
-4.798857237636872108e-04
-2.661717658371948181e-04
-5.162800249289278831e-05
1.633441729829571143e-04
3.783354212663764260e-04
5.929311347627752582e-04
8.067142227773382857e-04
1.019267961944930745e-03
1.230178868842135564e-03
1.439039551411003259e-03
1.645451496385300083e-03
1.849027751378587436e-03
2.049395462731279371e-03
2.246198233532031852e-03
2.439098270423850634e-03
2.627778292669635807e-03
2.811943182363330074e-03
2.991321360454685108e-03
3.165665879177409492e-03
3.334755227373586983e-03
3.498393850869349619e-03
3.656412395349709077e-03
3.808667683941183157e-03
3.955042445827477993e-03
4.095444815635854163e-03
4.229807626004333798e-03
4.358087517616418549e-03
4.480263892182589913e-03
4.596337734270677933e-03
4.706330327753610598e-03
4.810281891895529238e-03
4.908250160921528993e-03
5.000308929337879404e-03
5.086546583440529345e-03
5.167064637388210646e-03
5.241976290054045640e-03
5.311405016682341218e-03
5.375483207168893496e-03
5.434350860670761341e-03
5.488154344240742111e-03
