4.521778467512060917e-03
4.403077568067653713e-03
4.280473457506206447e-03
4.153895455798056746e-03
4.023275570273321389e-03
3.888549040818034541e-03
3.749654952968639599e-03
3.606536928595693858e-03
3.459143905704120669e-03
3.307431021215029299e-03
3.151360613453307868e-03
2.990903364763430883e-03
2.826039609339803249e-03
2.656760837369348538e-03
2.483071434389805265e-03
2.304990704974890781e-03
2.122555243310786377e-03
1.935821731203324347e-03
1.744870268222342702e-03
1.549808371574562527e-03
1.350775828549755087e-03
1.147950647373718880e-03
9.415564410521493066e-04
7.318717055585788334e-04
5.192416372707675531e-04
3.040934044649945545e-04
8.695619078213923103e-05
-1.315120585719808943e-04
-3.504883082242893355e-04
-5.689341425308414024e-04
-7.855247131358933377e-04
-9.985461173646070776e-04
-1.205743598286734830e-03
-1.404091069247936918e-03
-1.589431018825276931e-03
-1.755893773270761349e-03
-1.894927204656171593e-03
-1.993609860009043500e-03
-2.031583595309416346e-03
-1.975184705840182797e-03
-1.765551335778520192e-03
-1.292951223753585621e-03
-3.376810926316586858e-04
1.572524596076319003e-03
5.492197959568290155e-03
1.350455157363979197e-02
2.723583950789926211e-02
4.218552764279182021e-02
5.225053132394470723e-02
5.781713098489563163e-02
6.098768518567274088e-02
6.297635996756302534e-02
6.434634038812861445e-02
6.536274519751121559e-02
6.615888013056665795e-02
6.680671614690757154e-02
6.734770762329718441e-02
6.780709831845405100e-02
6.820098737648694343e-02
6.854002451424665021e-02
6.883144240028510330e-02
6.908022415039129227e-02
6.928979878566690620e-02
6.946246738490703676e-02
6.959966896974573158e-02
6.970214687538538179e-02
6.977005042390710399e-02
6.980299222316704855e-02
6.980007298017212869e-02
6.975988058199812658e-02
6.968046688835966007e-02
6.955930338354487930e-02
6.939321508238943670e-02
6.917829059313154727e-02
6.890976483373062456e-02
6.858186946999605960e-02
6.818764464294169159e-02
6.771870399738955104e-02
6.716494354188906613e-02
6.651418378199298875e-02
6.575173453885596597e-02
6.485987415864183370e-02
6.381724172259112260e-02
6.259815632808676811e-02
6.117190798433662369e-02
5.950211998324825974e-02
5.754637605497971153e-02
5.525645115216949038e-02
5.257968679863631034e-02
4.946228076032563314e-02
4.585540646152512501e-02
4.172489483886408779e-02
3.706432072583222548e-02
3.190943160361692232e-02
2.634925529554019846e-02
2.052748030476369764e-02
1.462924540866074666e-02
8.854331073822409998e-03
3.385022247027844045e-03
-1.639907853207819843e-03
-6.137287664783067087e-03
-1.007724035977544674e-02
-1.347157532054054155e-02
-1.635921843216523591e-02
-1.879316901118325764e-02
-2.083090817313786383e-02
-2.252835466018469207e-02
-2.393662470958050209e-02
-2.510068953091804458e-02
-2.605917125993017364e-02
-2.684474281322982159e-02
-2.748479497319198522e-02
-2.800217709747715444e-02
-2.841591034362169615e-02
-2.874182756031229413e-02
-2.899312480573773901e-02
-2.918082534381368637e-02
-2.931416426168665865e-02
-2.940090445119881990e-02
-2.944759489577881972e-02
-2.945978129274987728e-02
-2.944217771414772006e-02
-2.939880662029195624e-02
-2.933311325413745854e-02
-2.924805932437367709e-02
-2.914619994377556575e-02
-2.902974701476041669e-02
-2.890062162555792277e-02
-2.876049751441918031e-02
-2.861083725421828886e-02
-2.845292248624305825e-02
-2.828787927389721929e-02
-2.811669944109666114e-02
-2.794025859575982595e-02
-2.775933140719710410e-02
-2.757460460084370027e-02
-2.738668804906787754e-02
-2.719612426854329038e-02
-2.700339657959760498e-02
-2.680893613829055805e-02
-2.661312801566588504e-02
-2.641631646909445991e-02
-2.621880952641972642e-02
-2.602088298378140568e-02
-2.582278390171410462e-02
-2.562473367061472024e-02
-2.542693070557359644e-02
-2.522955282128441779e-02
-2.503275933007831355e-02
-2.483669289967137955e-02
-2.464148120185667007e-02
-2.444723837884174925e-02
-2.425406635012834419e-02
-2.406205597962728093e-02
-2.387128811996679784e-02
-2.368183454866473747e-02
-2.349375880886488133e-02
-2.330711696565497537e-02
-2.312195828756798480e-02
-2.293832586163524825e-02
-2.275625714930156265e-02
-2.257578448961723369e-02
-2.239693555532944538e-02
-2.221973376682298898e-02
-2.204419866827330571e-02
-2.187034626986802607e-02
-2.169818935950332955e-02
-2.152773778698613416e-02
-2.135899872341618516e-02
-2.119197689815489893e-02
-2.102667481550091894e-02
-2.086309295297635036e-02
-2.070122994293071422e-02
-2.054108273898829981e-02
-2.038264676869791514e-02
-2.022591607363657604e-02
-2.007088343804383154e-02
-1.991754050702020454e-02
-1.976587789516197693e-02
-1.961588528646226667e-02
-1.946755152621750320e-02
-1.932086470559596370e-02
-1.917581223948843991e-02
-1.903238093818325830e-02
-1.889055707337456216e-02
-1.875032643895402709e-02
-1.861167440700567735e-02
-1.847458597938567149e-02
-1.833904583523586831e-02
-1.820503837473925329e-02
-1.807254775942113145e-02
-1.794155794925611849e-02
-1.781205273682371498e-02
-1.768401577874441355e-02
-1.755743062459425713e-02
-1.743228074349116238e-02
-1.730854954853158073e-02
-1.718622041923163063e-02
-1.706527672212446861e-02
-1.694570182965135507e-02
