6.647780486657151044e-05
4.997253366767484550e-05
3.308555620351594229e-05
1.580606396245354262e-05
-1.877143348649745747e-06
-1.997567532463495610e-05
-3.850156930307324643e-05
-5.746730978983816129e-05
-7.688584892862060371e-05
-9.677062807100789144e-05
-1.171356005252865984e-04
-1.379952555509156298e-04
-1.593646436734985627e-04
-1.812594034141801203e-04
-2.036957895115154571e-04
-2.266907027370645977e-04
-2.502617214048541427e-04
-2.744271346867277472e-04
-2.992059778448297180e-04
-3.246180695135603145e-04
-3.506840511616760026e-04
-3.774254288826384141e-04
-4.048646176544323794e-04
-4.330249882632530856e-04
-4.619309170368346429e-04
-4.916078386021371927e-04
-5.220823018641240765e-04
-5.533820294253422034e-04
-5.855359806956617064e-04
-6.185744189241004776e-04
-6.525289824589330934e-04
-6.874327605094210369e-04
-7.233203737287974278e-04
-7.602280599726674026e-04
-7.981937655997528580e-04
-8.372572426922353372e-04
-8.774601526513325922e-04
-9.188461766128641628e-04
-9.614611331754119306e-04
-1.005353103983641638e-03
-1.050572567737773078e-03
-1.097172543243485343e-03
-1.145208742172387772e-03
-1.194739732251259845e-03
-1.245827111637121121e-03
-1.298535695325675476e-03
-1.352933714463100401e-03
-1.409093029532404451e-03
-1.467089358414774836e-03
-1.527002520459452839e-03
-1.588916697696007851e-03
-1.652920714466321606e-03
-1.719108336800001524e-03
-1.787578592975513914e-03
-1.858436116736861266e-03
-1.931791514799607867e-03
-2.007761760282056329e-03
-2.086470613863244949e-03
-2.168049074452449432e-03
-2.252635861298313280e-03
-2.340377929425763170e-03
-2.431431020406549237e-03
-2.525960250363445958e-03
-2.624140737116587019e-03
-2.726158268227307779e-03
-2.832210011559865848e-03
-2.942505269621586983e-03
-3.057266278628900658e-03
-3.176729052574822632e-03
-3.301144271879996595e-03
-3.430778215129937081e-03
-3.565913731045200485e-03
-3.706851245993569854e-03
-3.853909800094146298e-03
-4.007428101847398949e-03
-4.167765587419158813e-03
-4.335303465642703635e-03
-4.510445723532874318e-03
-4.693620058855763055e-03
-4.885278696034833779e-03
-5.085899028484552886e-03
-5.295984013696686254e-03
-5.516062226191387197e-03
-5.746687446459453064e-03
-5.988437629792398020e-03
-6.241913055466397076e-03
-6.507733401698523323e-03
-6.786533421842100289e-03
-7.078956808774905518e-03
-7.385647721997234960e-03
-7.707239309592828214e-03
-8.044338376924420331e-03
-8.397505125692150685e-03
-8.767226598996202824e-03
-9.153882104725896696e-03
-9.557698433562800133e-03
-9.978692117177168086e-03
-1.041659526284832715e-02
-1.087076062598574255e-02
-1.134004051599696306e-02
-1.182263285250106932e-02
-1.231588619176943178e-02
-1.281605385182904566e-02
-1.331798546168894148e-02
-1.381474253358505599e-02
-1.429712337476418682e-02
-1.475308248109752363e-02
-1.516703162805466132e-02
-1.551901606290206903e-02
-1.578377244468548435e-02
-1.592969988041026408e-02
-1.591781776089778999e-02
-1.570085199589782432e-02
-1.522269300211887000e-02
-1.441860930116645179e-02
-1.321677265346166141e-02
-1.154181920800478878e-02
-9.321250361894573011e-03
-6.495309834410267769e-03
-3.030342445664135909e-03
1.065637308163502883e-03
5.728284964241769917e-03
1.082807588347911576e-02
1.617263462578272248e-02
2.152347703943241486e-02
2.662558698004108271e-02
3.124280119108102660e-02
3.518913646194377076e-02
3.834789644301744849e-02
4.067552816070957311e-02
4.219259586613949287e-02
4.296728520957815434e-02
4.309701155199241462e-02
4.269206708768641390e-02
4.186319672674337911e-02
4.071340585789567923e-02
3.933340950013086701e-02
3.779980483339831498e-02
3.617506177644636001e-02
3.450859106575751567e-02
3.283835015668915003e-02
3.119262777414069654e-02
2.959178858819969116e-02
2.804985951578767289e-02
2.657590531355649710e-02
2.517518191221504442e-02
2.385007902531374735e-02
2.260087500481491873e-02
2.142633112368977355e-02
2.032415247515514944e-02
1.929134047443334388e-02
1.832445877072899632e-02
1.741983095558527483e-02
1.657368518906249255e-02
1.578225795042359492e-02
1.504186662491643900e-02
1.434895856317802698e-02
1.370014255972787365e-02
1.309220734220595261e-02
1.252213058993309480e-02
1.198708115902860638e-02
1.148441653661511075e-02
1.101167704095004640e-02
1.056657789574702577e-02
1.014700001025184428e-02
9.750980071055542764e-03
9.376700381075214752e-03
9.022478752932383550e-03
8.686758668043387255e-03
8.368099841595616484e-03
8.065169281088746533e-03
7.776732887950887907e-03
7.501647624110568957e-03
7.238854245979142732e-03
6.987370594673331103e-03
6.746285422319669989e-03
6.514752728420225569e-03
6.291986576876240633e-03
6.077256362575916837e-03
5.869882495965678126e-03
5.669232474482449602e-03
5.474717310594345854e-03
5.285788287634735072e-03
5.101934016069314959e-03
4.922677764619770580e-03
4.747575042255730571e-03
4.576211408876290632e-03
4.408200494027514349e-03
4.243182204659495804e-03
4.080821104332915672e-03
3.920804947711825639e-03
3.762843355376244148e-03
3.606666615281806099e-03
3.452024598154551649e-03
3.298685775198428871e-03
3.146436327339824368e-03
2.995079336090999966e-03
2.844434046921778814e-03
2.694335196625027851e-03
2.544632396930091023e-03
