2.573351054287374706e-03
2.494967397362359007e-03
2.405083713491511233e-03
2.302486332718851891e-03
2.185825589860176943e-03
2.053598717019947117e-03
1.904130305092240072e-03
1.735549946425454793e-03
1.545766602142090163e-03
1.332439155251517737e-03
1.092942512371158914e-03
8.243284983753956796e-04
5.232806460185382424e-04
1.860618105808675704e-04
-1.915466685019767690e-04
-6.143157893470571618e-04
-1.087651530128165567e-03
-1.617691524009520765e-03
-2.211418435903882151e-03
-2.876793271259850404e-03
-3.622912536216132962e-03
-4.460194017302632208e-03
-5.400596996442484643e-03
-6.457884013761933106e-03
-7.647932897287455789e-03
-8.989109775389789170e-03
-1.050271626949748904e-02
-1.221352715676387451e-02
-1.415043864237448129e-02
-1.634725217791795082e-02
-1.884362473040616937e-02
-2.168622381056638238e-02
-2.493013472368742212e-02
-2.864057874083851540e-02
-3.289501453788076790e-02
-3.778571157446308781e-02
-4.342290312732888236e-02
-4.993864804704757632e-02
-5.749155262808178235e-02
-6.627252421661421200e-02
-7.651174013232317495e-02
-8.848700746281791540e-02
-1.025336401198747166e-01
-1.190558520586201957e-01
-1.385393962090605280e-01
-1.615646617136600183e-01
-1.888185069990714615e-01
-2.211014893979933449e-01
-2.593244708612345018e-01
-3.044843360412397004e-01
-3.576022438480092047e-01
-4.195992775521057427e-01
-4.910746126770766384e-01
-5.719444409172089738e-01
-6.609057821911330510e-01
-7.547265242256389062e-01
-8.474566126954563572e-01
-9.298192860007596927e-01
-9.892350506245349839e-01
-1.011008801241638277e+00
-9.809534514419708806e-01
-8.890700531436470655e-01
-7.332418219665377546e-01
-5.218666116879004946e-01
-2.749289574644830925e-01
-2.304469846278300871e-02
1.972530108502410506e-01
3.538518421434209138e-01
4.317252373058619863e-01
4.381781916176962222e-01
3.955245440839467719e-01
3.284086270414073860e-01
2.554531800064477887e-01
1.874333470585122230e-01
1.290183401083747627e-01
8.119483135527960638e-02
4.313301942074521111e-02
1.331951247722867882e-02
-9.856189621979538629e-03
-2.784439321437670589e-02
-4.185178003843065264e-02
-5.283952044727729946e-02
-6.155377396439559723e-02
-6.856469768744133386e-02
-7.430356615489036587e-02
-7.909428801606538384e-02
-8.317866298974674333e-02
-8.673596341511252694e-02
-8.989780783129841524e-02
-9.275930424395212315e-02
-9.538731147158019397e-02
-9.782650410726723145e-02
-1.001037738378798836e-01
-1.022313717641646913e-01
-1.042090949446467518e-01
-1.060257427548911835e-01
-1.076600105942445151e-01
-1.090809459056361619e-01
-1.102480610017992357e-01
-1.111111761769671968e-01
-1.116100531199764601e-01
-1.116738714279994493e-01
-1.112205992356484208e-01
-1.101563122077317547e-01
-1.083745232716125662e-01
-1.057555985819048638e-01
-1.021663535228970465e-01
-9.745994626160353613e-02
-9.147621549566165022e-02
-8.404264320536758426e-02
-7.497616129663742246e-02
-6.408606068231303965e-02
-5.117829848889055011e-02
-3.606152707801713042e-02
-1.855517752320423597e-02
1.500093836727334207e-03
2.422936242974715881e-02
4.970771143619978627e-02
7.794198820782149983e-02
1.088505674239598209e-01
1.422421416027317420e-01
1.777951720093966514e-01
2.150403153937546774e-01
2.533487949236734593e-01
2.919301483437853895e-01
3.298428523391970790e-01
3.660207613742783028e-01
3.993169330164613173e-01
4.285642027554344979e-01
4.526490166063800169e-01
4.705920074382567986e-01
4.816263211039188974e-01
4.852635329498956596e-01
4.813377169618313633e-01
4.700209558762007411e-01
4.518078460057888268e-01
4.274713990755503179e-01
3.979970245600844558e-01
3.645040273759438954e-01
3.281648027419430402e-01
2.901307613147475761e-01
2.514715419213784386e-01
2.131310390617656703e-01
1.759009024021395140e-01
1.404099394018447633e-01
1.071264716166813180e-01
7.637012539612531015e-02
4.832960015768905659e-02
2.308342318977507635e-02
6.213568950038661498e-04
-1.913518792274992997e-02
-3.631476139853684337e-02
-5.108003641008063145e-02
-6.361468447290608008e-02
-7.411287903199326177e-02
-8.277118957916029807e-02
-8.978255439890314715e-02
-9.533199598810576658e-02
-9.959375283310034632e-02
-1.027295301990831522e-01
-1.048876108982956246e-01
-1.062026080044669030e-01
-1.067956810777714871e-01
-1.067750733864860635e-01
-1.062368588289109850e-01
-1.052658135308951470e-01
-1.039363486442945739e-01
-1.023134581735722082e-01
-1.004536492847727946e-01
-9.840583309382497368e-02
-9.621216194371620678e-02
-9.390880515801791617e-02
-9.152665962435799218e-02
-8.909199467333608902e-02
-8.662703286540354708e-02
-8.415046971536851994e-02
-8.167793625751279540e-02
-7.922240882838538223e-02
-7.679457063213523949e-02
-7.440312964182363431e-02
-7.205509724165476415e-02
-6.975603178093478518e-02
-6.751025092443255216e-02
-6.532101637116441428e-02
-6.319069419490472295e-02
-6.112089374321372226e-02
-5.911258773093613916e-02
-5.716621587883335964e-02
-5.528177418562674195e-02
-5.345889168027759264e-02
-5.169689628284869498e-02
-4.999487120544152119e-02
-4.835170314850045781e-02
-4.676612339095899407e-02
-4.523674273357780606e-02
-4.376208113215349083e-02
-4.234059274887580493e-02
-4.097068705529119392e-02
-3.965074653706471275e-02
-3.837914147770343787e-02
