3.861508451459341740e-03
3.935035898189775949e-03
4.010592928590427098e-03
4.088253447201088686e-03
4.168094673606931311e-03
4.250197317228567029e-03
4.334645762610923880e-03
4.421528265901135402e-03
4.510937163285655416e-03
4.602969092167931431e-03
4.697725225975876717e-03
4.795311523519869834e-03
4.895838993902765224e-03
4.999423978053342543e-03
5.106188448048332162e-03
5.216260325452276581e-03
5.329773820015308583e-03
5.446869790177256976e-03
5.567696126904622678e-03
5.692408162545938011e-03
5.821169106480901523e-03
5.954150509507739886e-03
6.091532759031535738e-03
6.233505607325912079e-03
6.380268735229246979e-03
6.532032353944061676e-03
6.689017847670883365e-03
6.851458460161920228e-03
7.019600028425207472e-03
7.193701767060453611e-03
7.374037107077582864e-03
7.560894593211714421e-03
7.754578844174672692e-03
7.955411580540222571e-03
8.163732725412070623e-03
8.379901583280752186e-03
8.604298103084245808e-03
8.837324231720761203e-03
9.079405364923687216e-03
9.330991902740365385e-03
9.592560917587339420e-03
9.864617943185091664e-03
1.014769889344628584e-02
1.044237212094861755e-02
1.074924062521254164e-02
1.106894442162698056e-02
1.140216308272730406e-02
1.174961846384389719e-02
1.211207762599826598e-02
1.249035596962159989e-02
1.288532059277359976e-02
1.329789388849007825e-02
1.372905739581799234e-02
1.417985591939166512e-02
1.465140193238398392e-02
1.514488027681690219e-02
1.566155317483253206e-02
1.620276556275217217e-02
1.676995075760455423e-02
1.736463646287131346e-02
1.798845111561980792e-02
1.864313057169454668e-02
1.933052511763151682e-02
2.005260678796752516e-02
2.081147695330733127e-02
2.160937412750818520e-02
2.244868192032736798e-02
2.333193703397309915e-02
2.426183716608891483e-02
2.524124863660516527e-02
2.627321349836107822e-02
2.736095581872097227e-02
2.850788672789579536e-02
2.971760771387689515e-02
3.099391149829669456e-02
3.234077964387375992e-02
3.376237581296862023e-02
3.526303330598429264e-02
3.684723514186066806e-02
3.851958448199438445e-02
4.028476261898816801e-02
4.214747102056065620e-02
4.411235299991164704e-02
4.618388942601853175e-02
4.836626143058109228e-02
5.066317123512711906e-02
5.307760991675022910e-02
5.561155803479697624e-02
5.826560140708661462e-02
6.103843977305109525e-02
6.392626039631088553e-02
6.692194158301123519e-02
7.001404232604699351e-02
7.318552349774762322e-02
7.641213285255427090e-02
7.966037024340005823e-02
8.288493066676927423e-02
8.602550103582795593e-02
8.900276239868831762e-02
9.171342397813736502e-02
9.402409169183456594e-02
9.576375697069616777e-02
9.671469102308666299e-02
9.660156089429089432e-02
9.507867238125111697e-02
9.171543161102768682e-02
8.598046389220348473e-02
7.722542659031328416e-02
6.467052985852828062e-02
4.739530004361347526e-02
2.434037097212626843e-02
-5.670784279884433232e-03
-4.387729586765198864e-02
-9.147630778169513199e-02
-1.494479372647290472e-01
-2.182903651914376297e-01
-2.976562384378684811e-01
-3.859091254207238642e-01
-4.796696841148719859e-01
-5.734931632725137618e-01
-6.598894540755342319e-01
-7.299107229367463034e-01
-7.744204856742045173e-01
-7.858925308348760908e-01
-7.602545789431887080e-01
-6.981006561015403733e-01
-6.047459736937663699e-01
-4.890692841445380967e-01
-3.616012234130867586e-01
-2.325552473312455515e-01
-1.103679109830895122e-01
-9.804072156189835852e-04
9.221543845736213108e-02
1.680004631350822120e-01
2.267656673995084304e-01
2.699422607758519277e-01
2.995211909353031610e-01
3.176956718796959400e-01
3.266223456132475444e-01
3.282795648701741786e-01
3.243971210710683284e-01
3.164341394922244310e-01
3.055867027332201946e-01
2.928118388929260574e-01
2.788588586682858028e-01
2.643023690388581204e-01
2.495736803029507955e-01
2.349889314497911608e-01
2.207732810933828449e-01
2.070811198653797480e-01
1.940125913707536065e-01
1.816268626773950290e-01
1.699526317418270094e-01
1.589963448874341934e-01
1.487485523863840697e-01
1.391887726901908096e-01
1.302891765236717792e-01
1.220173465695036374e-01
1.143383194363583044e-01
1.072160748367095850e-01
1.006146022252755734e-01
9.449864689179565680e-02
8.883421480190120678e-02
8.358889744010250533e-02
7.873206370130081400e-02
7.423495476407260263e-02
7.007070924058436678e-02
6.621433921569364056e-02
6.264267264376088828e-02
5.933427362712351272e-02
5.626934908847189276e-02
5.342964805901939673e-02
5.079835806983545865e-02
4.836000182694502603e-02
4.610033637049795741e-02
4.400625618923756366e-02
4.206570122132291534e-02
4.026757027810190515e-02
3.860164014136843735e-02
3.705849038158848252e-02
3.562943380263783322e-02
3.430645232294521341e-02
3.308213804168513850e-02
3.194963920128304768e-02
3.090261073983466278e-02
2.993516912068622249e-02
2.904185113048313172e-02
2.821757634596439024e-02
2.745761298416360408e-02
2.675754686586540032e-02
2.611325324014440730e-02
2.552087123492918774e-02
2.497678071649012121e-02
2.447758135752214903e-02
2.402007372936815210e-02
2.360124224969184503e-02
2.321823983013338033e-02
2.286837408216091383e-02
2.254909495043799783e-02
2.225798365414327629e-02
