3.211445473746438184e-03
3.271862881836909431e-03
3.333723692880916079e-03
3.397071115827543508e-03
3.461949955041662697e-03
3.528406681284998458e-03
3.596489506331582153e-03
3.666248461376975243e-03
3.737735479472759081e-03
3.811004482184507380e-03
3.886111470682990232e-03
3.963114621520977265e-03
4.042074387305430450e-03
4.123053602531012718e-03
4.206117594807240456e-03
4.291334301757987468e-03
4.378774393833176348e-03
4.468511403320066244e-03
4.560621859808364209e-03
4.655185432381428456e-03
4.752285078800044804e-03
4.852007201931005098e-03
4.954441813670260042e-03
5.059682706591211998e-03
5.167827633513658037e-03
5.278978495185465691e-03
5.393241536203324804e-03
5.510727549258132019e-03
5.631552087739133405e-03
5.755835686629531822e-03
5.883704091568436878e-03
6.015288495789125611e-03
6.150725784555208242e-03
6.290158786515384626e-03
6.433736531209890974e-03
6.581614511720096372e-03
6.733954951181966853e-03
6.890927071523389458e-03
7.052707362423873971e-03
7.219479848001628119e-03
7.391436348215166263e-03
7.568776731301837812e-03
7.751709152859068142e-03
7.940450276272145724e-03
8.135225468212145539e-03
8.336268961710996406e-03
8.543823977971168326e-03
8.758142796443116329e-03
8.979486760843952142e-03
9.208126206612710085e-03
9.444340292728767294e-03
9.688416717848619131e-03
9.940651297172531375e-03
1.020134737228903243e-02
1.047081502127060471e-02
1.074937003030845828e-02
1.103733258095423997e-02
1.133502559816212951e-02
1.164277269336580489e-02
1.196089562312983856e-02
1.228971116656905893e-02
1.262952730260970269e-02
1.298063853960648717e-02
1.334332021278601677e-02
1.371782151653284931e-02
1.410435697502322727e-02
1.450309597135997219e-02
1.491414984600709925e-02
1.533755593271254880e-02
1.577325771540892541e-02
1.622108005350091087e-02
1.668069812667213880e-02
1.715159838866521513e-02
1.763302939595791374e-02
1.812393991392761972e-02
1.862290125677847075e-02
1.912801050522588975e-02
1.963677128468188648e-02
2.014594954657596138e-02
2.065140386486027935e-02
2.114789399967249850e-02
2.162887901585262840e-02
2.208632828221167299e-02
2.251058596064840767e-02
2.289035125723651309e-02
2.321285841927976656e-02
2.346435228723581234e-02
2.363094084113225024e-02
2.369984677478746693e-02
2.366096608931063383e-02
2.350849098741684962e-02
2.324222501398454099e-02
2.286819398427639149e-02
2.239829464015385962e-02
2.184899746072442583e-02
2.123941146360021348e-02
2.058918584554318698e-02
1.991669881039752343e-02
1.923781173431685088e-02
1.856525367377211133e-02
1.790853943431987283e-02
1.727424977087671509e-02
1.666650120098464583e-02
1.608747180090282225e-02
1.553789835799007646e-02
1.501750220476140429e-02
1.452533013104867488e-02
1.406001370351470103e-02
1.361995832865776912e-02
1.320347582597149183e-02
1.280887370991735941e-02
1.243451249300393802e-02
1.207884008029153078e-02
1.174041021009047947e-02
1.141789010224536494e-02
1.111006104718757770e-02
1.081581457709966665e-02
1.053414604981255109e-02
1.026414688719527735e-02
1.000499628973662569e-02
9.755952954096772101e-03
9.516347116527268390e-03
9.285573106342884242e-03
9.063082501084812614e-03
8.848377914646640696e-03
8.641007411611140165e-03
8.440559518151341534e-03
8.246658787240276900e-03
8.058961870000019845e-03
7.877154043476178313e-03
7.700946146271508974e-03
7.530071876187524604e-03
7.364285407613746504e-03
7.203359290305799689e-03
7.047082595196402233e-03
6.895259276679402416e-03
6.747706724431992709e-03
6.604254481083371431e-03
6.464743105015893776e-03
6.329023160220756394e-03
6.196954317446157212e-03
6.068404552937917140e-03
5.943249432858177528e-03
5.821371473012690312e-03
5.702659564897211153e-03
5.587008460214981653e-03
5.474318307063519295e-03
5.364494231835992277e-03
5.257445961676820989e-03
5.153087482943172204e-03
5.051336731739880515e-03
4.952115313042973477e-03
4.855348245371482463e-03
4.760963728339021039e-03
4.668892930720550116e-03
4.579069796949358784e-03
4.491430870216653326e-03
4.405915130521798062e-03
4.322463846245391816e-03
4.241020437931189435e-03
4.161530353145537209e-03
4.083940951374001593e-03
4.008201398033359175e-03
3.934262566777507741e-03
3.862076949348744459e-03
3.791598572305140968e-03
3.722782920023814945e-03
3.655586863423404553e-03
3.589968593923506535e-03
3.525887562183499524e-03
3.463304421217103246e-03
3.402180973514995488e-03
3.342480121829791151e-03
3.284165823330201239e-03
3.227203046829774102e-03
3.171557732846844169e-03
3.117196756257045731e-03
3.064087891324729362e-03
3.012199778918353554e-03
2.961501895736032286e-03
2.911964525373081369e-03
2.863558731081863873e-03
2.816256330092956062e-03
2.770029869367557351e-03
2.724852602664723511e-03
2.680698468825112868e-03
2.637542071168411106e-03
2.595358657922319789e-03
2.554124103596053241e-03
2.513814891231411219e-03
2.474408095457888979e-03
2.435881366295647443e-03
2.398212913645253463e-03
2.361381492417422012e-03
2.325366388250024730e-03
2.290147403775172341e-03
2.255704845393530222e-03
2.222019510522518781e-03
2.189072675283496028e-03
2.156846082599431225e-03
