-5.841397490337824072e-03
-5.906539006133831871e-03
-5.972377425441988130e-03
-6.038913240909715707e-03
-6.106146322352068445e-03
-6.174075862236283463e-03
-6.242700316767157975e-03
-6.312017342182396629e-03
-6.382023725839292005e-03
-6.452715311626472383e-03
-6.524086919177052302e-03
-6.596132256343284483e-03
-6.668843824284009791e-03
-6.742212814495412987e-03
-6.816228997023221492e-03
-6.890880599011189878e-03
-6.966154172671740197e-03
-7.042034451634399117e-03
-7.118504194547486952e-03
-7.195544014655302911e-03
-7.273132193951453717e-03
-7.351244480333057885e-03
-7.429853866028401921e-03
-7.508930345331427114e-03
-7.588440649491989820e-03
-7.668347956312271396e-03
-7.748611571760377625e-03
-7.829186580526809047e-03
-7.910023462135901129e-03
-7.991067668767282139e-03
-8.072259160470940387e-03
-8.153531892939408499e-03
-8.234813252358613722e-03
-8.316023431165997515e-03
-8.397074737758497553e-03
-8.477870832256761968e-03
-8.558305879393657278e-03
-8.638263608425345019e-03
-8.717616268558325832e-03
-8.796223466848190897e-03
-8.873930873712354561e-03
-8.950568779146905740e-03
-9.025950480357425310e-03
-9.099870478781635352e-03
-9.172102461369374682e-03
-9.242397037332539256e-03
-9.310479197464471834e-03
-9.376045458292542323e-03
-9.438760647835497952e-03
-9.498254283386353691e-03
-9.554116484391278474e-03
-9.605893355146194468e-03
-9.653081762299953184e-03
-9.695123421158691190e-03
-9.731398192077050924e-03
-9.761216473835848673e-03
-9.783810564535144749e-03
-9.798324842088257380e-03
-9.803804595771375974e-03
-9.799183317386467307e-03
-9.783268235627362586e-03
-9.754723850385560446e-03
-9.712053195766262581e-03
-9.653576532435842461e-03
-9.577407143536664780e-03
-9.481423886370826670e-03
-9.363240138708761595e-03
-9.220168779829424066e-03
-9.049182871116334681e-03
-8.846871761537811185e-03
-8.609392456781161940e-03
-8.332416280481980131e-03
-8.011071153222137919e-03
-7.639880260262216227e-03
-7.212698523832716813e-03
-6.722649202768909982e-03
-6.162064182732462925e-03
-5.522433168998253095e-03
-4.794369115061564157e-03
-3.967599844190400349e-03
-3.030998903401221911e-03
-1.972672051168106178e-03
-7.801190264065671620e-04
5.595073313950094107e-04
2.059022052049941376e-03
3.730689520518665203e-03
5.585554223124872264e-03
7.632624967237516822e-03
9.877940468756757353e-03
1.232357534734560001e-02
1.496668044625204530e-02
1.779868255358502127e-02
2.080478542602545722e-02
2.396390526822278488e-02
2.724913215542840161e-02
3.062873584077033251e-02
3.406764311740564932e-02
3.752922702765540408e-02
4.097719035306199298e-02
4.437731383134305152e-02
4.769887546184395366e-02
5.091561789767160007e-02
5.400622413141251132e-02
5.695433546819467230e-02
5.974819553223695290e-02
6.238002511085294355e-02
6.484522846763823845e-02
6.714150988801190212e-02
6.926794724017856786e-02
7.122403211304501047e-02
7.300864427304540327e-02
7.461887710199532897e-02
7.604855842192978499e-02
7.728619378329933121e-02
7.831185018721434354e-02
7.909210437603797494e-02
7.957141369658837782e-02
7.965675782032743957e-02
7.918949011626477685e-02
7.789338558059172302e-02
7.528362390135974469e-02
7.054352688612887390e-02
6.254234144642741022e-02
5.065761117183982531e-02
3.670842682760763753e-02
2.458781568710058374e-02
1.631360268674558744e-02
1.128644981739773678e-02
8.300539115705871107e-03
6.486718323609697023e-03
5.339333327892853420e-03
4.577036427380595796e-03
4.041442876699066766e-03
3.640680801384854615e-03
3.319619281857824622e-03
3.044081091691311358e-03
2.792253747069164960e-03
2.549865832020395406e-03
2.307388732434523249e-03
2.058362582317507794e-03
1.798366013249091955e-03
1.524365693454238224e-03
1.234296163073717034e-03
9.267828800255534238e-04
6.009563807185258622e-04
2.563256127772056692e-04
-1.073095999060066918e-04
-4.899198025596560035e-04
-8.912892612675596404e-04
-1.311047013505699244e-03
-1.748689408951002722e-03
-2.203596754403659708e-03
-2.675045893458724566e-03
-3.162220021857273244e-03
-3.664216674967579745e-03
-4.180054568518401514e-03
-4.708679791137516946e-03
-5.248971713778159687e-03
-5.799748880976368648e-03
-6.359775071747363062e-03
-6.927765656655648918e-03
-7.502394327775621652e-03
-8.082300236685373285e-03
-8.666095540536180447e-03
-9.252373326254965252e-03
-9.839715857714759206e-03
-1.042670306956940476e-02
-1.101192121456404799e-02
-1.159397155843432808e-02
-1.217147900788708922e-02
-1.274310055285640675e-02
-1.330753340388623508e-02
-1.386352270924143780e-02
-1.440986874357911077e-02
-1.494543347066266438e-02
-1.546914639582597228e-02
-1.598000963942395811e-02
-1.647710217947446695e-02
-1.695958322957298939e-02
-1.742669473620298698e-02
-1.787776299720235731e-02
-1.831219941980315874e-02
-1.872950045185835244e-02
-1.912924673316614144e-02
-1.951110152507036510e-02
-1.987480848541743617e-02
-2.022018886254468850e-02
-2.054713818623960658e-02
-2.085562253567637553e-02
-2.114567446438261542e-02
-2.141738866054120061e-02
-2.167091741766820692e-02
-2.190646598617604357e-02
-2.212428787086467147e-02
-2.232468013319215128e-02
-2.250797875057406958e-02
-2.267455407816514751e-02
-2.282480645173110348e-02
-2.295916196359128886e-02
-2.307806843724550042e-02
