1.111130629986293705e-03
3.719180531214655912e-03
6.355408041249793402e-03
7.457272369145459892e-03
6.161939326537227771e-03
3.247754880527036966e-03
8.622926542124580412e-04
8.271707644938627564e-04
2.856986665231267368e-03
5.069333484391411182e-03
6.212099880727873016e-03
5.972373529073700220e-03
4.563751514692110552e-03
2.790761285959360467e-03
1.498821781785483580e-03
1.033391593719222698e-03
1.407820602339078086e-03
2.458822393132738000e-03
3.481453541790628659e-03
3.413266952576573914e-03
2.112513396956533940e-03
7.533404837910579084e-04
4.082263191296501463e-04
1.377085118659014586e-03
3.544970969096186697e-03
6.111913736634743723e-03
7.379642108240252324e-03
5.944478103192492313e-03
2.642144025058264841e-03
2.877013934403499767e-04
9.958008222598162523e-04
3.851613940542452773e-03
5.583421252586867091e-03
4.531560969779519291e-03
2.459944324093695824e-03
1.574483233827248582e-03
2.444419354307536194e-03
4.361491729986741520e-03
6.139417746023588703e-03
6.804301368152296421e-03
6.599509807907598391e-03
6.352169012078440202e-03
6.536777809132320732e-03
7.313843464237912428e-03
8.350808608912022729e-03
8.736161433510039598e-03
7.377116914149352972e-03
4.187840040956703272e-03
1.704018487105286080e-03
3.042986130068132174e-03
7.890993305319535939e-03
1.288632736338735790e-02
1.427474446082585210e-02
1.114755447954771800e-02
5.512974353377475198e-03
9.132715680122008642e-04
5.653843163394998896e-04
4.947015145127625982e-03
1.217016180650343574e-02
1.985630163869744891e-02
2.653850848484376468e-02
3.185985433000317057e-02
3.541984981854959247e-02
3.666056278516734851e-02
3.603195804812808073e-02
3.417216681118760008e-02
3.034840302258178316e-02
2.365130023437344783e-02
1.571314554793987184e-02
9.394517943859693326e-03
5.691206075232090392e-03
3.938542810122594613e-03
3.611789292186517834e-03
4.047889637515572278e-03
4.299824828007616298e-03
3.586841418195328094e-03
2.019492977893782779e-03
1.021097888993728348e-03
1.912144720213934234e-03
4.244945509304379888e-03
5.856223587025219043e-03
4.774122343422191293e-03
1.960316551764858337e-03
2.404773985253333478e-04
1.273389415259426659e-03
4.494363095369181653e-03
7.869465768031273095e-03
9.847771757798516601e-03
9.983173362186952005e-03
8.452196325631870788e-03
5.904220220260514643e-03
3.401375784782537017e-03
1.641789655666171365e-03
6.133919421668600691e-04
3.230622372656527541e-04
8.169987398384140429e-04
1.613574880312053502e-03
2.207029853415413100e-03
2.272986426580262277e-03
1.520860053984066746e-03
4.477741998009079276e-04
3.564692346610008139e-05
6.334852160557757385e-04
2.175400882017100926e-03
4.534414303987089473e-03
6.690718705822967793e-03
6.371422327158124226e-03
3.464472596595515735e-03
1.028454865541327239e-03
1.271686711487208295e-03
3.659926059418525199e-03
5.841386203412944102e-03
6.339052656306614492e-03
5.747242054278327988e-03
5.325982246422754536e-03
5.695727740866400601e-03
6.448187315200926313e-03
6.674416363810718386e-03
5.911073724053236833e-03
4.410219801780514322e-03
2.931213927574993598e-03
2.619473838782760463e-03
4.273325196283454461e-03
7.141473873604285878e-03
8.973651577064369403e-03
8.371416245640160569e-03
6.074527621628321439e-03
3.315580994560698817e-03
1.252850216024042418e-03
1.041833114383698515e-03
3.086969020184836612e-03
6.207061877591764712e-03
8.437288000223747489e-03
9.000770381619203203e-03
8.399088038342194737e-03
7.001353192333329908e-03
4.817118716808625051e-03
2.215049147671530570e-03
3.075386041395210658e-04
2.323305408924713762e-04
2.000068501486505779e-03
4.147400717610221117e-03
5.179845563547868723e-03
4.803913436477629147e-03
3.420758883758484234e-03
1.634566485621657310e-03
3.073343808420326965e-04
7.952820950024775846e-05
1.046149352486853631e-03
2.638165076608468308e-03
3.691073127445437460e-03
3.521278873046769075e-03
2.515480304023758051e-03
1.336098337337279177e-03
4.533943693605888567e-04
1.520159992922370936e-04
4.970964999512742129e-04
1.203765903343074909e-03
1.687223113691188256e-03
1.608047107482124798e-03
1.172333918779733296e-03
8.296458955768246709e-04
8.434122566968822645e-04
1.176027444733451733e-03
1.549160495539285550e-03
1.538910552408955489e-03
1.155914976161584147e-03
9.680376944117368137e-04
1.382375994779603667e-03
2.296803737278318297e-03
3.171386849968692648e-03
3.430578581908052226e-03
3.012601464873127140e-03
2.125052539085002003e-03
1.016697594212486074e-03
1.876221986006264774e-04
1.361335376864895494e-04
9.180250560230514799e-04
1.830303606803692718e-03
1.966153649948058912e-03
1.219679293258489530e-03
3.198935344257040707e-04
1.624791427268112122e-05
5.224828777975237988e-04
1.310906076292335434e-03
1.710522200390705676e-03
1.657493021920129024e-03
1.388041755088772339e-03
1.098073794769507125e-03
7.971032362533154829e-04
4.422916184455260571e-04
1.546743315683401295e-04
4.641631880559395486e-05
1.842427935582024827e-04
4.961620336900171091e-04
8.030153956390103992e-04
9.486269641937792284e-04
9.145521911229720574e-04
7.456849300405616384e-04
4.589805409774930537e-04
1.655629508610129586e-04
1.031883525582892190e-04
3.131869807931569969e-04
6.037447553700899623e-04
7.968498959018873720e-04
8.003924653150906341e-04
7.011023030600115448e-04
6.728861258172775302e-04
7.822375620788696391e-04
1.000531492958853241e-03
1.288693690618760573e-03
1.611553733633911594e-03
1.904906266403124000e-03
2.019391217736230676e-03
1.702967304162470927e-03
9.400204695210767104e-04
2.084664521499489712e-04
4.899890717924382195e-05
5.533867780959155023e-04
1.277128374276077999e-03
1.659777949538457711e-03
1.565746996715384944e-03
1.195901178778739291e-03
7.676868092414368362e-04
4.668318946792890042e-04
3.944854396015087068e-04
4.943513709647236447e-04
5.940729896379644184e-04
5.496326994319885488e-04
4.489366439537413904e-04
4.528680359247721512e-04
5.926080806788169278e-04
8.438873212855814519e-04
1.138905142884796395e-03
1.301684380852961799e-03
1.205646165576094823e-03
9.001308759819732271e-04
5.610048564999193122e-04
3.819797942919439136e-04
4.320435432254979063e-04
5.632064853899241240e-04
5.212588268694181258e-04
2.982402402274179454e-04
2.070508476179357105e-04
3.919831034907772451e-04
5.713205855612458117e-04
4.898773908138416826e-04
2.743385624257346756e-04
1.790080673685484072e-04
3.090357531721214432e-04
4.973285165636718349e-04
4.654087355640815953e-04
2.264701440480294641e-04
6.912912848008219966e-05
1.867461222790226319e-04
5.258176885382295079e-04
8.826780612772274544e-04
1.005542844542776969e-03
8.186231568661742238e-04
4.629018490738209010e-04
1.481801766275000413e-04
6.494700896519500083e-05
2.657311407863290542e-04
6.066239487979569042e-04
7.663019245455061738e-04
5.480055655560007490e-04
1.768802564971538394e-04
3.079530794778546877e-05
2.584314469101241891e-04
6.662782521490054170e-04
8.406833377186391336e-04
6.369158869130362279e-04
2.920137578390883965e-04
4.368765542736279813e-05
2.684858153372501164e-05
2.424413471411587329e-04
5.196751994954402825e-04
6.524658424649018443e-04
5.457728834520646829e-04
3.030479306577427384e-04
1.144354659700866377e-04
7.324290908759707199e-05
1.671425933335243005e-04
3.189417522268181556e-04
4.462291311773884227e-04
5.095298495160832317e-04
4.946822202996887336e-04
4.270070758811777244e-04
3.603232105447617593e-04
3.123090051976248633e-04
2.587702978359928113e-04
1.825015110958186685e-04
9.542032635407695956e-05
2.933134416660698485e-05
2.097155764217932997e-05
7.729966219951248899e-05
1.420486056117256505e-04
1.465285616391958073e-04
9.205370893618918004e-05
2.778672038764554733e-05
