2.009935879073055788e-07
7.631242319971706644e-07
1.582766485601058588e-06
2.496576734008115042e-06
3.287211823698379784e-06
3.731065885221000603e-06
3.665357126178602188e-06
3.061886950351152918e-06
2.088846494611344449e-06
1.072569889548894128e-06
3.189566792866580405e-07
9.866408747268433792e-09
2.173303165861365385e-07
9.138447756573120122e-07
2.024680352491780290e-06
3.514939684691245343e-06
5.356442913467400614e-06
7.331645259114388613e-06
8.955996422077015025e-06
9.714893661338993306e-06
9.433917236419266756e-06
8.450184142046656557e-06
7.349162811105904283e-06
6.493181912891118015e-06
5.911179796388818004e-06
5.483477535977340948e-06
5.054287317558155417e-06
4.490849093483990762e-06
3.735473788146882985e-06
2.812165319672414169e-06
1.812407883010051645e-06
8.892143884417995628e-07
2.341212958997194228e-07
7.750264421873485833e-09
2.618276362483217475e-07
9.501888176063338285e-07
1.989374317603300774e-06
3.303209659314933180e-06
4.806799040520613754e-06
6.398741058563847706e-06
8.083595980917490225e-06
9.904698376475931133e-06
1.176061012877723743e-05
1.359279530397267685e-05
1.559841990755688512e-05
1.810334189966597077e-05
2.126340597491480094e-05
2.476297774196650986e-05
2.794906642368442343e-05
3.056668363336940817e-05
3.296580507686113409e-05
3.529147436607444781e-05
3.730186068321683624e-05
3.888573435623638819e-05
3.977044281545458605e-05
3.937918487201079714e-05
3.749787989240523079e-05
3.448460390673859888e-05
3.083487683091998808e-05
2.694469012261703733e-05
2.313609851507338110e-05
1.960165415416053160e-05
1.632925145394501312e-05
1.326795284022035042e-05
1.047239434406874066e-05
7.988362887290013264e-06
5.775160220252719377e-06
3.817906706708494656e-06
2.220626971611006446e-06
1.108449088980447231e-06
5.263153145825454395e-07
4.855318836778610740e-07
1.050237400255392773e-06
2.330764903171463654e-06
4.410392985453270640e-06
7.268231186621865731e-06
1.067539757272208074e-05
1.423564625083671733e-05
1.768884687684025854e-05
2.086346375188657639e-05
2.328613297271334942e-05
2.438337395454516602e-05
2.410007607937035247e-05
2.288841526678726059e-05
2.114041989190400641e-05
1.903853116236332301e-05
1.687161166538605372e-05
1.499980504577444003e-05
1.358741401737819857e-05
1.259608099152697113e-05
1.192106629222290625e-05
1.156290692842074033e-05
1.158824647916182650e-05
1.169575486955309174e-05
1.104220082984556871e-05
9.056355443782137160e-06
6.239296069761510313e-06
3.546433431057472329e-06
1.593138786989269817e-06
7.619016635585484119e-07
1.348979038928659928e-06
3.468067561164688032e-06
7.224464711734529637e-06
1.297963914305750211e-05
2.127522411558271245e-05
3.188247891209082210e-05
4.286927782876488952e-05
5.189793192195061406e-05
5.812485890726300870e-05
6.156061272394872715e-05
6.184105732347248616e-05
5.892834015741424175e-05
5.394251949752864651e-05
4.835491655367502294e-05
4.294959614335441941e-05
3.777028713495316956e-05
3.266807774868149561e-05
2.781385419445197367e-05
2.358325934139527365e-05
2.014750989760837085e-05
1.731135665006210451e-05
1.472786630152368373e-05
1.225542865646631047e-05
9.894795843421071900e-06
7.724085475059167176e-06
6.046767946547608330e-06
5.239662696500190943e-06
5.576770630127714030e-06
7.272149342078179296e-06
1.049055658360250781e-05
1.528435567509689631e-05
2.160321896700844152e-05
2.951600413156829032e-05
3.970410739094070866e-05
5.359301636405873546e-05
7.263081728289744654e-05
9.731497576190096318e-05
1.265322876122239142e-04
1.577201050311930809e-04
1.867713420267570594e-04
2.084474944515769639e-04
2.199200632280182209e-04
2.231521328560240412e-04
2.227687839083134305e-04
2.212936871322723157e-04
2.178615276788665512e-04
2.123094214829613149e-04
2.058032443107194495e-04
1.976302113840362144e-04
1.843803260438335264e-04
1.636315450509651288e-04
1.379436694711661839e-04
1.122274360397758277e-04
8.929423420514365759e-05
6.961155681944043131e-05
5.277175249795342123e-05
3.831513712061781324e-05
2.628247708196256878e-05
1.789766626061744867e-05
1.517252534375310814e-05
1.990786347814355798e-05
3.348452096172852910e-05
5.776257896530853652e-05
9.596492824761992783e-05
1.499147294674619006e-04
2.154103751142797253e-04
2.853465179656337783e-04
3.581611102054526891e-04
4.390659726083166780e-04
5.335507232244534551e-04
6.420005500535959798e-04
7.657936046594900851e-04
9.185464759249976647e-04
1.115518764669724047e-03
1.355269144409107594e-03
1.628466806567337513e-03
1.916599775638706859e-03
2.165712767799666486e-03
2.307408538456556628e-03
2.310834252776395627e-03
2.188590370398649058e-03
1.982777653341460597e-03
1.729222934685898218e-03
1.420631305913419270e-03
1.069437100728964571e-03
7.461854113369455286e-04
5.088783051500980498e-04
3.752919830429976805e-04
3.433822774376522110e-04
4.010775307660223964e-04
5.297967308175992752e-04
7.233253038322308903e-04
9.694975341748707232e-04
1.258764342914023455e-03
1.601190096074178943e-03
2.024844716838727736e-03
2.578761945993894925e-03
3.351146761256550578e-03
4.432984643842310252e-03
5.784439594687827355e-03
7.118393007543778739e-03
8.060733175002868581e-03
8.511973927560615924e-03
8.670905149017704011e-03
8.676241476081109766e-03
8.481843265454262065e-03
8.146296086694232441e-03
7.883778636205773099e-03
7.840614841831431911e-03
8.092324072326548962e-03
8.738989165470490567e-03
9.882898248291051985e-03
1.160068865766374427e-02
1.387402630090003516e-02
1.641244539040551467e-02
1.873223682507874771e-02
2.048663498705580524e-02
2.156466774077317461e-02
2.185539742992834156e-02
2.123903088268312006e-02
1.992331007972000800e-02
1.838190307433935217e-02
1.694658030127446993e-02
1.559377888414311547e-02
1.425857770556694659e-02
1.315544568604941518e-02
1.234502223041899181e-02
1.139656713850611090e-02
9.905138199785270756e-03
7.968950961231560312e-03
6.039755441536787117e-03
4.598704132605162427e-03
3.862571280540003961e-03
3.748094023067027880e-03
4.059396911454529744e-03
4.617797148379475247e-03
5.261908351860191194e-03
5.820115558893413157e-03
6.113065611451523086e-03
5.958708491344593544e-03
5.233811737388318480e-03
4.004501946251821411e-03
2.629359483607670352e-03
1.673520907631027800e-03
1.641997228815453421e-03
2.757412399625194799e-03
4.919212576767504480e-03
7.874237686643914547e-03
1.130498906002829276e-02
1.459930405794706079e-02
1.677633639101135804e-02
1.713209880539043328e-02
1.569359440116530058e-02
1.304348690560823421e-02
1.002119899448431287e-02
7.223827636725970933e-03
4.827282940397376737e-03
2.870645556423160379e-03
1.420879319036377503e-03
5.008693782364146601e-04
8.821368194753826514e-05
1.596250352384366166e-04
6.981827350136485689e-04
1.683489864084175558e-03
3.036033265133541905e-03
4.604271812225262800e-03
6.259847191377941947e-03
7.970124118025750937e-03
9.692603128723539796e-03
1.119006717651474178e-02
1.217491474720174688e-02
1.270514553708740162e-02
1.317915912881661988e-02
1.383812766131563114e-02
1.451231070332502891e-02
1.496125316929594606e-02
1.517103417390376283e-02
1.517113958350061256e-02
1.491153092303523948e-02
1.446284687108665909e-02
1.410371444761903889e-02
1.404189664062083925e-02
1.412516280177986486e-02
1.405234096893727760e-02
1.374665179672849430e-02
1.320290528450004594e-02
1.234189649995115143e-02
1.124131770572074987e-02
1.019800436242550637e-02
9.393042323840621738e-03
8.746904431160539353e-03
8.140941290931003743e-03
7.513234722635982882e-03
6.790303235360650377e-03
5.880017461158191031e-03
4.707620687129517381e-03
3.327531531648381027e-03
1.975738735130457262e-03
8.996900255227495771e-04
2.273140845583197095e-04
