1.241494832410394841e-03
1.954055604980003708e-03
2.315239572008982900e-03
2.102893709424249157e-03
1.341537162395575354e-03
4.474409609810157495e-04
2.596281856193861896e-05
3.834749677330391788e-04
1.165897969328041385e-03
1.727393009884845140e-03
1.786257893349021356e-03
1.379865512993467234e-03
7.315576200163750225e-04
2.024571939192353954e-04
3.976966915662768283e-05
2.974233704901511465e-04
9.746433923502953456e-04
1.882343811283087448e-03
2.363532770052359771e-03
1.816251406161160974e-03
6.772676398216122013e-04
3.581222934331968058e-05
3.863146820520970532e-04
1.639146221360060669e-03
3.488786288707753248e-03
5.180164728698674441e-03
5.582949038462688141e-03
4.177186096656216284e-03
2.002539991656683647e-03
8.661493169642149430e-04
1.581755589023908868e-03
3.182358365648703304e-03
3.954529903603758688e-03
3.491757948557024441e-03
2.877239040712537693e-03
2.907163515377674066e-03
3.471692899737185110e-03
4.095963454883290097e-03
4.326755129354133145e-03
4.105184116657040368e-03
4.111933773423905557e-03
5.025664730373077121e-03
6.717007025675611476e-03
8.259184494122016884e-03
8.708027763882086186e-03
7.580687452506887011e-03
4.926880018646728060e-03
1.892809238279488226e-03
9.825872108570501799e-04
3.505022356780137550e-03
7.810486464088908093e-03
1.097209427133162378e-02
1.075495576074852327e-02
7.435789896015629688e-03
3.077869464384925483e-03
2.748380316398763338e-04
8.729635929519479962e-04
4.699255163856505893e-03
1.022068518552443628e-02
1.583026511966946492e-02
2.065346837681991676e-02
2.454341586230315841e-02
2.719304577379552321e-02
2.811543399743319030e-02
2.760081382778704212e-02
2.613184304885426273e-02
2.319430093994319722e-02
1.815591584396599595e-02
1.227852202891145314e-02
7.712823349744853466e-03
5.199699757594268036e-03
4.184148318926637217e-03
4.205970110918557173e-03
4.591335156214645594e-03
4.400803267459385375e-03
3.127610748875072049e-03
1.361641500995543685e-03
7.358854641307648872e-04
2.164680025507620745e-03
4.639195441097632849e-03
5.818564134873702512e-03
4.181168603271327722e-03
1.313324129103366714e-03
8.537124191245466071e-05
1.686716338617213259e-03
5.042261545453102962e-03
7.991303565695329070e-03
9.269009299628814744e-03
8.790071117903084860e-03
6.981702526677773663e-03
4.565193744191417199e-03
2.449247956211032980e-03
1.124524828882929100e-03
5.178295290314216754e-04
5.343937048967436002e-04
1.004206361619348941e-03
1.507181492297612847e-03
1.781377817937436318e-03
1.652772320186484583e-03
9.756000759683321807e-04
2.366905149610251690e-04
1.711746121264499628e-04
9.468356487377617902e-04
2.441064969043208691e-03
4.466775162352548158e-03
5.988317339917998208e-03
5.133980285810063778e-03
2.378065060170257618e-03
6.854004615286612805e-04
1.615082244983984811e-03
4.024866705682369518e-03
5.502684290257846278e-03
5.127649196236656881e-03
4.045784131664717509e-03
3.708534801667091527e-03
4.619675131773193222e-03
6.013352178752054411e-03
6.581899238945558214e-03
5.737868707244422016e-03
3.898531197021358214e-03
2.093023784321672125e-03
1.677485316038572309e-03
3.408668546138415856e-03
6.307845796474279183e-03
8.011630756509392076e-03
7.224049694328823351e-03
4.845341582225342128e-03
2.222388215666737128e-03
5.199450916702250776e-04
6.904664394400424456e-04
2.782595109762535553e-03
5.441931025829458909e-03
6.951356655469993935e-03
6.905386483609950166e-03
5.960774934382941093e-03
4.565102514604197498e-03
2.845190100659325105e-03
1.124191166260887298e-03
9.217700848133947300e-05
3.087755343251861583e-04
1.565390427002741596e-03
2.847596418104033581e-03
3.306988310066582074e-03
2.889282605598871359e-03
1.916780663235354530e-03
8.031898532311642670e-04
8.591977329950204411e-05
1.193121764333260641e-04
8.841629685368300245e-04
1.916519049116794391e-03
2.435960966716937438e-03
2.123998996408580850e-03
1.381942933493363057e-03
6.984274206132542410e-04
3.457183846674015686e-04
3.958342876325532649e-04
7.314718721536630141e-04
1.062473426477541409e-03
1.126797308507848086e-03
9.822993354060419787e-04
8.755067143259339778e-04
9.382489429242885960e-04
1.142990709581057085e-03
1.394786925319682711e-03
1.466187039139717598e-03
1.133168601302019180e-03
6.886965938699913040e-04
7.129450876301346874e-04
1.388709440645422618e-03
2.413899663071138527e-03
3.176098452963937221e-03
3.184213742267448435e-03
2.536096969437281589e-03
1.559638408473027447e-03
5.747770335716628678e-04
2.628864823119644590e-05
2.222551329590130814e-04
1.005661672234469620e-03
1.650958113129897490e-03
1.526389710253602634e-03
7.972651195350646987e-04
1.616143276630876090e-04
1.186590596700428090e-04
6.391010440589992795e-04
1.177894743983849213e-03
1.315660615702269297e-03
1.154411944019282819e-03
9.169570907391129833e-04
7.216997752406001387e-04
5.396470495910162760e-04
3.144166477551780885e-04
1.292211788963841177e-04
8.263232945891992086e-05
2.250387035868180890e-04
4.717191867377570945e-04
6.522155305094913058e-04
6.510377141578159270e-04
4.974306537880497257e-04
2.813558232366782140e-04
9.226211018545427188e-05
4.763808784755249517e-05
1.704928137653011634e-04
3.020899029866998048e-04
3.248281673925227362e-04
2.571654032716544141e-04
1.843477570244904460e-04
1.989258286971503135e-04
3.201007327649915083e-04
5.002709179829807878e-04
6.789353951402656451e-04
8.282012638882638687e-04
9.400963253227445117e-04
9.934867228451236230e-04
9.311496907443437068e-04
6.749356678663164921e-04
2.902664259940500010e-04
3.133564789195540114e-05
8.901791867421264852e-05
3.997376993888082045e-04
6.891987816309119285e-04
7.365936736371853262e-04
5.758436384073619503e-04
3.630238765267679670e-04
2.143342357467531716e-04
1.813573891638229306e-04
2.482531566933731575e-04
3.511606431068293381e-04
3.827095653835936324e-04
2.879961409968730839e-04
1.831324385313030890e-04
1.890690718163478873e-04
3.012556348665951147e-04
4.902521808137503059e-04
7.304858080728138595e-04
9.354245205948487178e-04
1.025618016828713178e-03
9.973091902823773541e-04
8.921662652076879597e-04
7.510011965629237625e-04
5.750286201545981362e-04
3.582467864985515059e-04
1.790706061776400980e-04
1.923357030227393555e-04
4.096324925244642441e-04
5.776862645732784313e-04
4.596783425200438888e-04
1.814788701843168014e-04
4.831282499201297164e-05
2.034464326641662437e-04
5.345668799446088139e-04
6.895804366771937210e-04
4.577590665395259162e-04
1.031609730239577610e-04
1.902703959907824072e-05
2.936904917883601863e-04
7.522596152664504402e-04
1.143008925854120629e-03
1.233045482906324408e-03
1.025997875604656552e-03
7.337949642267965669e-04
5.698741946091675928e-04
6.631487199925273097e-04
9.767758370982154367e-04
1.255304722118649437e-03
1.135789073189269645e-03
6.059890423831471506e-04
1.600301733831256982e-04
2.534063350328387854e-04
8.987650256859329185e-04
1.611578224542599587e-03
1.716840008709165626e-03
1.165786783655333152e-03
4.809310107797253996e-04
5.323033081715441533e-05
7.521609452260073097e-05
5.281173576349679037e-04
1.114670268303139368e-03
1.457874221467716624e-03
1.321366145470993141e-03
8.213234556895856716e-04
3.132640925912594763e-04
3.977318446824744689e-05
8.278223705637863109e-05
4.089040327471647079e-04
8.635798709173837361e-04
1.256078689455873351e-03
1.404345292372567982e-03
1.276849598978874786e-03
1.040837299854755578e-03
8.210671433730938650e-04
6.202329062800623558e-04
4.338942886936095352e-04
2.800556936015634736e-04
1.726629357020879364e-04
1.182923631574677733e-04
1.145643938098501503e-04
1.495431104241734684e-04
2.113141673258430852e-04
2.971084140704854481e-04
3.995978223189649995e-04
2.071572462518305735e-01
