1.961640721173503140e-05
7.883110120855629733e-05
1.786980239245673807e-04
3.207265792486798024e-04
5.064180865368766386e-04
7.366480414070840452e-04
1.011031713371153724e-03
1.327437896563631817e-03
1.681800852676645875e-03
2.068325765461408866e-03
2.480100321309365238e-03
2.910033347885922564e-03
3.351962360119946013e-03
3.801724389907816786e-03
4.257980460257979917e-03
4.722625238195368204e-03
5.200690807653788467e-03
5.699749508589306568e-03
6.228913257148699020e-03
6.797594462260244524e-03
7.414221590285042553e-03
8.085085761858628803e-03
8.813440253527145968e-03
9.598899236540867769e-03
1.043710808051291107e-02
1.131960728494145127e-02
1.223380102642042042e-02
1.316297316764428703e-02
1.408635840295078406e-02
1.497935214352596502e-02
1.581400148448791967e-02
1.655993445653070051e-02
1.718583918498580235e-02
1.766149874133439435e-02
1.796024081827955407e-02
1.806150971117224252e-02
1.795315547380489998e-02
1.763300197212227041e-02
1.710932628528447075e-02
1.640005535911310749e-02
1.553073198047467268e-02
1.453156676258992794e-02
1.343410975856072949e-02
1.226818381630698923e-02
1.105968428166806405e-02
9.829664652622941909e-03
8.594833492153085286e-03
7.369254476078962272e-03
6.166753105283092652e-03
5.003365209716847256e-03
3.899157324952523540e-03
2.878905672881427839e-03
1.971391987782481967e-03
1.207383123678241283e-03
6.166236143753537138e-04
2.243238983913612631e-04
4.765118803071047640e-05
9.265122869852339394e-05
3.519077426944550255e-04
8.031493119896733176e-04
1.408983217116990989e-03
2.117966903509654886e-03
2.867263772441623788e-03
3.587084274881774393e-03
4.206909316297651261e-03
4.663109362886068768e-03
4.907073594910877148e-03
4.912497896146963972e-03
4.680242766398515220e-03
4.239332721518350444e-03
3.643296593174666798e-03
2.962057328609288796e-03
2.270725381649504881e-03
1.637585986727978617e-03
1.113960731917870923e-03
7.282659934023110078e-04
4.855136812762300084e-04
3.719853855420488854e-04
3.633242166647745477e-04
4.333277828275456322e-04
5.606429616710521206e-04
7.314208909501927324e-04
9.375154638549706944e-04
1.171470375254021192e-03
1.420736545319993072e-03
1.663845878650066718e-03
1.870524122536061304e-03
2.006229068646961811e-03
2.039915361146023461e-03
1.952590458920707350e-03
1.743892527169205349e-03
1.434580505475974849e-03
1.064175353470378721e-03
6.844707450207669326e-04
3.506774351670512418e-04
1.122567205381699320e-04
5.084716124364638619e-06
4.583790423561403339e-05
2.288728025508303713e-04
5.256957699636969272e-04
8.873441100896765042e-04
1.250252612609023930e-03
1.545966548161580544e-03
1.714090872760042766e-03
1.716303222065309253e-03
1.547764535326006914e-03
1.241734531558154895e-03
8.643252778232338087e-04
4.991350873431239961e-04
2.251828002551219208e-04
9.466426040347959573e-05
1.180845526186612566e-04
2.624553392447061457e-04
4.638412442120164333e-04
6.501481290699881194e-04
7.658693752796349183e-04
7.894500382176328603e-04
7.366921929370659006e-04
6.492583718947404769e-04
5.735283639496153605e-04
5.391257103245666350e-04
5.464780065120010974e-04
5.686788537808009194e-04
5.664431268899393357e-04
5.090065136399771206e-04
3.911515673920129945e-04
2.384023609339708878e-04
9.795965654789022059e-05
1.954537302075868069e-05
3.487315645962481368e-05
1.448411883924922441e-04
3.196706726893337410e-04
5.110790449334969227e-04
6.702386110832860532e-04
7.633007576498664157e-04
7.784417731564058102e-04
7.233201086065194551e-04
6.167408499303375429e-04
4.805396948301020798e-04
3.361516326954897232e-04
2.061338743502283953e-04
1.167545317647240112e-04
9.636056791391576994e-05
1.667374157255700436e-04
3.298322543942878711e-04
5.569756276294405249e-04
7.888906733260948488e-04
9.508728827870156471e-04
9.799402577890298140e-04
8.532677284386299462e-04
6.041296874977090600e-04
3.153374029385890226e-04
8.979246109645451274e-05
8.995774209460783653e-06
9.751037296763693802e-05
3.103466425425535874e-04
5.507318408789304469e-04
7.117819799682453125e-04
7.238373221213586280e-04
5.856393939426895534e-04
3.643616427371829786e-04
1.638969465010822811e-04
7.597365122892581928e-05
1.371704099493724252e-04
3.123483138026570891e-04
5.124189298853319826e-04
6.377590592263558114e-04
6.261279420169791558e-04
4.818511754530155518e-04
2.724011099333075434e-04
9.467900678016347290e-05
2.819358889421913112e-05
9.846777239234769010e-05
2.683551107894277771e-04
4.604714005538822208e-04
5.981046565459082615e-04
6.428947663812209371e-04
6.098933974431979509e-04
5.530308265692478707e-04
5.299712577098436572e-04
5.664017613083252058e-04
6.400663487559658457e-04
6.940698403701114558e-04
6.727426897836149286e-04
5.602967563800603139e-04
3.997676876441571474e-04
2.792188507726450645e-04
2.893511046312004882e-04
4.727529223078516226e-04
7.914481596142506790e-04
1.132209817400677866e-03
1.351220473476496056e-03
1.339622678421022867e-03
1.079377856473174354e-03
6.611988016085464624e-04
2.527763532362970584e-04
2.872557071626908454e-05
9.265246297241987519e-05
4.271378808785244877e-04
8.961112536011382442e-04
1.300800772289821897e-03
1.465776543840504546e-03
1.317054450122344140e-03
9.168218475350303938e-04
4.382498048950018163e-04
9.066403580392746130e-05
2.789313046404385364e-05
2.805595244938517739e-04
7.426781577232957751e-04
1.218767137278414054e-03
1.510604526721629230e-03
1.504976120021549006e-03
1.223264401054766385e-03
8.107622560791083585e-04
4.705306885811691171e-04
3.714204524911575173e-04
5.714871128706028097e-04
9.912842716005415816e-04
1.449405593969774371e-03
1.744932931690944700e-03
1.750356337447602417e-03
1.473368187077895566e-03
1.059044432186531876e-03
7.297100560428977038e-04
6.871451033456099644e-04
1.018914986075040085e-03
1.650034818518474012e-03
2.362932423533042284e-03
2.880258934184684160e-03
2.978321447073159229e-03
2.584976062904538897e-03
1.820675982427635235e-03
9.632951578458886751e-04
3.476607240393940479e-04
2.373108920089809647e-04
7.181687545378950951e-04
1.656587381232657152e-03
2.740210954010342381e-03
3.588508631315930324e-03
3.892823758128098610e-03
3.533739854008621350e-03
2.631174363718128111e-03
1.507095737899729563e-03
5.730005985470521413e-04
1.822971842277928988e-04
5.011452113182517836e-04
1.445152905520955423e-03
2.705860263006698921e-03
3.858658476203465169e-03
4.514354991427332528e-03
4.460549844842033422e-03
3.742059911181250947e-03
2.650726152219990035e-03
1.626638583995685056e-03
1.104022368203376719e-03
1.354883355426930377e-03
2.385122696416316045e-03
3.920596020091053971e-03
5.490335667506405885e-03
6.581086872947308937e-03
6.812561935261187036e-03
6.074722075567290554e-03
4.579753656071750521e-03
2.808604458953945296e-03
1.366195256055951785e-03
7.896330648288934270e-04
1.370122687605196616e-03
3.046412952359488658e-03
5.406237833570946144e-03
7.798889009387287644e-03
9.527131909602408466e-03
1.006104692546300541e-02
9.208114485685760589e-03
7.185739616634461389e-03
4.571052054243247842e-03
2.139714814119712642e-03
6.395465231610539258e-04
5.656746925536300635e-04
2.005187172210202550e-03
4.600124071159537170e-03
7.643478670476436081e-03
1.028350244938656954e-02
1.177856831588061301e-02
1.172800885697142248e-02
1.020903572902902984e-02
7.775230516997799768e-03
5.311329334021471123e-03
3.781097138653534591e-03
3.937904406200673675e-03
6.081413516256637189e-03
9.933956130171143692e-03
1.467873975638982198e-02
1.915718368308419114e-02
2.217675517692322892e-02
2.284670471632221575e-02
2.084723261232528796e-02
1.655215360202291069e-02
1.096307594223435919e-02
5.464758617834936105e-03
1.462642539675816731e-03
