2.397928911191108856e-04
9.496145852756925944e-04
2.098760372889499088e-03
3.632606686400016716e-03
5.471696659609820608e-03
7.513767821069322964e-03
9.639270952187329114e-03
1.172018653266750435e-02
1.363117665352801995e-02
1.526150224059112659e-02
1.652583569429524543e-02
1.737218283739918115e-02
1.778558237662998184e-02
1.778698009159027441e-02
1.742752410282556036e-02
1.677931995517863498e-02
1.592426045458887260e-02
1.494279724497976983e-02
1.390441338901084352e-02
1.286112933053669069e-02
1.184473239758095792e-02
1.086770354639897233e-02
9.927170363988447807e-03
9.010762199473070291e-03
8.103051967963776844e-03
7.191349726140749618e-03
6.269918559827476236e-03
5.342124884805036708e-03
4.420505481858666604e-03
3.525131412966226244e-03
2.680901136023406805e-03
1.914469379963173144e-03
1.251426139443772645e-03
7.141293273867982058e-04
3.203343723638609635e-04
8.252641871819343456e-05
7.703262778112407921e-06
9.731023177030372940e-05
3.470904736892550693e-04
7.467554174161073095e-04
1.279551437300566284e-03
1.921945834301990114e-03
2.643732915930435429e-03
3.408844060242934623e-03
4.177034679401904135e-03
4.906441205530916172e-03
5.556795766582790959e-03
6.092905291015219757e-03
6.487890409683836832e-03
6.725666998912523814e-03
6.802246457006650912e-03
6.725613103287455923e-03
6.514172167609737218e-03
6.194002250026636215e-03
5.795343805838000170e-03
5.348871791742129157e-03
4.882315278437545508e-03
4.417900061172450564e-03
3.970922864657697865e-03
3.549553509234282776e-03
3.155747188680004759e-03
2.786973400646250865e-03
2.438361295635545559e-03
2.104837651716794707e-03
1.782890070312744425e-03
1.471705412858586529e-03
1.173582551529061407e-03
8.936662519019351750e-04
6.391661476404697680e-04
4.182914889753305463e-04
2.391416400174012520e-04
1.087502681132311480e-04
3.240445189351549686e-05
1.327103257161936591e-05
5.228420001690131929e-05
1.481983247887977916e-04
2.976975185940180764e-04
4.954772726062195258e-04
7.342635397791276181e-04
1.004794398251027685e-03
1.295840729643011084e-03
1.594369656386466008e-03
1.885948748624843461e-03
2.155449739472522098e-03
2.388045802917437496e-03
2.570421148138451843e-03
2.692043771311632486e-03
2.746308720303981647e-03
2.731352305589403000e-03
2.650371729498330990e-03
2.511355137293727439e-03
2.326221596379515061e-03
2.109470968980448405e-03
1.876530292846949983e-03
1.642038729590175779e-03
1.418325986441012218e-03
1.214306344492159691e-03
1.034938024779489011e-03
8.812993703403175418e-04
7.512279711499109591e-04
6.403763336403050632e-04
5.434750859375531585e-04
4.555728865541771927e-04
3.730437571988484214e-04
2.942114507620917753e-04
2.195234540501306969e-04
1.512967536080416756e-04
9.313540583761267008e-05
4.917126813342101855e-05
2.329519449679446323e-05
1.852568220301463277e-05
3.661231562979787958e-05
7.790543736684362255e-05
1.414574113621963386e-04
2.252701610242533283e-04
3.265797963410543153e-04
4.420768380835771606e-04
5.679968091007474209e-04
7.000707513570294475e-04
8.333837853404817055e-04
9.622361475647267081e-04
1.080121802122205755e-03
1.179927238837509334e-03
1.254407966325503691e-03
1.296931288781231865e-03
1.302396650244821031e-03
1.268177895351790645e-03
1.194893056362967719e-03
1.086809339578209081e-03
9.517379036132747258e-04
8.003587315308306315e-04
6.450248761801910188e-04
4.982054965405716173e-04
3.708142694942250222e-04
2.707131077827045363e-04
2.016679804568622021e-04
1.629629066902703381e-04
1.497612861242981824e-04
1.541627819805537207e-04
1.667675691133871515e-04
1.784569396068624901e-04
1.820531170850008202e-04
1.735434036476491478e-04
1.526417171641426785e-04
1.225969088441366574e-04
8.931346855294845148e-05
5.999253027988400651e-05
4.159784315667070474e-05
3.948037876331393409e-05
5.644918681493603970e-05
9.246478322577636401e-05
1.449800065457692818e-04
2.097972608576998722e-04
2.821878410803189854e-04
3.579593267945749410e-04
4.341771157231062283e-04
5.093432918195196042e-04
5.829881457645732590e-04
6.547998908528131386e-04
7.235629997776628613e-04
7.862555481934577770e-04
8.376453939617294845e-04
8.706196715391722454e-04
8.773015559535189342e-04
8.507929083901831242e-04
7.871838479608466149e-04
6.873431630080525673e-04
5.579863992059776352e-04
4.116271019723358703e-04
2.652368704161049348e-04
1.377285617191812263e-04
4.667039438184834442e-05
4.866164990992517151e-06
1.753737210423421693e-05
8.078109402277767993e-05
1.817533281235050033e-04
3.006802636814148656e-04
4.144011255401387826e-04
5.007850343378380305e-04
5.431277389388946848e-04
5.335858165799884636e-04
4.748696348908591747e-04
3.797671389507559963e-04
2.685376315136476437e-04
1.646954705915056722e-04
9.008591703853454833e-05
6.034402430590633776e-05
8.176812665975518755e-05
1.503342792373136790e-04
2.530884518411035409e-04
3.715889302810966837e-04
4.865660067495367102e-04
5.826463613925250955e-04
6.519436470853652056e-04
6.955700502541513819e-04
7.226284287422989408e-04
7.468876592873292721e-04
7.819698886369570766e-04
8.363264995801780906e-04
9.094229604816988491e-04
9.903329256511755191e-04
1.059388633981242587e-03
1.092764521006679397e-03
1.069064942619637722e-03
9.763495025394744974e-04
8.177390772697152015e-04
6.139075631754235211e-04
4.013785081497396579e-04
2.264980043422278565e-04
1.360365890887359317e-04
1.663241052675011253e-04
3.333932612177938938e-04
6.266236352694213576e-04
1.007784328165977315e-03
1.416262519947495595e-03
1.779863925164190935e-03
2.029196441010342432e-03
2.112635985738667635e-03
2.008497449567446351e-03
1.731433720703240463e-03
1.331223462325237424e-03
8.837630322231696369e-04
4.758873690279564464e-04
1.871833152975845363e-04
7.283762889725220793e-05
1.515260522049056264e-04
4.013505510178266063e-04
7.650527151893654187e-04
1.163558804759027947e-03
1.514854051389982054e-03
1.753753015335396837e-03
1.847719481196325245e-03
1.804656983643630709e-03
1.670420037170803479e-03
1.516294415071187552e-03
1.419276809621215687e-03
1.440003768785885676e-03
1.604087796588731961e-03
1.892107446957693373e-03
2.241597055250770226e-03
2.561473175512277763e-03
2.756085387708704249e-03
2.753292861451920280e-03
2.529394258660522601e-03
2.123878998116250725e-03
1.638931048591276774e-03
1.222058987061222513e-03
1.034403260888194006e-03
1.211191819162901057e-03
1.823468733563456687e-03
2.850830342706952604e-03
4.173138951653613399e-03
5.585278702180108273e-03
6.833757022702064386e-03
7.668523821975135532e-03
7.899103329439169721e-03
7.442155391662114844e-03
6.348573164874048158e-03
4.802173262969281625e-03
3.088205365899553394e-03
1.536962724627450282e-03
4.540583956271148042e-04
5.285815889261571358e-05
4.050079951704399581e-04
1.421614425309787252e-03
2.870998598085242395e-03
4.430459203642415737e-03
5.761106510189321558e-03
6.588637031085291945e-03
6.770573366577527230e-03
6.332823638089414217e-03
5.465141487864502018e-03
4.474799264382670061e-03
3.708287244752458967e-03
3.459537701591471059e-03
3.887736213879575652e-03
4.966788156446243739e-03
6.481815638210610374e-03
8.076954717811309428e-03
9.345698072100361645e-03
9.943249695227069848e-03
9.692917434190781098e-03
8.657701263257499419e-03
7.154690336623426190e-03
5.702621277288418521e-03
4.909267035900180542e-03
5.321393242315641293e-03
7.271761835673357620e-03
1.076175721438304457e-02
1.541297982997986461e-02
2.050711258323189082e-02
2.511327384325866968e-02
2.828041615790830368e-02
2.925435168887526374e-02
2.766943173908388218e-02
2.366681649864302989e-02
1.790508444221864184e-02
1.145218513569048503e-02
5.575453088645493036e-03
1.472115961502297888e-03
