2.580675376329390441e-05
8.445355736691183301e-05
1.383277783519456594e-04
1.515830228845004490e-04
1.132517811682082480e-04
5.441946512898229499e-05
2.608295768317404399e-05
4.895525463256973734e-05
9.058220526942796871e-05
1.119234370981172009e-04
1.133380242724942028e-04
1.119705749579671689e-04
1.146868866664706253e-04
1.170608348261476580e-04
1.161605421833840579e-04
1.163643740365672211e-04
1.195638287034383980e-04
1.203657266472240987e-04
1.161258741117728900e-04
1.108193440653869913e-04
1.040697016429140940e-04
9.648345529857816759e-05
1.026278098347083991e-04
1.418344531912554894e-04
2.232156677262425129e-04
3.255088103337734043e-04
3.809477186692865943e-04
3.172373434569399162e-04
1.556508477141873008e-04
3.036826361949619837e-05
7.004378085612145534e-05
2.441285647909555178e-04
3.532094817430075180e-04
2.673037612004802374e-04
9.260306217825612252e-05
3.409659773976584331e-06
7.630895614601753340e-05
2.794548132785308354e-04
5.124045368759289629e-04
6.456204476753028224e-04
6.275400269325091731e-04
4.757735482489200310e-04
2.448215994382271841e-04
7.695536635277598050e-05
8.848120470220632568e-05
2.521773046937172188e-04
4.177657994137425686e-04
4.018928089970973875e-04
1.926743861116244629e-04
3.846837015343555668e-05
1.246297689740731270e-04
3.714557361431044006e-04
5.465364021114006276e-04
4.991994864236163135e-04
2.710420940036748915e-04
4.747693818759288491e-05
2.027822078628264971e-05
2.137110600549733377e-04
4.983193656617315769e-04
7.250897195411152175e-04
8.279999062128730238e-04
8.348388675063112170e-04
8.077330674379340752e-04
8.099776801932722856e-04
8.910879838841059570e-04
1.044854113151208463e-03
1.170720807191853816e-03
1.117861110752313729e-03
8.638959160210653646e-04
5.523395498781853014e-04
3.032797252286671534e-04
1.462642700944219334e-04
1.123874392960377041e-04
2.273560766954379878e-04
4.655609943168054947e-04
6.867198199643689957e-04
6.758487899260750154e-04
3.850274282792879818e-04
7.315416104240761083e-05
2.430445208734585406e-05
2.831665486119343701e-04
5.746048360462391183e-04
5.850081848210221275e-04
3.307350651623927043e-04
6.698230785156748378e-05
2.892995535306093992e-05
2.447059545322294175e-04
5.475085598860923936e-04
7.448625211872844090e-04
7.227252687142392447e-04
4.993698054176848528e-04
2.257416759575773526e-04
5.159896966178789912e-05
4.395771594269837500e-05
1.871405390984110678e-04
2.905487791254357825e-04
2.128661335271964117e-04
6.762752462099501046e-05
2.718612214817454293e-06
7.760272510019876292e-05
2.118628714088907367e-04
2.869653866365117888e-04
2.897904213470523568e-04
2.656789704998185160e-04
2.437633555171915632e-04
2.115962395706194577e-04
1.508993200015568484e-04
8.985845013232097664e-05
7.476297117840951590e-05
1.214026096587714654e-04
2.079852116659393281e-04
2.825534477522387723e-04
3.024429514075489779e-04
2.611354951236433781e-04
1.757893942157039515e-04
8.430896285936060859e-05
4.619128264923339682e-05
1.045977086388492081e-04
2.431595908824680434e-04
3.937300068330919396e-04
4.588553272287862602e-04
3.629179871643791930e-04
1.595030386547334608e-04
1.100594606912358897e-05
4.640423041636723169e-05
2.361084248488473289e-04
4.462034100483454270e-04
5.571011089083478937e-04
4.938101889576137875e-04
2.772145212647035128e-04
6.324672366867699564e-05
3.571183781089860344e-05
2.147596833104054048e-04
4.587649172509443212e-04
6.367113966181011915e-04
6.715779803007772102e-04
5.196473696697671623e-04
2.369669168946477388e-04
2.047320792224312182e-05
5.676280864363787324e-05
3.020835872165027192e-04
4.877121457700939753e-04
4.400780781349288625e-04
2.422161116359070748e-04
7.450539671444576426e-05
6.623229868224695706e-05
2.159634714263148746e-04
4.016242863050697152e-04
4.802069115833216889e-04
3.826140885888802429e-04
2.094853693423546375e-04
1.548120351301326026e-04
2.765074085578860365e-04
4.787192022248499385e-04
6.245852334811548582e-04
6.262398569385526758e-04
4.988023310754541740e-04
3.601947914578626682e-04
3.435789354544239202e-04
4.351228261909424549e-04
4.996025937252931374e-04
4.933440570627873820e-04
5.379782747474135592e-04
7.691113827226689348e-04
1.159426938316340501e-03
1.391634755327429392e-03
1.162218847608369361e-03
6.289625303024909929e-04
1.901183790756790480e-04
1.343561778867538017e-04
5.471739258446204528e-04
1.264041316438010596e-03
2.015234226018797290e-03
2.551966676446598518e-03
2.554816704894863084e-03
1.908990890153398640e-03
9.133333144444375070e-04
1.814384022908282742e-04
2.889562968535879244e-04
1.034631611738065417e-03
1.575146214839163094e-03
1.405749376882916776e-03
7.677205588403946974e-04
2.779424521612310268e-04
4.435683432902862589e-04
1.049528946346741948e-03
1.555880212571669405e-03
1.694747066245521792e-03
1.497308939047742489e-03
1.029650906424313872e-03
4.618392154854779525e-04
2.231965186049871290e-04
4.930087615469331197e-04
1.022016101065724956e-03
1.325279143747602317e-03
1.134781248787535782e-03
6.106422969233741248e-04
1.437977810179575885e-04
6.225075766287656930e-06
2.676799462229432027e-04
6.762447392321870726e-04
7.413941985668554870e-04
4.184288044814581066e-04
1.173721393733982395e-04
1.093419095123209211e-04
3.686661154746743345e-04
6.871254091539915222e-04
9.472762359377975535e-04
1.184126684957455527e-03
1.498416594511452465e-03
2.037018749978231243e-03
2.955567519008897581e-03
4.359792742949268433e-03
6.099298129196959947e-03
7.297248855616362585e-03
6.726232084431273128e-03
4.341327559790926147e-03
1.600772500898425040e-03
2.320266212822223414e-04
1.041810596245369919e-03
3.249217833657370991e-03
5.391651715887672836e-03
6.518916495750945971e-03
6.174231396506380323e-03
4.683162849726438780e-03
3.284339978938904600e-03
2.706357588809148521e-03
2.658053359437720538e-03
2.371620875271144256e-03
1.664226309596829930e-03
1.287348663497405246e-03
2.022690392316138942e-03
4.366653774309565104e-03
8.782868313125170856e-03
1.489781568549475819e-02
2.135861635795447896e-02
2.655567287955713091e-02
2.873451152216637688e-02
2.627221414141080180e-02
1.837327458162618318e-02
7.413393872031944810e-03
4.691944335471017369e-04
3.846203816848495823e-03
1.389408789617753610e-02
1.903622875723128341e-02
1.328664573769651816e-02
3.708241686114575452e-03
7.142744097046721920e-05
5.450030632622384838e-03
1.586059505829345156e-02
2.115652071872837700e-02
1.513148998567825226e-02
4.590342452315563336e-03
4.806245603290624168e-04
6.303417286062212507e-03
1.843572187736914822e-02
3.072047296469479841e-02
3.633870416253216079e-02
3.340362121525915218e-02
2.549881677607132580e-02
1.711133625082800896e-02
1.242221645978748047e-02
1.303915349019550349e-02
1.630194679019901158e-02
1.653095809741266312e-02
1.109974286042468214e-02
4.791460631816595560e-03
4.144722622315729320e-03
1.082712524906501508e-02
1.965890737589900961e-02
2.185311917271721971e-02
1.565040784045641439e-02
7.057425221341221376e-03
1.111200919948202156e-03
5.214788338281454430e-04
5.446668772148280206e-03
1.245906761305269270e-02
1.701852079968549716e-02
1.626968861184804535e-02
1.140331055888775882e-02
6.292298635074760130e-03
3.418605228504998685e-03
3.275533482285234929e-03
5.542188874051839562e-03
9.535974471584014039e-03
1.425911683810589942e-02
1.789138395170800436e-02
1.905501990991468816e-02
1.851954799806757035e-02
1.715831963586297512e-02
1.434668216562743313e-02
9.801094694252146869e-03
4.652189227702197526e-03
8.691399247249508020e-04
4.804359833342772084e-04
3.762691341940387329e-03
7.501316477905224135e-03
7.870850366632160811e-03
4.965524541547672831e-03
1.500184987096912998e-03
