1.789630309051179350e-03
6.686457624130829301e-03
1.341421466769717255e-02
2.025392714376015452e-02
2.551213637566160375e-02
2.796384374590293181e-02
2.715123704426071136e-02
2.346394010655462534e-02
1.798923233159698681e-02
1.218362166232477006e-02
7.463284355086847663e-03
4.828451039506665397e-03
4.622278054136453630e-03
6.483386813732912486e-03
9.495441373759315462e-03
1.248269427997559730e-02
1.436224958808755142e-02
1.445179384049707569e-02
1.264813500050506953e-02
9.431507302305339180e-03
5.701469657623815454e-03
2.497763186548922210e-03
6.904257912524923912e-04
7.295014726705794554e-04
2.524756421848189589e-03
5.486238287298847958e-03
8.709084213385596268e-03
1.124453040200102012e-02
1.237548122826563450e-02
1.181578339877206035e-02
9.776848537163145003e-03
6.885864476078707927e-03
3.984263344779754266e-03
1.870099398437151395e-03
1.063202911326830260e-03
1.663116350253371735e-03
3.339892417373701693e-03
5.456235144947151755e-03
7.279106271905717157e-03
8.212258054534750037e-03
7.976335399709860025e-03
6.681493786794784860e-03
4.772893438953150144e-03
2.870527069789251956e-03
1.558394977498586687e-03
1.193279745825267645e-03
1.795468519067486409e-03
3.055468510215504380e-03
4.451531230827194055e-03
5.435756646081363677e-03
5.624101892395219626e-03
4.925298534639374268e-03
3.565531510639899544e-03
2.002216902481939245e-03
7.587272903844712989e-04
2.390809868126214665e-04
5.879530492051116648e-04
1.644666056970681351e-03
3.005999357392721838e-03
4.173767084342880004e-03
4.733090831786784108e-03
4.496942885588633976e-03
3.565584177522973432e-03
2.281161737188468555e-03
1.096302710311882183e-03
4.067793870647060410e-04
4.106460860636858799e-04
1.045152189068845796e-03
2.022537057559220877e-03
2.948093263992126924e-03
3.473101110177423314e-03
3.423160698953650778e-03
2.853570487782737964e-03
2.013137963085593393e-03
1.234258097856925918e-03
7.957360205918487684e-04
8.143163351637306866e-04
1.207627607609232639e-03
1.740913404849202522e-03
2.135117250251449082e-03
2.189022005084797703e-03
1.863440562951881787e-03
1.292680303422014988e-03
7.201930884198907068e-04
3.879022275301847707e-04
4.282383573465473742e-04
8.060938068924567356e-04
1.335610720157923842e-03
1.763716335434661843e-03
1.883043906283745576e-03
1.624149416490121766e-03
1.086320880695916796e-03
4.936044564117309181e-04
9.582339029682581744e-05
5.862921186718981852e-05
3.912361730631969581e-04
9.434585580449910682e-04
1.472688132591180648e-03
1.750441917421305523e-03
1.660959035363175976e-03
1.248590368365434886e-03
6.942433140340552571e-04
2.330648112839068110e-04
5.133786914742799240e-05
2.086941423917262222e-04
6.189195413790598557e-04
1.095208420313174748e-03
1.436617226902021970e-03
1.515047763527943396e-03
1.323950755404134164e-03
9.694954447957561221e-04
6.124052007464192730e-04
3.908498388975514392e-04
3.615182963645308611e-04
4.848139210753176420e-04
6.572331627507854105e-04
7.710112492317758911e-04
7.692254069641224577e-04
6.690395194039113359e-04
5.436589199179311417e-04
4.752949109213349646e-04
5.058795759445562472e-04
6.123305633390946790e-04
7.192682284160525777e-04
7.417810761037401225e-04
6.347916174241339561e-04
4.220750172226953294e-04
1.887112026853676110e-04
4.001834113754513498e-05
4.776708687166695622e-05
2.114992852388115766e-04
4.554273904569766489e-04
6.634239838876534318e-04
7.352055354388146568e-04
6.358598043568891578e-04
4.139216425069360385e-04
1.787119167511536046e-04
4.779997752766145148e-05
9.015595524092637778e-05
2.925777686697881132e-04
5.654681379058775414e-04
7.848644547180551193e-04
8.503046856581944696e-04
7.310149117235226245e-04
4.791615072397993461e-04
2.050545019139434909e-04
2.709346940195586244e-05
2.029584752629752325e-05
1.865518010867012297e-04
4.583349640634438418e-04
7.315677418341414492e-04
9.105932365907792089e-04
9.444799928957007921e-04
8.401214667105273096e-04
6.498519905309061134e-04
4.431050142637050788e-04
2.773789133610959023e-04
1.814127036460443077e-04
1.552189438996983827e-04
1.824020424469627668e-04
2.448685304064009572e-04
3.308971287959792257e-04
4.333335181288962799e-04
5.416055605716842483e-04
6.352212413880620407e-04
6.852786118741508413e-04
6.651705175117030629e-04
5.653759306617084108e-04
4.037413485052707531e-04
2.241019318321588400e-04
8.183661816410762351e-05
2.195966371000361076e-05
5.983950073235162705e-05
1.740958537056525631e-04
3.157513143986752997e-04
4.299565679053016167e-04
4.804202037956625945e-04
4.651510450781512463e-04
4.160612588692784030e-04
3.825090858516840583e-04
4.063863103221982851e-04
5.003259524740723014e-04
6.392041462379757094e-04
7.690653434082091872e-04
8.297618247223045949e-04
7.815416076953667556e-04
6.241774586187634737e-04
4.005536005459923825e-04
1.832528549608643254e-04
4.961681210472173448e-05
5.506134920930933060e-05
2.145350390585108930e-04
4.982288687905638783e-04
8.418853308454331968e-04
1.166822194184183575e-03
1.402064676791545290e-03
1.501459226709733578e-03
1.451608309944147019e-03
1.270312291133908218e-03
9.982592717361000231e-04
6.879560882548128387e-04
3.933132813901308754e-04
1.616588758324087843e-04
2.832680872160549406e-05
1.314003067821318049e-05
1.182673975822433029e-04
3.276615342879511000e-04
6.088836349909449754e-04
9.180336197083113162e-04
1.207622833226507531e-03
1.435942868061109269e-03
1.575472571149407787e-03
1.617727075848258023e-03
1.572901186636091594e-03
1.464398405276052303e-03
1.320182962309379791e-03
1.164077273333845699e-03
1.010137557504280298e-03
8.620404372165156029e-04
7.174607471077441108e-04
5.754737145904189125e-04
4.438217544759902062e-04
3.428915381260967503e-04
3.044291402521307052e-04
3.649205610116858602e-04
5.554784804639857458e-04
8.913294551531620712e-04
1.364185845234419745e-03
1.939905180900319912e-03
2.562242952161619680e-03
3.161757526701580202e-03
3.667587140505071917e-03
4.019254732950669658e-03
4.175941771421496848e-03
4.121605250975150792e-03
3.865520376819120939e-03
3.438920304582133644e-03
2.889088858909779831e-03
2.272440271095582751e-03
1.647870251414167110e-03
1.071180761068182136e-03
5.908871910213148778e-04
2.453738058208697315e-04
6.123021845431652070e-05
5.263541151925349497e-05
2.217517053845731651e-04
5.601395630827059758e-04
1.051140388873332077e-03
1.673002623568658987e-03
2.402312467921865081e-03
3.217130572274623426e-03
4.099214417558054435e-03
5.034860553166273581e-03
6.014206490583522829e-03
7.029209236328960546e-03
8.070858717977021785e-03
9.126390018587088315e-03
1.017726817936301202e-02
1.119853035665008614e-02
1.215973559718342215e-02
1.302738405056768495e-02
1.376832695881976751e-02
1.435347937290300073e-02
1.476111223533813077e-02
1.497913382202632412e-02
1.500602461058348977e-02
1.485039085145863948e-02
1.452937325400599153e-02
1.406632794713184864e-02
1.348825741051700236e-02
1.282341391089528507e-02
1.209936023007934791e-02
1.134160127891997542e-02
1.057274555938247929e-02
9.812054849093046482e-03
9.075210630220218247e-03
8.374160951190218888e-03
7.716988095036103265e-03
7.107823199729374625e-03
6.546897683037102879e-03
6.030841801701590857e-03
5.553311798371920668e-03
5.105958245060130025e-03
4.679660495787208579e-03
4.265871835840763862e-03
3.857870792232092651e-03
3.451711229131567988e-03
3.046709930102315354e-03
2.645395276667924719e-03
2.252944517053397707e-03
1.876235629472060816e-03
1.522710216801043299e-03
1.199270646997739566e-03
9.114128641499257780e-04
6.627325380014681064e-04
4.548526842053484125e-04
2.877272303784146872e-04
1.601990751617367271e-04
7.064987449293786911e-05
1.758015910173256621e-05
