2.258483163360613596e-03
6.794760671686929550e-03
9.410117368567262608e-03
7.462926162372661258e-03
2.599077455847869852e-03
4.980232350353734527e-06
2.706993795700179777e-03
7.076470520235003149e-03
7.053757727308363618e-03
2.924674737205123706e-03
7.959968091657772834e-05
1.687780028010318293e-03
6.000911641915782947e-03
8.806381615953628658e-03
8.385466864680453380e-03
6.080841390208871315e-03
3.422923066064707982e-03
1.496787655976068243e-03
1.261501226465054984e-03
2.349809746473417379e-03
3.164884223533322247e-03
3.148786542569833452e-03
3.058728680025471405e-03
3.286971471518730821e-03
3.351524797457120126e-03
2.582902296813403484e-03
1.208986790066624538e-03
6.116467048624888835e-04
1.608060160639047118e-03
2.892349551446859752e-03
2.520325365722278325e-03
7.977091641180844269e-04
2.380466389298751032e-04
1.764444000195424184e-03
3.330665160630030992e-03
3.150504810476183280e-03
1.587035655159181775e-03
2.091973771587078799e-04
2.147635206400204117e-04
1.588792730754916976e-03
3.178704108112275720e-03
3.681505238374683121e-03
2.447719458423513669e-03
5.880159542921200438e-04
7.427607158720639629e-05
1.461035513560105751e-03
3.307780631050095607e-03
3.361995396652097887e-03
1.341481681321386298e-03
2.786167029021013024e-06
1.165944347608496162e-03
3.511992229176188248e-03
4.467268070329044605e-03
3.157044458636178857e-03
1.010417345010688420e-03
1.511492722385829942e-04
1.350922521839007396e-03
3.382319938458725611e-03
4.598416977766163309e-03
4.371813306443041516e-03
3.228822884245254390e-03
2.063263213773430891e-03
1.415720052631491265e-03
1.347600404387959546e-03
1.624643237153311579e-03
1.990244411562705745e-03
2.290561869215433123e-03
2.475276056634357139e-03
2.631579299275118786e-03
2.910369936711323414e-03
3.350109645472792823e-03
3.666232415789302031e-03
3.593916257606034111e-03
2.800764756779561618e-03
1.333205178135577103e-03
1.626811089684374056e-04
3.559310431916967244e-04
1.615785005587066191e-03
2.396167010624132045e-03
1.817266330896177970e-03
5.792796489692263748e-04
3.040996005303090235e-04
1.387837354794179551e-03
2.458485481103097302e-03
2.263067485010195751e-03
1.049513866118477468e-03
2.804783563033200937e-04
9.039226966044294504e-04
2.502459881377055821e-03
3.830341586782268735e-03
3.837767331423482149e-03
2.624892366385524114e-03
1.117475726670118111e-03
1.024310553867111500e-04
2.666764440292239587e-04
1.311009185707607844e-03
1.759696197818282418e-03
1.218080307356351815e-03
3.657662658193422400e-04
4.617661295206200423e-05
5.757213024535471919e-04
1.383299323729309145e-03
1.961437500261166162e-03
2.271769662513054705e-03
2.340866362268870324e-03
1.880687323486105334e-03
8.344013441618524686e-04
1.105269009466170393e-04
4.895750801896472547e-04
1.617381922030184608e-03
2.392720542977100004e-03
2.020926573789555945e-03
9.131895902702649725e-04
8.767627427824157670e-05
1.852101913287291157e-04
1.138239566859121149e-03
2.204163844148387778e-03
2.549326292683064179e-03
2.016598658062188597e-03
1.087332662773658970e-03
3.998810334080509996e-04
3.912543009167129392e-04
9.561148448237194323e-04
1.507391655681103448e-03
1.554905201312802672e-03
1.265217069119143906e-03
1.127414627139907040e-03
1.283173306510619486e-03
1.466306176157081229e-03
1.322423527940568520e-03
8.862247788139662437e-04
6.939458967486557576e-04
1.158024367366503223e-03
2.070802169499039863e-03
2.917177055462737666e-03
3.180250093946397454e-03
2.489687151637211444e-03
1.099218345604048748e-03
1.054972138987989651e-04
5.012480484977838418e-04
1.888641457297212615e-03
2.694443814582149054e-03
2.120890973734135265e-03
8.687646249793371141e-04
4.707528865767158317e-05
3.036636574281748567e-04
1.420548134465426417e-03
2.546386399601436451e-03
2.831736175425722188e-03
1.932773767684592804e-03
5.732197461284550561e-04
5.542488275841282578e-05
8.374375321428661340e-04
2.419353762590704081e-03
3.909380084174420532e-03
4.400522114773694482e-03
3.378875753897238408e-03
1.333664408875661223e-03
2.480316785324431747e-05
7.829482131535026599e-04
2.855287133316406715e-03
4.408363165734784615e-03
4.674831937436453935e-03
4.002767091527664745e-03
2.607017564601124202e-03
1.000013488657066968e-03
3.969922175803113898e-04
1.290881429063008229e-03
3.028319231616169189e-03
4.644952300758909899e-03
5.306737251104394829e-03
4.830024540611484000e-03
3.881180796850723994e-03
3.019189862158037484e-03
2.325653108878554184e-03
1.846192368029806255e-03
1.737476766963180850e-03
2.123490332103485784e-03
2.824222401376991036e-03
3.244150959120930579e-03
2.868158985962151325e-03
1.946133145296687940e-03
1.348401243161314374e-03
1.779566817728913666e-03
2.986206425808133474e-03
3.931804512624226602e-03
4.032675951498542605e-03
3.362035552242225236e-03
2.352238146446240970e-03
1.410046263842009524e-03
1.094371568947574399e-03
1.960306022376637203e-03
3.497887283518168015e-03
4.303645819818334786e-03
3.533264767319134816e-03
1.776579820235068370e-03
5.262585563752088594e-04
8.939889298450414247e-04
2.910378559720337710e-03
5.274583869571468006e-03
5.324976685814589508e-03
2.444730560758416257e-03
2.112764711736296141e-04
1.348923897346893759e-03
5.020433601393432810e-03
8.097435482656881525e-03
8.205961513577546274e-03
6.030722846230197540e-03
3.263349895241371510e-03
1.170507232285027469e-03
4.000625798663605685e-04
1.093817185844535691e-03
3.178820034314773415e-03
6.245711318621755860e-03
8.869962076082633581e-03
8.976010109329074851e-03
6.236375236138593653e-03
2.788890281416805689e-03
1.218473402861471912e-03
2.590457208966051496e-03
5.711708480570760506e-03
8.657493713632686411e-03
1.027492375550210883e-02
9.864462740156988707e-03
7.608450031340912613e-03
5.091939853077872419e-03
3.417803041269869106e-03
2.854070860872103856e-03
3.627518362151689862e-03
5.345905625955028884e-03
6.893371854813727315e-03
7.913526767737101911e-03
8.906713544689349310e-03
9.441676518608549742e-03
8.155534402332407715e-03
5.006869418149076725e-03
1.872231073138051196e-03
1.126450086528451699e-03
3.723738997704298392e-03
7.706764606101427356e-03
8.797630519454230358e-03
4.877723802327522604e-03
4.644111439729005190e-04
1.715501887208923000e-03
7.006918412644213071e-03
8.911913818779008609e-03
5.277902765153070358e-03
9.428441096414022678e-04
3.436350262765051813e-04
3.978948267709962218e-03
7.778158525865107829e-03
7.033385337420465337e-03
2.797616565628949226e-03
6.336711646183298030e-05
1.629002230401711869e-03
6.576485886605146908e-03
1.216757236957804328e-02
1.495557498072745337e-02
1.347582381188351316e-02
8.977010340346052233e-03
3.737641243422939238e-03
4.647396283563289205e-04
8.486729427139208916e-04
4.516379043548600543e-03
8.407191239419830806e-03
8.727524634699647399e-03
5.465884955562010442e-03
2.044584500092701089e-03
1.281445491374038443e-03
3.411303840539872158e-03
6.043262824952103790e-03
7.027453641850681457e-03
6.790289151336733643e-03
6.254660282726672363e-03
5.330491859087327887e-03
3.933082557108003030e-03
2.888168993297173665e-03
3.259461256468193860e-03
5.259431147014974155e-03
7.772178530244138774e-03
9.384375811337292844e-03
9.236539003322871699e-03
6.780215842113208186e-03
3.114481558862907014e-03
1.255850167112472493e-03
3.156527665998441409e-03
7.890157136461517506e-03
1.244780804212273703e-02
1.504916986247222324e-02
1.554108811441610311e-02
1.346346356223245867e-02
9.030387195349383334e-03
3.934051604424630179e-03
4.749229585765105577e-04
5.641927912716625942e-04
4.027111053779431314e-03
7.448105368379453681e-03
7.445665729970686944e-03
4.541998508429572964e-03
1.343767401779571036e-03
