1.453529990836279623e-03
1.529117205992021594e-03
1.458053846348692471e-03
1.285362430077017582e-03
1.024144780486845561e-03
7.081363548764425201e-04
4.267290449927911089e-04
3.232854180910864155e-04
4.902665438722861270e-04
8.535316062372523853e-04
1.234112509006561392e-03
1.418941833157091881e-03
1.254267105944136592e-03
8.308238522863764129e-04
4.011618306002785283e-04
1.249880637986698281e-04
3.537383731541854013e-05
1.418535200027472407e-04
3.796805389914541945e-04
5.385860814377135299e-04
4.578779299991182230e-04
2.355088743162537504e-04
5.997044741847543450e-05
7.666634059650321816e-06
8.714784613461137570e-05
2.708985467207792111e-04
4.597614918043118389e-04
5.082598592171297912e-04
3.585858251165009725e-04
1.245528234220865879e-04
5.926134672455935271e-06
1.075707215387597317e-04
3.144882037090531812e-04
4.106705074512380089e-04
3.359897036153922665e-04
1.869914355023745997e-04
7.100769851529693431e-05
3.862865724663268460e-05
8.778050996006097175e-05
1.836731439303811782e-04
2.864329895013103546e-04
3.636957313145505635e-04
3.714465695159944168e-04
3.023575078343487973e-04
2.107680418645913956e-04
1.504986057981012935e-04
1.328075799736370727e-04
1.307119719349383912e-04
1.167373394547184480e-04
1.069817759019714545e-04
1.355780228664279303e-04
1.989123598194030419e-04
2.507103978422915713e-04
2.475426826766205382e-04
1.788965303782556943e-04
7.732470273751220445e-05
1.162796155599092000e-05
3.049742239100716338e-05
1.310013141379476982e-04
2.776620968505199259e-04
4.347156265963165686e-04
5.841292594065824410e-04
7.125138902552660041e-04
8.059404165994577289e-04
8.707380770669769562e-04
9.156068889250867666e-04
9.072432765231856029e-04
7.921748957932153029e-04
5.918391391213915272e-04
3.951657128033323656e-04
2.513361196543587484e-04
1.479106577223095436e-04
7.544709997508955185e-05
2.623385683065699770e-05
4.161609393894033722e-06
1.538155861866889415e-05
4.695340991001514054e-05
6.666253940192332105e-05
5.661018535637228150e-05
2.913377278335236878e-05
1.039731817819462111e-05
1.816192340560469069e-05
4.108511353597267372e-05
5.371971285689132605e-05
4.418659240901558758e-05
2.193640894707180139e-05
8.839879962963035595e-06
1.769648173554561396e-05
4.415475944887013553e-05
7.306819952215080753e-05
8.832767040345759768e-05
8.582552762223232142e-05
7.367803646238251956e-05
5.442201889134469419e-05
2.797932319486177047e-05
1.244659545646591641e-05
2.264450433248470850e-05
4.894769657294622606e-05
7.529988365306204386e-05
8.286119075183214085e-05
6.683708287499126350e-05
4.709393857293849006e-05
3.930688259856782494e-05
4.675311722729231742e-05
6.844775821286128777e-05
9.469216954697747153e-05
1.027452000082716970e-04
8.499044331931741077e-05
6.065857935448817900e-05
4.673461570925527866e-05
4.947647133653878062e-05
7.124253377167970834e-05
1.092505243256969001e-04
1.521830480006116130e-04
1.792039495388746508e-04
1.658327158740439435e-04
1.073167912874727612e-04
3.923045835904694100e-05
1.155926781839155745e-05
4.884900562720956058e-05
1.340771397907004967e-04
2.057473777045646128e-04
2.006597176524604388e-04
1.164875400023397033e-04
2.294164381414064027e-05
5.432840358755189976e-06
8.027904766127598956e-05
2.011739271915713705e-04
2.900136161712627654e-04
2.729571460530883474e-04
1.505202723234982400e-04
2.790394190827806542e-05
1.868612259658949335e-05
1.326910243782999639e-04
3.029686907229475648e-04
4.469632936371754298e-04
4.741500512861495948e-04
3.362380322655823383e-04
1.179599893401541392e-04
5.200838561827540016e-06
1.067060507669336032e-04
3.090691201373704073e-04
4.116998055173639822e-04
3.529670110964574494e-04
2.085544823644792608e-04
9.987162241088928718e-05
1.146218391149416875e-04
2.334218740266066916e-04
3.499728081941973191e-04
3.490559872351121527e-04
2.323243241562121064e-04
1.490135769707554112e-04
2.078619838116072883e-04
3.759344643887271484e-04
5.329431082632906085e-04
5.553862955089859318e-04
4.041605184682791935e-04
1.936429703339156484e-04
1.438051513097812967e-04
3.175003413150539848e-04
5.204391084345915287e-04
5.582441552706332143e-04
4.661288476655710430e-04
3.874548201626214325e-04
4.034280563684926107e-04
5.001776666465837257e-04
5.725771372699141890e-04
5.375561220537938443e-04
4.170985500173943379e-04
2.965307799792847002e-04
2.803228976682352130e-04
4.452237153706361172e-04
7.885998922604289156e-04
1.214154682679288158e-03
1.491281521455437107e-03
1.386373442260316899e-03
8.711257989926810908e-04
2.280241985770540354e-04
1.250932983011831761e-05
4.455098110785839813e-04
1.057259550911414858e-03
1.236634807376058281e-03
8.345232220483291517e-04
2.093494612929086877e-04
4.690901139903429857e-05
5.447547249229605770e-04
1.263968364734922249e-03
1.771415669290363508e-03
1.899003746055738691e-03
1.545240933251066295e-03
7.557975851579345865e-04
1.067735471189803722e-04
8.390549572410429353e-05
6.959631441868330097e-04
1.389477551414971916e-03
1.585194271471450193e-03
1.192200110699640891e-03
6.006952232520340954e-04
2.206868601961239061e-04
2.634822286864089438e-04
6.095971275870316767e-04
7.709990063082445850e-04
5.653562474791466990e-04
3.505451177581448818e-04
4.290738139022732449e-04
7.415296088309310859e-04
9.938325430500992951e-04
1.034267984528335115e-03
9.142326422820236387e-04
7.844958667250232030e-04
8.339505121978036707e-04
1.230906637780025768e-03
2.107823588680299374e-03
3.445801781469950021e-03
4.706626067365000943e-03
4.883510782456827390e-03
3.569150969748442672e-03
1.548857542960282042e-03
1.613047492511546894e-04
3.802582614215912604e-04
1.974235178373109651e-03
3.838893923285341316e-03
5.001256200836031764e-03
4.842988331832209607e-03
3.493972952842389328e-03
2.033259288772859292e-03
1.274586411793334102e-03
1.348023007671376615e-03
1.736427370866820783e-03
1.694495883511994757e-03
1.263587191601690286e-03
1.142034603522844435e-03
1.861916687928754461e-03
3.695373146764137796e-03
6.498533220366701363e-03
9.633992098867585202e-03
1.227527171192127099e-02
1.351181320668870534e-02
1.252257284145888092e-02
8.904357624292548110e-03
3.738501761682041201e-03
3.197523419835469199e-04
1.697614676177832327e-03
6.391216100940578723e-03
9.082054574937841254e-03
6.699165259477697122e-03
2.178334577203430104e-03
7.900627848204587694e-05
2.152843885608028956e-03
6.983919530763545852e-03
1.002874085104188753e-02
7.816445331568163540e-03
2.771334488253612317e-03
6.411596078207858955e-05
2.060907786777112054e-03
7.657075003600364964e-03
1.419565232669096726e-02
1.821804793349815141e-02
1.811320781202787472e-02
1.491243598261562074e-02
1.038816635171888221e-02
6.732238852961418274e-03
5.407112751504758105e-03
6.033576233623483102e-03
6.624060172665544380e-03
5.486578338904071241e-03
3.468981368443043323e-03
2.856574838611017613e-03
4.774648235035514748e-03
7.857581179021603732e-03
8.962863215323763760e-03
6.989544803009505557e-03
3.774747950861315204e-03
1.122648558538246431e-03
2.570909216359304082e-04
1.772135109070647249e-03
4.733174714589860090e-03
7.172861842943179661e-03
7.346952639983654956e-03
5.271172836015399453e-03
2.624557868672508509e-03
8.130781170963728103e-04
4.031629949593945909e-04
1.441004246366483924e-03
3.425761683981671038e-03
5.599076020597298746e-03
7.086617535403962401e-03
7.475407697297984863e-03
7.300794533718644140e-03
7.043305114818244894e-03
6.452885595133761934e-03
5.211109315410185176e-03
3.406967319877692371e-03
1.468879301087887886e-03
1.621599339680887574e-04
2.520381682123361516e-04
1.579099292076407588e-03
2.831537768888791468e-03
3.040821064778998981e-03
2.275771055509750659e-03
4.868205322500482324e-01
