3.196672376590366704e-07
1.274421805882938286e-06
2.869649768013888511e-06
5.087208711398004814e-06
7.813907536504821548e-06
1.079670710737196007e-05
1.361563432990657686e-05
1.571929285850794504e-05
1.665655586209354133e-05
1.644245077658153796e-05
1.543463621011148082e-05
1.384488494810292914e-05
1.178343469978581480e-05
9.527155632538288608e-06
7.462562782802783326e-06
5.847227612032183337e-06
4.671190182234705649e-06
3.767214253236982499e-06
3.002976891584431147e-06
2.353684508549422982e-06
1.866715857002231173e-06
1.598141399964241060e-06
1.565305402792704653e-06
1.727502734130874580e-06
1.989927440433889461e-06
2.222543360852103347e-06
2.288081173917188827e-06
2.093213619828710870e-06
1.643128103413898597e-06
1.044486198593938262e-06
4.648438361029370725e-07
8.141924493481902605e-08
2.163619796121588624e-08
3.081493313063165200e-07
8.639647345401354227e-07
1.581428461502776757e-06
2.379317976851340762e-06
3.227499914775683466e-06
4.118013714848138100e-06
5.062362438928904107e-06
6.176834731396218910e-06
7.598700351157210888e-06
9.317820544806559120e-06
1.126201541859829806e-05
1.342246621524341924e-05
1.575754261353131815e-05
1.796323282517576546e-05
1.930087817517850570e-05
1.894753113141150959e-05
1.678340721825589949e-05
1.341269362318233631e-05
9.480827589775715265e-06
5.595690222104152818e-06
2.415889169692144521e-06
4.598208745893281938e-07
5.919231381430402638e-08
1.298155716657492805e-06
3.974769810464605203e-06
7.700369272088856639e-06
1.201129506800583351e-05
1.647194131643717674e-05
2.071260045647054678e-05
2.430936504488938075e-05
2.681339074228861831e-05
2.801282611747789460e-05
2.785566535020244072e-05
2.615033685024106537e-05
2.275958940451661456e-05
1.817160140212256949e-05
1.337607561559003625e-05
9.111532713669847529e-06
5.563564225844921834e-06
2.848548515432292410e-06
1.025160313694901039e-06
2.093551902617249340e-07
5.069163898855784712e-07
1.836431087664790539e-06
3.838412214742549748e-06
6.004296314385308745e-06
7.849133104198025045e-06
8.903648985162213481e-06
8.886424009568520373e-06
7.996455883862011626e-06
6.797852152152606358e-06
5.839651333305247521e-06
5.482245573636625557e-06
5.904629781021582935e-06
7.098837716295984365e-06
8.865681879076203851e-06
1.085140722235191861e-05
1.264813912977529522e-05
1.403405733707951326e-05
1.504376529312137649e-05
1.540267128387103537e-05
1.428273699827293627e-05
1.151340201950810328e-05
8.493752192015926870e-06
7.017390951075014755e-06
8.033966231617213931e-06
1.142890316664513651e-05
1.621529313868364186e-05
2.137621413325253177e-05
2.647598592698929747e-05
3.147430485052875603e-05
3.601018514898471508e-05
3.830764523178584505e-05
3.602684477867113975e-05
2.925230293539425870e-05
2.099490592343409076e-05
1.481957686269017567e-05
1.334149230903477751e-05
1.774816978343927461e-05
2.758403684262714670e-05
4.116825069804989435e-05
5.599857814215227029e-05
6.879470934024755648e-05
7.613846723619676292e-05
7.624451448343892148e-05
6.984786118245399952e-05
5.919855933651257696e-05
4.696155584915237752e-05
3.637939365441728934e-05
3.145876238800470587e-05
3.534219623263652586e-05
4.873343684109086388e-05
7.008398498028598660e-05
9.695780112280799818e-05
1.257917880131546634e-04
1.508539736471626235e-04
1.647842722897090769e-04
1.613435750266146930e-04
1.394113174951753977e-04
1.049877393910220581e-04
6.885210112877456845e-05
4.075273987278832605e-05
2.697724960220520640e-05
3.147281387763848737e-05
5.551736049239550086e-05
9.582576727195129456e-05
1.432348728086993157e-04
1.837455030431771243e-04
2.047634448431610366e-04
2.018689189890181430e-04
1.786739589643481039e-04
1.413660077107068574e-04
9.711299097473291109e-05
5.622812972167320667e-05
2.952480560395540223e-05
2.483145190327517294e-05
4.530183761324764073e-05
8.730294481485312980e-05
1.414187811359509327e-04
1.977366082617847500e-04
2.478033660838739887e-04
2.832917112698622036e-04
2.960936575537121492e-04
2.795396273972571206e-04
2.314562834857534276e-04
1.619791037971261155e-04
9.411045116805653301e-05
5.244189830849767118e-05
5.349557008860866667e-05
1.024515666979198853e-04
1.963658103099961527e-04
3.215487006653327791e-04
4.446796676439061595e-04
5.271557647310731341e-04
5.520841605210701723e-04
5.256304358511768937e-04
4.613459863894122564e-04
3.744837828378633801e-04
2.886068096921005389e-04
2.336809643578073939e-04
2.337086239047423287e-04
3.021584435024053357e-04
4.411654833421803346e-04
6.353229916226086921e-04
8.395415024089563066e-04
9.865014971403240039e-04
1.022760378396501578e-03
9.327411858270889117e-04
7.421521431464027634e-04
4.987318468012764310e-04
2.543851064149079029e-04
7.923801996260988268e-05
3.704836419687972099e-05
1.500729602001550460e-04
4.089950900932337054e-04
7.910427033676508454e-04
1.249504148474543013e-03
1.682464573887784568e-03
2.004219486970269023e-03
2.118824210509805822e-03
1.975571345418529901e-03
1.614367414490087234e-03
1.136768922490036205e-03
6.722199580030546479e-04
3.417500260434878272e-04
2.233122019074246776e-04
3.501085412921340701e-04
6.919846407727799770e-04
1.129220243223476522e-03
1.513522911651335586e-03
1.756811165463965712e-03
1.817010810324019236e-03
1.673234204100866205e-03
1.385154823400511171e-03
1.078535723264676055e-03
8.676689517263080475e-04
8.436713241878090238e-04
1.087223846703207122e-03
1.672841450587738994e-03
2.666875335247285202e-03
4.092088165186487554e-03
5.825331816993521879e-03
7.557933340059505047e-03
8.933630722646315747e-03
9.681687137040763738e-03
9.597858376646915823e-03
8.602593708207142628e-03
6.919344487151209144e-03
4.977236433994895910e-03
3.153010409342302603e-03
1.692591286275521318e-03
7.934536857314672224e-04
5.824320691566549271e-04
1.056287138215347525e-03
2.061336050209554380e-03
3.239928573348946003e-03
4.169745265387895562e-03
4.628933310040836760e-03
4.732177803345347447e-03
4.751066167803636407e-03
4.812292072042416435e-03
4.918205301980307226e-03
5.135560078613854093e-03
5.607988190261155304e-03
6.483492665252839349e-03
7.848852081929114446e-03
9.618548091708041536e-03
1.142257972269396064e-02
1.261142969647255016e-02
1.251825927642817235e-02
1.086632401913438691e-02
7.929291921158451370e-03
4.519084026503247115e-03
1.731089883264674183e-03
4.226227328029107935e-04
1.006132357207319573e-03
3.495585182909400138e-03
7.345390721635744469e-03
1.145871033023405580e-02
1.469043663199087572e-02
1.633440828063547831e-02
1.640599932687249185e-02
1.529430174087302585e-02
1.321139798218104802e-02
1.033784751241491676e-02
7.143613040800557423e-03
4.165198579705610069e-03
1.813992434647635973e-03
4.232097304827522151e-04
1.873197315191219969e-04
1.116923955705598128e-03
2.970655140665174818e-03
5.219882973285989471e-03
7.266061555163363939e-03
8.703099279896632512e-03
9.296660083876097033e-03
8.872870095917941707e-03
7.563230783178514875e-03
5.995994858742186018e-03
4.928921234156429659e-03
4.818443515469564113e-03
5.756137693533136881e-03
7.534778109671872066e-03
9.734369911874422854e-03
1.177104091303560543e-02
1.298606364496885518e-02
1.299661994943049174e-02
1.194567985777794314e-02
1.022222141528618920e-02
8.147820486439548426e-03
6.184628347078622093e-03
5.046375033618127892e-03
5.372511620448576150e-03
7.507904530823238803e-03
1.150039637614796648e-02
1.733622161239584819e-02
2.499486724090625028e-02
3.398460524557592871e-02
4.330146429610556846e-02
5.173680982124127109e-02
5.769882183039671403e-02
5.917542968324113195e-02
5.420410942468827792e-02
4.259444722723142174e-02
2.743973123256046240e-02
1.325704299767528280e-02
3.474705188227066120e-03
