3.139337137720314176e-03
5.876777558140892574e-03
9.025115744994885447e-03
1.180822076521494818e-02
1.355910911014747769e-02
1.389188548624636921e-02
1.279146069235529912e-02
1.059887352120243362e-02
7.900547266474561986e-03
5.356603771697737541e-03
3.518967319693622718e-03
2.690482229739625010e-03
2.862202175511507993e-03
3.742071414586550446e-03
4.861688534899342995e-03
5.726397831220577002e-03
5.963454934431474015e-03
5.425924637534768405e-03
4.224810816004252734e-03
2.683878580225548816e-03
1.234093306796037268e-03
2.811277416660724632e-04
8.553767879611137877e-05
6.897152652561497604e-04
1.910719567709284489e-03
3.398299387371911916e-03
4.738747592770178180e-03
5.572950184266393936e-03
5.694330499305987232e-03
5.099655206744269954e-03
3.980327647365235720e-03
2.659315288264076441e-03
1.494104697306318161e-03
7.748018209339404931e-04
6.465106083143118887e-04
1.076831321951436313e-03
1.875476390167888719e-03
2.757817650389814568e-03
3.432050857730576093e-03
3.683909049791989077e-03
3.434817672581459008e-03
2.758136852067440917e-03
1.850859363564072565e-03
9.710046648520019325e-04
3.602848775650813618e-04
1.749161847202551005e-04
4.440496559686244338e-04
1.066484505841978035e-03
1.844876083953816623e-03
2.545957242798750457e-03
2.968377017000923580e-03
2.998425785686816697e-03
2.638283662621117645e-03
1.999985737926082783e-03
1.268404017423698654e-03
6.452413918601419482e-04
2.908982844985381097e-04
2.808952458123656066e-04
5.885995094045048861e-04
1.097941647573919682e-03
1.641068996411264129e-03
2.048994444034108256e-03
2.200144982853748273e-03
2.053022088627451565e-03
1.654374409038265187e-03
1.121688990176225543e-03
6.062101460366335626e-04
2.479785234360811982e-04
1.361342552782763226e-04
2.856098601235077731e-04
6.361353100840309556e-04
1.072819991597093528e-03
1.461435431231433019e-03
1.687631368968768933e-03
1.688685675938993895e-03
1.469046820998597992e-03
1.095964678365102425e-03
6.773714186041440407e-04
3.291529862770558299e-04
1.416595601936784527e-04
1.550696552115659677e-04
3.502485756979391881e-04
6.570039097086579835e-04
9.765749304007677323e-04
1.211263691404218783e-03
1.292395808417669614e-03
1.198679933736616693e-03
9.601461984670199915e-04
6.471934269839877806e-04
3.485613506377598200e-04
1.450430575215415124e-04
8.666417400863112171e-05
1.797123132729164816e-04
3.868895768274792433e-04
6.399530021293600192e-04
8.606579923627194744e-04
9.836286333777333538e-04
9.745130174404513035e-04
8.384310224433207982e-04
6.167281152682266938e-04
3.734896448311878642e-04
1.761403663771193211e-04
7.595650565287504266e-05
9.408280906121897877e-05
2.168193087571590395e-04
4.011165961622552767e-04
5.882486313902601533e-04
7.213763486913147812e-04
7.617888312639909147e-04
6.992186972709965153e-04
5.535320223999278585e-04
3.676877254840972813e-04
1.943722371046098735e-04
8.042571265691591869e-05
5.363018366604394162e-05
1.155522725384370029e-04
2.422332676099347103e-04
3.921871620785011238e-04
5.190909780364992739e-04
5.853164512946149641e-04
5.723764538995848930e-04
4.854153063184081388e-04
3.507076183395282497e-04
2.071848434000049055e-04
9.468264837201432094e-05
4.243061961075446045e-05
6.108648366450272630e-05
1.404572671904924692e-04
2.533227456543641525e-04
3.640026229078799965e-04
4.390003050602297812e-04
4.565698762310633867e-04
4.124946181967513968e-04
3.205695187415053037e-04
2.078685959615469807e-04
1.063774411615722677e-04
4.355402881643634860e-05
3.458471889225976019e-05
7.850049639024405117e-05
1.591169645329485729e-04
2.503309052967717888e-04
3.240679250228858574e-04
3.584790723943983995e-04
3.440085920528312708e-04
2.856645033973846844e-04
2.009866807192426416e-04
1.144701376450959845e-04
5.019585468006182059e-05
2.487108254873450673e-05
4.327694489019708827e-05
9.734754029315320926e-05
1.690069634801176295e-04
2.357983179630958293e-04
2.775673894541945278e-04
2.822240834553210774e-04
2.489463097022737528e-04
1.879932263351230212e-04
1.173084364416736227e-04
5.701768858821955192e-05
2.349567013427667449e-05
2.474039652130079653e-05
5.835125861292564782e-05
1.126043529173623072e-04
1.702016827625761641e-04
2.135091078182248258e-04
2.297069981033637517e-04
2.143579259328033931e-04
1.724078139378461228e-04
1.164173178659736753e-04
6.263314630738559441e-05
2.611726694703495310e-05
1.638559566679656464e-05
3.481126449152743043e-05
7.449212576077134866e-05
1.225409669191945621e-04
1.640516126666550850e-04
1.865288453896639398e-04
1.834728221886171371e-04
1.560963116140985836e-04
1.127299778671355703e-04
6.616015115408357017e-05
2.974068211087590685e-05
1.345409927888347293e-05
2.107771078454583307e-05
4.925342319678033753e-05
8.867972660152116085e-05
1.270163528504830220e-04
1.526014210576212083e-04
1.578671855638724936e-04
1.414588709049465344e-04
1.084680930580286687e-04
6.876135210855394413e-05
3.394424027145420729e-05
1.388942661183168347e-05
1.386185588002736112e-05
3.307387081949106095e-05
6.506230888888022107e-05
9.973396948513850620e-05
1.264378177502487239e-04
1.371339574306861410e-04
1.287211303035743707e-04
1.038527205657377141e-04
7.003128569564752632e-05
3.728421669791658652e-05
1.513631323214862545e-05
9.789089177862835223e-06
2.233847415841618979e-05
4.854027902017506711e-05
8.016574021731459674e-05
1.075179351581361030e-04
1.223431016953914919e-04
1.202661429994011152e-04
1.020341595500150243e-04
7.321612942833022070e-05
4.247011102869400199e-05
1.891317274770321348e-05
9.388784924693779861e-06
1.644692339078261732e-05
3.763048142070435099e-05
6.626625366639750381e-05
9.350882802321531454e-05
1.110151706488011678e-04
1.134456431513190626e-04
1.000459252034051761e-04
7.484431802345105605e-05
4.541525429798403551e-05
2.058785031961572916e-05
7.790741626304860520e-06
1.082909615379607896e-05
2.875664265534110729e-05
5.617555500612640793e-05
8.486915917226035019e-05
1.062744207829527312e-04
1.140514577486889387e-04
1.059799175912499948e-04
8.461470336717003579e-05
5.650551544634402243e-05
3.021494985814061719e-05
1.373008649162334453e-05
1.204506481398089744e-05
2.564233997015263200e-05
5.033254952387099278e-05
7.850661233098945842e-05
1.014297790100911287e-04
1.118924901561114510e-04
1.064217114959636434e-04
8.638322756174656239e-05
5.763366831187182143e-05
2.881393327637535372e-05
8.784407060231539744e-06
3.964450702682783954e-06
1.637446628485004222e-05
4.297565822625496276e-05
7.651904415735330122e-05
1.076643707035798030e-04
1.277457102250199265e-04
1.313593985486202135e-04
1.179940063178054729e-04
9.220099470402290354e-05
6.223792555007498419e-05
3.757566794860055595e-05
2.600940415720689552e-05
3.124415091204752831e-05
5.169628668674286167e-05
8.089779996103298437e-05
1.094123973548933893e-04
1.277135326743203717e-04
1.291720786203474989e-04
1.122495368719462615e-04
8.121182067974626643e-05
4.510839049859540997e-05
1.527722491192268006e-05
2.084851473033473664e-06
1.185645422897184356e-05
4.491588944753756698e-05
9.534378074468684945e-05
1.525611798978913209e-04
2.043026015052433833e-04
2.401177609030070298e-04
2.543662093978294901e-04
2.478016281734928992e-04
2.272501889505112917e-04
2.034540734088687670e-04
1.877102184900549366e-04
1.883168859945242516e-04
2.079265800608495740e-04
2.426589104379773480e-04
2.833155153702077936e-04
3.184074064892649801e-04
3.381398238930669931e-04
3.381732668682307908e-04
3.219977118027979920e-04
3.011259014617370861e-04
2.929318715711683912e-04
3.166551044535019423e-04
3.886538060561150641e-04
5.182506790244122662e-04
7.053845577256656531e-04
9.407887326773194418e-04
1.208698376562058249e-03
7.139687936775573895e-01
