2.112779503775335101e-04
3.747965208036249923e-04
5.617762272610151786e-04
7.123373010952310574e-04
7.680283197047837237e-04
6.961878877811831156e-04
5.077667413193435748e-04
2.751429312481158684e-04
1.277516421235404330e-04
1.693616946167803071e-04
4.065380479673529794e-04
7.619390110832388163e-04
1.088292768669412878e-03
1.274280672882792918e-03
1.362247786683569439e-03
1.486433511245172827e-03
1.687604020639182738e-03
1.783012073325788852e-03
1.491578738625443708e-03
8.550493797525092563e-04
3.564405803512572541e-04
3.871199975210520383e-04
9.452559794952572437e-04
1.945293389201774607e-03
3.270242647184322220e-03
4.531204524044501851e-03
5.067951567411239748e-03
4.464505276670125734e-03
3.142819707762897589e-03
2.056342025311448315e-03
1.821255701619265430e-03
2.278110443137588547e-03
2.832667682471541170e-03
3.274208190702507845e-03
3.958929673817128750e-03
5.156182499405002201e-03
6.757133416101962151e-03
8.452802973182384216e-03
9.587258126532934716e-03
9.425736766698285252e-03
8.128308522846919293e-03
5.997025643297136492e-03
3.203949934467828411e-03
7.926937962155154163e-04
1.706286097620707037e-05
1.279037326912059935e-03
3.980285770784909929e-03
6.377241418964426159e-03
6.357324561857430507e-03
4.005469930717146798e-03
1.431024241802946080e-03
2.541701950609965037e-04
9.789494949829422293e-04
3.173085506917952894e-03
5.905794439935588627e-03
7.996267988478238109e-03
8.658664965061759616e-03
8.043361499324625657e-03
6.723673679318759554e-03
5.185243722607663780e-03
3.748970766913180437e-03
2.550337632032049270e-03
1.575805714680243805e-03
8.250344021533762354e-04
3.489835756300532560e-04
1.689808308532755551e-04
2.643825234096599240e-04
5.628794468893365873e-04
9.515001760261799406e-04
1.409884379489672679e-03
2.073579736959136818e-03
3.069321057394671769e-03
4.588610850584818636e-03
6.550802820539560443e-03
8.200492646511981301e-03
8.565445513477938644e-03
7.137350590632337080e-03
4.929000211528877969e-03
3.894450522518884319e-03
4.683639630348462521e-03
6.011531396986615969e-03
6.005138787277758752e-03
4.672158461301370407e-03
3.932474758996718812e-03
5.352838573070744024e-03
8.817488681306547699e-03
1.285801395626913132e-02
1.613796555061534216e-02
1.787103370153392962e-02
1.750488222015413736e-02
1.501694902503308143e-02
1.156982927342682654e-02
8.478140910855226642e-03
5.487868305057146991e-03
2.104662784355904644e-03
1.817490194686320398e-04
1.472788720977640268e-03
5.008635343427428853e-03
8.900516051364803713e-03
1.044117520432469130e-02
8.304169166790891995e-03
4.838562363258444403e-03
2.349793828138655935e-03
1.303351451905311684e-03
1.395773599512040814e-03
2.193469645844976432e-03
2.947411285891784680e-03
3.044223116719213702e-03
2.675190342893180029e-03
2.204493129558297328e-03
1.696324409845559756e-03
1.231936471849401447e-03
1.109625036990696898e-03
1.615481282830144062e-03
2.798113021150875832e-03
4.316723501896216168e-03
5.434338169912070887e-03
5.551721386032615509e-03
4.703213443793775525e-03
3.301230065924387960e-03
1.792544165713406620e-03
7.245882920782625858e-04
5.988841200300361973e-04
1.354660785026145370e-03
2.315382091435562624e-03
2.850476290299091414e-03
2.990531702705093164e-03
3.053763283076989937e-03
3.284830075138290423e-03
3.758982707533918728e-03
4.293320105748994406e-03
4.526127629231495482e-03
4.267165695747320714e-03
3.756589406875711790e-03
3.308335531669591087e-03
2.953083553027433319e-03
2.548205476571639792e-03
2.059243060750399167e-03
1.758847960074504720e-03
2.023134002713536644e-03
2.855414682479020475e-03
3.718092481699559679e-03
4.051301913599810595e-03
3.733423575575416792e-03
2.874484546261068564e-03
1.734109805973774003e-03
9.150381791143007192e-04
1.019820961663545295e-03
2.250467018581933220e-03
4.105959608156056935e-03
5.378176292472435296e-03
5.324904061047616710e-03
4.312732152497018162e-03
2.944137617669327460e-03
1.599470524456170955e-03
5.690090956230328071e-04
1.505433645239129248e-04
5.521243499749570833e-04
1.562274307451977720e-03
2.520669301000498519e-03
2.843796132436775953e-03
2.489236903702548263e-03
1.896342520030972357e-03
1.375457307883185595e-03
8.820037660557924954e-04
3.756925804076153685e-04
5.834600095775239147e-05
1.230331861998543489e-04
5.832301833838044640e-04
1.369626251822697550e-03
2.337205323176667036e-03
3.308057962945178555e-03
4.320265858708744952e-03
5.477382962123184332e-03
6.530615269441326053e-03
7.060788923229283955e-03
6.632628429312407460e-03
4.795081261280403212e-03
2.095926164359887371e-03
2.598931396093298748e-04
5.675331079557430344e-04
2.867128299998756343e-03
5.952703784336438840e-03
7.733202308244953652e-03
6.557524551947998062e-03
3.846028023657161333e-03
1.777086018510737634e-03
1.173280381661176690e-03
2.032400489738391079e-03
4.034393264520166021e-03
6.253135778316726116e-03
8.031024026183084669e-03
8.669521655884391415e-03
8.139239719819368543e-03
7.378719763811414888e-03
7.215137081741457292e-03
7.815856157238395413e-03
8.974704790582942876e-03
1.003861442235170001e-02
9.312067880133233916e-03
5.513847590043124275e-03
1.629928624460255746e-03
2.354799584096456833e-03
7.989427732870754001e-03
1.518746891507172757e-02
1.910697801095493850e-02
1.766696523202291105e-02
1.333407429184143428e-02
8.694184058940070473e-03
5.018940214551681489e-03
2.739759665167077699e-03
1.711629634339787613e-03
1.656472688241791445e-03
2.293411809382936081e-03
3.105136018591495191e-03
3.304253779319852192e-03
2.504978271085190472e-03
1.161274908165357053e-03
1.694259068284451378e-04
2.555616330149372496e-04
1.367464328515511762e-03
2.807935998812104324e-03
3.873507708607349439e-03
3.986647085884011989e-03
3.019089802412179644e-03
1.635365184767388841e-03
4.799080847426800229e-04
2.911038586207505703e-05
5.917348125491292280e-04
1.589717369589906028e-03
2.128161844025744636e-03
2.141487451565840354e-03
2.071785230734250315e-03
2.046742699226838155e-03
1.913289554732029718e-03
1.598553591486034584e-03
1.169082025815659613e-03
7.446352923946941791e-04
4.477019911233643713e-04
3.449971687208187193e-04
3.944307895309306271e-04
4.443456495419695427e-04
3.845088024416398135e-04
2.977393741231354560e-04
3.188401333292345649e-04
4.139543559453356665e-04
4.488379674327246409e-04
3.951195183425851992e-04
3.239120476810159127e-04
3.065766058216564858e-04
3.562093390028883873e-04
4.003698445754974035e-04
3.573385608971826628e-04
2.468323422708933743e-04
1.779334625130997514e-04
2.372350964943731213e-04
4.435309204888533566e-04
7.374448850020504532e-04
1.026287858721136809e-03
1.244442054336830075e-03
1.324793782171927161e-03
1.252446249346386145e-03
1.082236906828515800e-03
8.478402477833382137e-04
6.037404433411457669e-04
4.672684557838185232e-04
5.010903760233761071e-04
6.472442275507801377e-04
7.842517399543448911e-04
7.871805522162616045e-04
6.767286459843179338e-04
6.727783639404419803e-04
9.611201308499612780e-04
1.533988549866176915e-03
2.095736919942177943e-03
2.199132090224549529e-03
1.713922535393732922e-03
8.908253340168460115e-04
1.949612952669430629e-04
7.332110655818507112e-05
6.499339207738509365e-04
1.805176222913707808e-03
3.226415709514290041e-03
4.322262851095283118e-03
4.726495491155857133e-03
4.417941799046746186e-03
3.484337542184281090e-03
2.317202483350896177e-03
1.389917729806336086e-03
8.045843090425280116e-04
4.451647523869572704e-04
2.303360205038048291e-04
1.306174163016533601e-04
1.393956335856998043e-04
2.537148709328578867e-04
4.273360186181891871e-04
5.445264993562872607e-04
5.246494760311890470e-04
4.008183706372905495e-04
2.410337493514866315e-04
3.054950561087300953e-02
