8.892897531331198091e-04
8.496086843471584377e-04
9.280140161638274470e-04
1.003413711554106309e-03
9.646610390202820266e-04
7.883460860157951713e-04
5.752017465416309335e-04
4.921220886911906785e-04
6.220577858001114738e-04
8.829298056391274210e-04
1.129912078483938376e-03
1.218815774443427402e-03
1.060906471844625786e-03
7.347593237665601962e-04
4.122906603212166490e-04
1.864050152011164361e-04
5.227490798208674912e-05
4.191849705068683817e-07
4.040064997173106569e-05
1.404823306664802957e-04
2.193152964126704333e-04
2.375858493155809002e-04
2.332295193209745691e-04
2.521283486191989477e-04
3.114161572057041441e-04
4.010601931103043439e-04
4.754295417577681813e-04
4.664041527710387279e-04
3.435813728415672741e-04
1.581710376213522418e-04
2.376606717334389920e-05
4.291791927054930611e-05
2.061210513608614466e-04
3.803252511444300018e-04
4.563439309203028713e-04
4.282572787748400479e-04
3.421591086386823344e-04
2.439065059645977257e-04
1.543796706806168989e-04
8.804498035905055796e-05
6.093600392558807930e-05
7.591145261649453503e-05
1.206517580318125390e-04
1.691248020158066202e-04
1.981691747564958881e-04
1.968299582251217361e-04
1.597389440795458568e-04
9.121507770826480389e-05
2.684811925796373158e-05
1.316419267130288234e-05
5.788363976265501745e-05
1.357564387020738605e-04
2.131155254860305523e-04
2.725402409821493181e-04
3.123253358760619508e-04
3.310785205398116167e-04
3.358292279625928667e-04
3.414568801219200781e-04
3.556559718345707398e-04
3.771180980795695481e-04
4.045126993958937851e-04
4.378327457496432773e-04
4.688650239456762839e-04
4.855739442797565950e-04
4.887936084207809406e-04
4.827591008439611423e-04
4.535038443800721675e-04
3.817043691339223931e-04
2.833709979924696086e-04
1.992592998403448789e-04
1.487144387423650158e-04
1.239525862653285287e-04
1.220495330189437711e-04
1.393551412983112369e-04
1.696142819868285334e-04
2.060265641628678934e-04
2.327769150250379128e-04
2.329934500600933025e-04
2.083003641029960930e-04
1.646855736812829249e-04
1.042112642652142534e-04
5.138136077068187135e-05
4.862270833903629388e-05
1.154345555077135522e-04
2.341800144681973489e-04
3.559386225682231904e-04
4.346779343085856433e-04
4.629793693841706848e-04
4.512178971213279223e-04
4.061738432467009970e-04
3.372845335648286908e-04
2.712770946788156754e-04
2.350058754502589342e-04
2.199951298761874789e-04
1.838013967250322854e-04
1.156122109310881243e-04
7.072112108795185616e-05
8.289488412645788654e-05
1.350905466930562855e-04
1.773188693825267020e-04
1.705756066503846162e-04
1.425461594880687887e-04
1.419656274440719596e-04
2.037356283715210763e-04
3.605053632279966221e-04
6.005646821939863511e-04
7.759255393322173500e-04
7.309550235776569004e-04
5.093430189770550539e-04
2.440700857910731245e-04
4.793949009462236563e-05
6.644431782186247887e-06
1.402740105045199078e-04
4.223792087950021916e-04
8.265357809522113058e-04
1.303589384059157920e-03
1.749043081231531956e-03
2.079085687855024723e-03
2.311835327708606277e-03
2.493658144516884296e-03
2.562146114057913242e-03
2.355639270453522508e-03
1.848061338189033002e-03
1.169341606509542199e-03
5.326020242340484372e-04
1.846537114635585404e-04
2.092531996714369744e-04
5.612380381726407574e-04
1.144331683482250998e-03
1.763449432864638931e-03
2.135256768259736083e-03
2.085379322488499932e-03
1.743814859655705126e-03
1.455895951340903209e-03
1.481696930869695790e-03
1.913589626324829068e-03
2.710729480876683355e-03
3.632302629842072608e-03
4.253968523985585289e-03
4.112516754342620574e-03
3.036080607892710156e-03
1.541326940846703261e-03
4.314977015805342066e-04
1.341147881819884907e-04
7.042685720401351771e-04
2.038521009712762448e-03
3.927607845759004124e-03
6.201853725755211363e-03
8.530771639575890006e-03
9.931084389211117941e-03
9.309827842195769407e-03
7.037639345034501018e-03
4.437587923016555330e-03
2.283801321291902605e-03
7.923481207608951095e-04
6.600242990705520909e-05
2.179308833339266434e-04
1.188452842482364468e-03
2.431778953119656441e-03
3.172536412199217573e-03
3.028289587511215873e-03
2.267826503247434740e-03
1.491672602270565111e-03
1.008991485320955180e-03
7.897262951597125696e-04
7.354084834315514126e-04
7.673948099121372666e-04
8.298534004795764469e-04
8.918025729962909560e-04
9.172166949823441296e-04
8.518304867161413836e-04
6.902063818386477891e-04
5.003105682141169384e-04
3.260912831574946632e-04
1.774360112780332761e-04
8.239985832343395614e-05
7.417594949814489060e-05
1.584977033947643742e-04
2.800552613727605943e-04
3.469810804921691404e-04
3.108459060471419587e-04
2.010685684038378252e-04
8.067310693365391261e-05
7.136807164865930413e-06
2.545913349091402992e-05
1.240227695514329936e-04
2.722657237351339935e-04
4.768055181787589749e-04
7.963611032095483169e-04
1.281691990188123719e-03
1.839525713582874054e-03
2.435796648059680193e-03
2.871499649626403899e-03
2.924054385088081798e-03
2.584191938590450592e-03
1.982217511267399170e-03
1.311743304093650848e-03
7.520175973094154771e-04
3.450659960184028767e-04
7.623210217344481932e-05
6.771218742057023187e-06
1.748962750459978730e-04
4.461596133716092091e-04
6.668850953724149173e-04
7.595619478033340411e-04
6.760624942605919334e-04
4.832711657524794654e-04
3.129425671280520668e-04
2.296921054861288472e-04
2.525988068016117214e-04
4.066898738825767707e-04
7.606296491929360332e-04
1.462076094989175901e-03
2.725641598452852379e-03
4.598602362596839951e-03
6.684036271024332287e-03
8.403957582354215292e-03
9.396505002545693999e-03
9.306961521594627612e-03
7.880396395215932479e-03
5.636493473218950369e-03
3.457189618138090462e-03
1.787172438842815235e-03
7.162162064971464102e-04
4.002219624281889857e-04
1.032862625633157753e-03
2.771690010131323996e-03
5.200743952765886011e-03
6.630975478839788023e-03
5.810535515800244882e-03
3.606029211520816232e-03
1.695274287837692569e-03
6.249470811812374510e-04
1.346628086566293084e-04
4.230482895123982459e-05
3.043019408747788435e-04
8.717618118795090196e-04
1.629162903911181336e-03
2.348560518192361821e-03
2.652652819601209952e-03
2.167926359664074272e-03
1.027841884310287147e-03
1.539595559460842067e-04
4.006203463812995887e-04
1.448148737362868910e-03
2.113507398552656735e-03
1.807471161735988048e-03
9.856377857530456733e-04
2.855090953034955981e-04
1.164222254314758456e-04
5.759143494652466328e-04
1.227966063495762941e-03
1.481299819039116634e-03
1.190121676876195866e-03
6.749239006899915728e-04
2.503444100535977398e-04
4.348280899472043120e-05
9.874531150617722102e-05
3.914476035517677624e-04
8.551015038173867197e-04
1.401011468772192471e-03
1.952032896211202719e-03
2.491342463298929291e-03
2.906677169565129171e-03
2.954661252246064233e-03
2.598447498912872210e-03
2.140509949157460602e-03
1.863563724456688804e-03
1.752317917739725341e-03
1.577950073388808324e-03
1.287045019228756724e-03
1.228864033551042238e-03
1.833241825854603664e-03
3.323362223737243420e-03
5.395690796321618750e-03
7.082302686534995041e-03
7.541387988156987750e-03
6.451824592455502293e-03
4.094130162442156592e-03
1.607573377347666947e-03
1.857097138640011896e-04
2.686201903548699008e-04
1.769522240059005162e-03
4.052426606613225395e-03
6.173379957532695167e-03
7.388937360983632678e-03
7.183991481168704521e-03
5.859831904427161876e-03
4.449255445202983036e-03
3.547553807336809115e-03
3.194447126045299196e-03
3.428288138987110704e-03
4.406028207715285278e-03
6.213282717875794059e-03
8.549697138685335984e-03
1.027769684781853175e-02
9.936523415000673640e-03
7.659450929433457220e-03
4.912059959655800875e-03
2.656958281093178310e-03
5.260603305151948517e-01
