1.206545059214612405e-06
4.549434505367446418e-06
9.241502061046110052e-06
1.414641660723939140e-05
1.804455544715464943e-05
1.994053709211655872e-05
1.933324726291900825e-05
1.637305541211576699e-05
1.185556388968060307e-05
7.041729433461075820e-06
3.340797661276974840e-06
1.932869972325701612e-06
3.430367978554516792e-06
7.674412913948131724e-06
1.373193501447421133e-05
2.010836481081339862e-05
2.513161617458747885e-05
2.741173059187152169e-05
2.625215493463037059e-05
2.189308210906530357e-05
1.550598398199852361e-05
8.923135542907087295e-06
4.160175953112320708e-06
2.853088403501133296e-06
5.764384434448704159e-06
1.250480998427103012e-05
2.156573477278517537e-05
3.067500275931010106e-05
3.739681475473255890e-05
3.982011538302355824e-05
3.714323362984913644e-05
2.997879129093765401e-05
2.027137215250134376e-05
1.082508268896867938e-05
4.551117029695873328e-06
3.634434127479978958e-06
8.855951729012020369e-06
1.927764480587823562e-05
3.240635512639758237e-05
4.482034374710895100e-05
5.310642596523437438e-05
5.485454612723050886e-05
4.942296065925187016e-05
3.823534225648783554e-05
2.449255740071388485e-05
1.234587574897507505e-05
5.739547197662728594e-06
7.241360032563861042e-06
1.720396503414199147e-05
3.352452666940166628e-05
5.211126428857059138e-05
6.796411075375434117e-05
7.658975893410137640e-05
7.535499404126536787e-05
6.437541696068660576e-05
4.664852781696947744e-05
2.734515753658469886e-05
1.241663546300110225e-05
6.887183286237871027e-06
1.331697956823703893e-05
3.090070822646567882e-05
5.550674921495879727e-05
8.070219422651067577e-05
9.951951651374339074e-05
1.064860971601272574e-04
9.933097375099502455e-05
7.984371231878101445e-05
5.358043950515960723e-05
2.843607006667192328e-05
1.243956503451831670e-05
1.138100553041429854e-05
2.696523548678738484e-05
5.607127966684984446e-05
9.140204457642928896e-05
1.234120478392794842e-04
1.430142111062860538e-04
1.443058871071257489e-04
1.265044169411929634e-04
9.447088843572006109e-05
5.758519424504095560e-05
2.721280666935217522e-05
1.343697260981736595e-05
2.198750674965740154e-05
5.229204319777330042e-05
9.729390967806272709e-05
1.451908544710581563e-04
1.826849380636169791e-04
1.988600773854155433e-04
1.885665941611897414e-04
1.542759606387060023e-04
1.057669716817429104e-04
5.761575594841336027e-05
2.511588696683063598e-05
1.975846214318443148e-05
4.559646467254116953e-05
9.762752764207993628e-05
1.627896314909872851e-04
2.234169760308750896e-04
2.622600204370943450e-04
2.676568716073826366e-04
2.373199284196615667e-04
1.795306832371938559e-04
1.112435634942986721e-04
5.349594794852661605e-05
2.534839595304933489e-05
3.808554751933359455e-05
9.142495616192567506e-05
1.729763430399979972e-04
2.612897628836163030e-04
3.317765049999153552e-04
3.638885150959040638e-04
3.474779874650850225e-04
2.863911227403656036e-04
1.980717962696209537e-04
1.090781327248530280e-04
4.763240850875109865e-05
3.527281222023068554e-05
8.005597676991502393e-05
1.734272263770540972e-04
2.918919857685234646e-04
4.032459982439973297e-04
4.757446216870122582e-04
4.876248358223459378e-04
4.341492668432236717e-04
3.299315537785268287e-04
2.055949188396947840e-04
9.946151854365860258e-05
4.649513063962895122e-05
6.766077600015566644e-05
1.629088593805812842e-04
3.100771632990301880e-04
4.703541649207386086e-04
5.990165823715295395e-04
6.585061258856267927e-04
6.300538685160550750e-04
5.202942341523463052e-04
3.606223890111390608e-04
1.991031674225992297e-04
8.696053907054076355e-05
6.340746428381244346e-05
1.432721660454831423e-04
3.112748845610852425e-04
5.250206315368438278e-04
7.262714119758255371e-04
8.575578278645359324e-04
8.794350832862068415e-04
7.832476660219363229e-04
5.953419185788872076e-04
3.710142292860668265e-04
1.794680426043689363e-04
8.381413880547412105e-05
1.218462543175111677e-04
2.933932380308730352e-04
5.583830712596223045e-04
8.467611999250116784e-04
1.077913000305891602e-03
1.184268447026833775e-03
1.132234349211095562e-03
9.340409255044929441e-04
6.464763678228433591e-04
3.562020177619050812e-04
1.553468949622919377e-04
1.141876782420077189e-04
2.589501785122821378e-04
5.616537297713650395e-04
9.456720770923158700e-04
1.306165238621403643e-03
1.540034756189345537e-03
1.576920381080311939e-03
1.402000853074010771e-03
1.063335926719373003e-03
6.607419121418959315e-04
3.185721365038544288e-04
1.497227999237788279e-04
2.211973318018279190e-04
5.316341275822819915e-04
1.008158412303282979e-03
1.524509081425788918e-03
1.936114420370092749e-03
2.122483523753226214e-03
2.024584949071193008e-03
1.665745010772093446e-03
1.148942356199121649e-03
6.300818964169030553e-04
2.740118168837721085e-04
2.055737060959752463e-04
4.701044838268740155e-04
1.015724577459347668e-03
1.703855429892484020e-03
2.346279522129257958e-03
2.759009220373268446e-03
2.817684380681572624e-03
2.497966109197124335e-03
1.888034283502140189e-03
1.167992089688101639e-03
5.606348349050552064e-04
2.668592237393460479e-04
4.042849534419768799e-04
9.676616595585384043e-04
1.824065545240927642e-03
2.746132239494037102e-03
3.475334425558526848e-03
3.797888055914108545e-03
3.611180201845765221e-03
2.960307280306043263e-03
2.032217416443490160e-03
1.107016390729042383e-03
4.788201466574980216e-04
3.683115099371247710e-04
8.527948542536666456e-04
1.835631075022725557e-03
3.066258177374807208e-03
4.207411615531913944e-03
4.931826649474354771e-03
5.020944441055000956e-03
4.436118871954670105e-03
3.339540390725461751e-03
2.055994421843723372e-03
9.838577226778737975e-04
4.793972912380914820e-04
7.476914462923701194e-04
1.773233670738062892e-03
3.313091503629231847e-03
4.957916639926455288e-03
6.246027453729747700e-03
6.799103112585502470e-03
6.439918445498318128e-03
5.255886970220296009e-03
3.586557271504910334e-03
1.934884147956983033e-03
8.249467369593895764e-04
6.460180678252233502e-04
1.529044808949281496e-03
3.294253343361592222e-03
5.489263023312668938e-03
7.510938952244918324e-03
8.778746066401913947e-03
8.910249068603538075e-03
7.846205809921322910e-03
5.885104418114868625e-03
3.612083788589526018e-03
1.738083652755167702e-03
8.928245226342914915e-04
1.431331022463437240e-03
3.312748615775995206e-03
6.091568638664788919e-03
9.029744792668147405e-03
1.130237088389694777e-02
1.224011977678611529e-02
1.153768388938805969e-02
9.363996382517492806e-03
6.336147179989997172e-03
3.357812380064362310e-03
1.363679897879743665e-03
1.041672178625745269e-03
2.615110624589075689e-03
5.753202453857890301e-03
9.643243810720510817e-03
1.321112348495739192e-02
1.543151245784982195e-02
1.563917984600942529e-02
1.374795897362870133e-02
1.030676870919835023e-02
6.367349168839783746e-03
3.193579295926007866e-03
1.891359593598256061e-03
3.066016320681109238e-03
6.611526703582118296e-03
1.170178751150291116e-02
1.699724418102224049e-02
2.101634788218667213e-02
2.256930030032540391e-02
2.112758586138004796e-02
1.701550876996153761e-02
1.135742292200470765e-02
5.784119819225370593e-03
1.974144982344980259e-03
1.159092146085983826e-03
3.739219334265630156e-03
9.130006099628738825e-03
1.589703554351967751e-02
2.215288625317902299e-02
2.610962642494621400e-02
2.662824538143913206e-02
2.359906678006732511e-02
1.802938640761664671e-02
1.179617210322556758e-02
7.120214926805111533e-03
5.904936541247936613e-03
9.131474885695510524e-03
1.649515795454692055e-02
2.640611816197560580e-02
3.637437903991517368e-02
4.368587136845626662e-02
4.618402795131890115e-02
4.293049903639116482e-02
3.454303344745544846e-02
2.309469240749154745e-02
1.158363700734513051e-02
3.111253132116503090e-03
