7.780592494810085503e-04
5.257877842395421207e-04
3.377429854537774786e-04
2.658726694939643411e-04
3.383802179954715507e-04
5.505975785744198197e-04
8.593483020605532322e-04
1.190631192815734887e-03
1.470734317827831995e-03
1.677875399737306303e-03
1.850951366587649544e-03
2.038343077460335641e-03
2.279218590768490073e-03
2.626595336695802113e-03
3.166211037953327485e-03
4.012763919953528206e-03
5.232763255794125982e-03
6.701500227136239496e-03
8.055348420317671662e-03
8.859816063757377375e-03
8.909939629821365600e-03
8.433405847199145627e-03
7.945634405301934405e-03
7.852043661829828311e-03
8.292813843384391412e-03
9.251723392684001526e-03
1.060557825366873971e-02
1.214137201878968432e-02
1.362341357222296434e-02
1.482208729756021026e-02
1.548340003653202179e-02
1.534040172710244947e-02
1.424157079254010499e-02
1.239410525403472109e-02
1.029054806491857058e-02
8.333977778092555022e-03
6.713142904934462502e-03
5.467055043309813379e-03
4.514228524378655419e-03
3.762501229071338847e-03
3.193768343528086660e-03
2.774056655213546618e-03
2.427872526241115977e-03
2.118767731108694985e-03
1.859062556718784655e-03
1.663521260661112756e-03
1.522335444215197706e-03
1.399810401216736947e-03
1.262277447892393763e-03
1.110833462118619719e-03
9.675513782615369814e-04
8.389799654110769323e-04
7.203655667508688295e-04
6.120989534197803471e-04
5.129400337797183126e-04
4.195901050273841007e-04
3.344733867392902312e-04
2.634957965472872060e-04
2.099293425309115685e-04
1.734094226423951138e-04
1.514900395171230550e-04
1.404257607595587947e-04
1.353635142614978317e-04
1.316007317153557871e-04
1.261198022799276351e-04
1.171242189656673740e-04
1.029115846800997638e-04
8.289771228424775383e-05
5.964526582628454376e-05
3.763013201675379497e-05
2.001894370161432749e-05
7.918269067774796053e-06
1.952001117468635627e-06
2.281091292839453936e-06
8.445474112562753418e-06
1.874450305352913282e-05
3.002892127515923622e-05
3.865993902828368268e-05
4.260556517159068261e-05
4.192111059113896252e-05
3.784701640649328904e-05
3.290041825136829284e-05
3.046319829411460434e-05
3.298267323049454934e-05
4.059986116637564536e-05
5.112818845310978887e-05
6.141914412935632031e-05
6.888878341928999301e-05
7.168331219065489010e-05
6.860186047172822882e-05
5.963375798077622469e-05
4.668525241406368124e-05
3.253237399128331537e-05
1.881758239296971944e-05
7.265452387222792868e-06
1.331578000073092499e-06
3.607689983522014942e-06
1.352794706059926960e-05
2.815108049713662092e-05
4.230098747444596078e-05
5.043957767924346001e-05
5.093089200121569759e-05
4.584685460206180041e-05
3.807908989410226585e-05
2.966679362462435479e-05
2.176295528458198770e-05
1.624476614276745175e-05
1.582406582114449052e-05
2.197283600176895638e-05
3.364293875085487686e-05
4.727701022429892097e-05
5.814488290857072132e-05
6.289831532815538502e-05
6.062733221646123710e-05
5.195267468009520510e-05
3.846563178860278964e-05
2.306809089180688818e-05
9.816141773116035616e-06
2.421767621097356709e-06
2.986000605785158727e-06
1.164792712153395890e-05
2.627312305823100840e-05
4.265939509204348559e-05
5.573565368714477242e-05
6.102665374818248226e-05
5.733179853436716727e-05
4.701194012699239620e-05
3.328494526938676054e-05
1.935493852140562570e-05
8.663234008832458084e-06
4.394845128193086300e-06
8.208120320984454982e-06
1.931748891241376684e-05
3.515088728668808621e-05
5.282051556887374576e-05
6.921388791738961391e-05
8.037752150813540209e-05
8.226790801088302565e-05
7.305753538194936054e-05
5.465620115822101421e-05
3.300380862899294392e-05
1.667942463635228940e-05
1.284860304382591750e-05
2.421119912264471272e-05
4.875262916651745230e-05
8.021541964488668761e-05
1.099906379978195822e-04
1.302608221404456638e-04
1.348239699737597663e-04
1.198541249053613984e-04
8.805621117488450305e-05
5.079397404453116894e-05
2.173027877005422111e-05
1.044147552322419283e-05
2.120169311383387738e-05
5.282481814320077790e-05
9.787317349121941339e-05
1.420949842645448662e-04
1.685014004066808662e-04
1.667387954342150111e-04
1.378607754432717805e-04
9.346897215825745303e-05
4.987616951902426702e-05
1.945937321733636030e-05
9.179890483942597189e-06
2.230933163050630269e-05
5.572038913627319411e-05
1.002174729770258509e-04
1.453044034228904069e-04
1.811676588401240403e-04
1.986204214687402173e-04
1.932193582874630470e-04
1.690077451575715684e-04
1.333452681189432713e-04
9.395766124730838237e-05
6.160111264608634227e-05
4.776557345847411460e-05
6.009815130976519293e-05
9.809858291776483367e-05
1.511191598633379140e-04
2.020623151739187604e-04
2.347795909579355913e-04
2.381510387279536279e-04
2.044037776015306660e-04
1.396336980772542962e-04
6.912676040202943057e-05
1.816291690570126706e-05
8.607244640222096150e-07
2.144566472746956286e-05
7.646233696957176705e-05
1.524240693123514207e-04
2.301076301790059403e-04
2.858669030498057410e-04
3.008003046338054249e-04
2.719305244298226816e-04
2.116708609397405173e-04
1.428782274715312316e-04
9.120496516088142237e-05
7.597586513543333432e-05
1.064898141616846879e-04
1.764840809577204804e-04
2.598634816294620497e-04
3.253164997933228578e-04
3.549059933687391316e-04
3.409044169308735072e-04
2.820934849768045086e-04
1.949748152014488191e-04
1.069440074682285211e-04
3.985490365349490929e-05
7.517638858943399842e-06
1.673143726172618588e-05
6.849950797163857109e-05
1.589382283858684465e-04
2.768739546498689931e-04
3.973198538715415969e-04
4.835189408210845597e-04
5.057010218809102802e-04
4.556603574726451650e-04
3.456177211884125318e-04
2.070264570131217564e-04
8.566428511009061843e-05
2.142058736425806283e-05
3.415036560927469034e-05
1.225916904520942810e-04
2.652214312944636311e-04
4.306077583616920259e-04
5.836485536449571160e-04
6.692340919898433649e-04
6.370133071110614838e-04
4.984101130287474065e-04
3.271997970664533898e-04
2.110926237690828448e-04
2.074084068144015731e-04
3.425939335902526087e-04
6.194334634594849450e-04
1.013104001826765216e-03
1.473242222051788239e-03
1.926051728071957346e-03
2.280034674303044618e-03
2.431830962341347078e-03
2.293407936062460527e-03
1.853431588296836161e-03
1.235314536421345004e-03
6.714941703114181990e-04
3.837447953926399259e-04
4.747941803639565798e-04
8.911862806387448564e-04
1.482280103948808644e-03
2.073405471344843751e-03
2.469489254385368298e-03
2.495135699309153007e-03
2.144481731014848212e-03
1.610830171042288350e-03
1.160755932185741652e-03
1.008034826971916827e-03
1.239619927766595501e-03
1.812660759591177943e-03
2.575544457535935711e-03
3.336463358187477524e-03
3.922516643250892679e-03
4.173247805455750428e-03
4.003797052667945437e-03
3.437578879122515398e-03
2.551943750179347121e-03
1.530934897656374217e-03
7.050945885637618232e-04
4.074647998822664477e-04
7.995815336544736390e-04
1.818307283727968546e-03
3.161247504182170681e-03
4.347225531567981173e-03
5.001917019619994687e-03
5.050434976626273255e-03
4.539292159338258192e-03
3.524970227295423034e-03
2.246663863784843004e-03
1.134429018119075634e-03
5.973824085725261065e-04
8.740617332476726276e-04
1.951638383790488653e-03
3.599409480864672762e-03
5.477805136100386690e-03
7.115651784324265872e-03
7.983801075261582128e-03
7.826004055476605201e-03
6.698917684341738205e-03
4.881657354586753372e-03
2.911930488066229866e-03
1.394961117874935191e-03
7.351045388891135502e-04
1.138841004489946854e-03
2.642352756720697977e-03
5.070044294899703728e-03
7.993771413706501558e-03
1.069937949554762568e-02
1.224146181815559745e-02
1.185852235319129894e-02
9.644285134176793645e-03
6.471789744076634869e-03
3.334390776849677045e-03
4.882813796186680766e-01
