1.208698376562052828e-03
9.407887326772629549e-04
7.053845577255570161e-04
5.182506790242828124e-04
3.886538060559776415e-04
3.166551044533749823e-04
2.929318715710686446e-04
3.011259014616657998e-04
3.219977118027481729e-04
3.381732668681947411e-04
3.381398238930431407e-04
3.184074064892509397e-04
2.833155153701951085e-04
2.426589104379747459e-04
2.079265800608510648e-04
1.883168859945375060e-04
1.877102184900751299e-04
2.034540734089002902e-04
2.272501889505510820e-04
2.478016281735501451e-04
2.543662093979000174e-04
2.401177609030873692e-04
2.043026015053199008e-04
1.525611798979576198e-04
9.534378074473334817e-05
4.491588944756385210e-05
1.185645422898258563e-05
2.084851473037212044e-06
1.527722491192777242e-05
4.510839049861240484e-05
8.121182067977647501e-05
1.122495368719901039e-04
1.291720786203984835e-04
1.277135326743709227e-04
1.094123973549397796e-04
8.089779996107231380e-05
5.169628668677610602e-05
3.124415091207693730e-05
2.600940415723924879e-05
3.757566794864475074e-05
6.223792555013675661e-05
9.220099470410308029e-05
1.179940063178976301e-04
1.313593985487168431e-04
1.277457102251140081e-04
1.076643707036609962e-04
7.651904415741827203e-05
4.297565822629900170e-05
1.637446628487230224e-05
3.964450702687929679e-06
8.784407060230855341e-06
2.881393327638210626e-05
5.763366831189770676e-05
8.638322756179903777e-05
1.064217114960437253e-04
1.118924901562027001e-04
1.014297790101861455e-04
7.850661233106966228e-05
5.033254952392634130e-05
2.564233997018084836e-05
1.204506481398699268e-05
1.373008649161357147e-05
3.021494985812626845e-05
5.650551544633496934e-05
8.461470336717113354e-05
1.059799175912684398e-04
1.140514577487198656e-04
1.062744207829912203e-04
8.486915917229897490e-05
5.617555500615905597e-05
2.875664265536249318e-05
1.082909615380471023e-05
7.790741626306324193e-06
2.058785031961510913e-05
4.541525429798604806e-05
7.484431802345928243e-05
1.000459252034182001e-04
1.134456431513343770e-04
1.110151706488148965e-04
9.350882802322638696e-05
6.626625366640693637e-05
3.763048142071030732e-05
1.644692339078617147e-05
9.388784924698128528e-06
1.891317274771338466e-05
4.247011102871091554e-05
7.321612942835302961e-05
1.020341595500416415e-04
1.202661429994280034e-04
1.223431016954193017e-04
1.075179351581614327e-04
8.016574021733249963e-05
4.854027902018462842e-05
2.233847415842222405e-05
9.789089177869486126e-06
1.513631323216322152e-05
3.728421669794525011e-05
7.003128569568871245e-05
1.038527205657865710e-04
1.287211303036244880e-04
1.371339574307275846e-04
1.264378177502799218e-04
9.973396948515753395e-05
6.506230888888774272e-05
3.307387081949087122e-05
1.386185588002471499e-05
1.388942661182987420e-05
3.394424027145981126e-05
6.876135210856772705e-05
1.084680930580447420e-04
1.414588709049639358e-04
1.578671855638830103e-04
1.526014210576221840e-04
1.270163528504792815e-04
8.867972660151477761e-05
4.925342319677521467e-05
2.107771078454400348e-05
1.345409927888011699e-05
2.974068211086918140e-05
6.616015115407035646e-05
1.127299778671179791e-04
1.560963116140777940e-04
1.834728221885926613e-04
1.865288453896341513e-04
1.640516126666303380e-04
1.225409669191769167e-04
7.449212576076167215e-05
3.481126449152958528e-05
1.638559566680981562e-05
2.611726694705597985e-05
6.263314630740925712e-05
1.164173178659930690e-04
1.724078139378576696e-04
2.143579259327961560e-04
2.297069981033426911e-04
2.135091078181935466e-04
1.702016827625386507e-04
1.126043529173239400e-04
5.835125861289405011e-05
2.474039652127596830e-05
2.349567013425156505e-05
5.701768858819109838e-05
1.173084364416374781e-04
1.879932263350781081e-04
2.489463097022189464e-04
2.822240834552589527e-04
2.775673894541366856e-04
2.357983179630460916e-04
1.690069634800802517e-04
9.734754029313357165e-05
4.327694489018868570e-05
2.487108254873098646e-05
5.019585468005414986e-05
1.144701376450724979e-04
2.009866807192019840e-04
2.856645033973271674e-04
3.440085920527665981e-04
3.584790723943354616e-04
3.240679250228327857e-04
2.503309052967354681e-04
1.591169645329297078e-04
7.850049639023667859e-05
3.458471889225362089e-05
4.355402881641921820e-05
1.063774411615344562e-04
2.078685959614890030e-04
3.205695187414359690e-04
4.124946181966737679e-04
4.565698762309931304e-04
4.390003050601743785e-04
3.640026229078456273e-04
2.533227456543444200e-04
1.404572671904792149e-04
6.108648366448315645e-05
4.243061961071623554e-05
9.468264837194040546e-05
2.071848433998863209e-04
3.507076183393738594e-04
4.854153063182258844e-04
5.723764538993875682e-04
5.853164512944264214e-04
5.190909780363457508e-04
3.921871620783935709e-04
2.422332676098810152e-04
1.155522725384233420e-04
5.363018366604751272e-05
8.042571265690492759e-05
1.943722371045589431e-04
3.676877254839953121e-04
5.535320223997895143e-04
6.992186972708436428e-04
7.617888312638494263e-04
7.213763486912008315e-04
5.882486313901850181e-04
4.011165961622188475e-04
2.168193087571508809e-04
9.408280906121274461e-05
7.595650565284033464e-05
1.761403663770320157e-04
3.734896448310226318e-04
6.167281152679806883e-04
8.384310224430179806e-04
9.745130174401416554e-04
9.836286333774560148e-04
8.606579923625123918e-04
6.399530021292402148e-04
3.868895768274450368e-04
1.797123132729295462e-04
8.666417400864573134e-05
1.450430575215153289e-04
3.485613506376651692e-04
6.471934269838155009e-04
9.601461984667821175e-04
1.198679933736340871e-03
1.292395808417412008e-03
1.211263691404018640e-03
9.765749304006252681e-04
6.570039097085857756e-04
3.502485756979234130e-04
1.550696552115704671e-04
1.416595601936658760e-04
3.291529862769930004e-04
6.773714186040184900e-04
1.095964678364930471e-03
1.469046820998398933e-03
1.688685675938779874e-03
1.687631368968576379e-03
1.461435431231295542e-03
1.072819991597021320e-03
6.361353100839938759e-04
2.856098601234850591e-04
1.361342552782479436e-04
2.479785234360131103e-04
6.062101460364989047e-04
1.121688990176024966e-03
1.654374409038015170e-03
2.053022088627202632e-03
2.200144982853541840e-03
2.048994444033998968e-03
1.641068996411242011e-03
1.097941647573966303e-03
5.885995094045716729e-04
2.808952458124004637e-04
2.908982844984897001e-04
6.452413918599817031e-04
1.268404017423423701e-03
1.999985737925718057e-03
2.638283662620736006e-03
2.998425785686462813e-03
2.968377017000630846e-03
2.545957242798556168e-03
1.844876083953737042e-03
1.066484505841982806e-03
4.440496559686754998e-04
1.749161847202896595e-04
3.602848775650534978e-04
9.710046648518698767e-04
1.850859363563832523e-03
2.758136852067089202e-03
3.434817672581045277e-03
3.683909049791564503e-03
3.432050857730198357e-03
2.757817650389560431e-03
1.875476390167735846e-03
1.076831321951369526e-03
6.465106083142818563e-04
7.748018209338965829e-04
1.494104697306209307e-03
2.659315288263863503e-03
3.980327647364941684e-03
5.099655206743855355e-03
5.694330499305517990e-03
5.572950184265956786e-03
4.738747592769815623e-03
3.398299387371679463e-03
1.910719567709195368e-03
6.897152652561562656e-04
8.553767879608321662e-05
2.811277416659227349e-04
1.234093306795694660e-03
2.683878580225044445e-03
4.224810816003624764e-03
5.425924637534133496e-03
5.963454934430973547e-03
5.726397831220260415e-03
4.861688534899270137e-03
3.742071414586654529e-03
2.862202175511706186e-03
2.690482229739812794e-03
3.518967319693724633e-03
5.356603771697643866e-03
7.900547266474279226e-03
1.059887352120194789e-02
1.279146069235480819e-02
1.389188548624588695e-02
1.355910911014714289e-02
1.180822076521471399e-02
9.025115744994805650e-03
5.876777558140925534e-03
3.139337137720434306e-03
7.139687936775742649e-01
