6.420476922195483653e-04
1.553087145851147436e-03
2.731503698702687430e-03
3.987726447654406196e-03
5.097961895099357293e-03
5.864103263850528949e-03
6.167373460084937462e-03
6.004763606958929065e-03
5.523138737059787688e-03
5.003280617185680741e-03
4.687661405527954184e-03
4.622496968229181102e-03
4.711789159956710285e-03
4.859427663894972348e-03
5.060358348445322986e-03
5.392958320527821078e-03
5.901377246233596198e-03
6.504724498326687129e-03
7.066982992659722081e-03
7.546227404348122662e-03
8.093567064438377673e-03
9.076065118389644790e-03
1.102119193222884583e-02
1.443137765150330487e-02
1.955019633641454091e-02
2.623511573870300484e-02
3.386707399375504107e-02
4.143584392607532058e-02
4.792681188068338011e-02
5.254597306325220485e-02
5.459924032106927561e-02
5.344562668801043637e-02
4.885906801322812548e-02
4.179114421206482632e-02
3.405143392195542074e-02
2.704161016687102112e-02
2.140355415186537269e-02
1.728797914108290076e-02
1.447566751876963424e-02
1.271457674504373331e-02
1.196805829703644075e-02
1.211505574568797275e-02
1.278254764595685398e-02
1.361616531963517375e-02
1.445909088287491637e-02
1.523408896032345944e-02
1.574930070876806587e-02
1.561058669144884531e-02
1.451113816356037686e-02
1.266641070940953233e-02
1.061782615897489609e-02
8.692980979261220181e-03
6.998681331144995625e-03
5.591002133364608717e-03
4.429484937133641546e-03
3.419925948358860501e-03
2.521700878818650213e-03
1.748831940652437189e-03
1.125882142738510606e-03
6.738820466176958113e-04
4.073468038359537454e-04
3.270987212045939341e-04
4.167224731412052640e-04
6.423057510774197922e-04
9.568222562492597347e-04
1.305741994303275368e-03
1.620585747463664439e-03
1.824377330768464991e-03
1.880044779626716686e-03
1.821167610982606360e-03
1.706146982215871102e-03
1.554468656813744274e-03
1.385402658795153400e-03
1.199166179899720762e-03
9.954660451075357346e-04
8.001037067139546433e-04
6.481853378840256785e-04
5.714679963014848707e-04
5.822204463583387918e-04
6.566144891820462418e-04
7.356772383112959463e-04
7.530601610128196712e-04
6.776192374206574257e-04
5.255484468112696546e-04
3.383709978324675330e-04
1.673589091617837732e-04
6.303084328505816818e-05
5.673591250783393419e-05
1.539627814469012750e-04
3.382792562304334956e-04
5.768930823174733477e-04
8.359500055052100208e-04
1.096642735310303200e-03
1.321274963551955558e-03
1.408996118819958680e-03
1.281174691143180389e-03
1.004750146869151390e-03
7.214896402862934575e-04
5.184119330806384509e-04
4.186687025761002406e-04
4.137894984079690491e-04
4.756239692868803560e-04
5.698676148174583889e-04
6.684398805009929192e-04
7.433474931255632748e-04
7.465084572716980480e-04
6.337744999918663033e-04
4.269718266824452111e-04
2.082157790888232245e-04
5.899807414638583554e-05
2.846662741578708794e-05
1.233146994760001165e-04
3.086822777929948891e-04
5.294846041400673876e-04
7.290288371793667921e-04
8.551193869565660698e-04
8.713575437858079534e-04
7.776236041627622095e-04
6.102686661868277811e-04
4.186155525755182226e-04
2.472419301213777450e-04
1.334623920568796273e-04
1.020560616774762909e-04
1.527318362705998322e-04
2.579350448772045894e-04
3.765751141065796321e-04
4.750617304511870961e-04
5.300211907002293568e-04
5.242320302310836053e-04
4.516774892373276169e-04
3.263283572332187788e-04
1.839511546768363495e-04
6.930876778300140955e-05
1.584824393101426780e-05
3.473683818839555005e-05
1.195848740673226697e-04
2.500907307087029763e-04
3.913019386819042728e-04
5.001572832781637189e-04
5.386034901072279339e-04
4.891353843020682752e-04
3.705088575229051936e-04
2.299348224808201563e-04
1.153913772814984216e-04
5.658935860308659355e-05
6.333112025470806787e-05
1.271165746449963625e-04
2.248756488616793160e-04
3.247737217519201000e-04
3.904118045319331662e-04
3.941186979902542957e-04
3.370692955823377480e-04
2.455007281520016436e-04
1.495041183311066697e-04
7.318709396614102303e-05
3.327567440046985854e-05
3.724092070366282164e-05
8.022047768620489661e-05
1.435257163873242237e-04
2.013315644371116203e-04
2.321352221713598540e-04
2.280042340240149505e-04
1.968941166095709329e-04
1.514819493407241916e-04
9.937676042240571280e-05
4.901871422719668325e-05
1.390934358038452593e-05
4.621099647637501339e-06
2.302607923992425635e-05
6.385673572502207664e-05
1.168733914416129329e-04
1.697178249699077095e-04
2.137262823571594293e-04
2.438282136027393888e-04
2.547285277200474207e-04
2.449674548759089268e-04
2.183260937191218421e-04
1.810110189052099362e-04
1.435387796986224186e-04
1.184316087333851829e-04
1.125831417769470238e-04
1.241803756414328020e-04
1.438849196645026671e-04
1.561654013424777722e-04
1.477613752842131534e-04
1.196104236751606979e-04
8.205196946784154002e-05
4.556222155488368725e-05
1.802063489622155105e-05
4.271448785185738790e-06
7.229512652682682014e-06
2.672878371196619576e-05
5.812236276535061969e-05
9.290523440647086983e-05
1.221822551558541582e-04
1.396303957502869415e-04
1.433460032320174973e-04
1.364389163248482580e-04
1.231453929730437686e-04
1.052219579987304890e-04
8.404580910798280149e-05
6.436980248138861099e-05
5.242771387378909352e-05
5.076210546966447530e-05
5.665897590165521440e-05
6.415672352021891648e-05
6.812407128008147409e-05
6.679308024856241588e-05
6.036239727218919434e-05
5.004673796867584109e-05
3.783961643491913610e-05
2.556761590265064845e-05
1.463725192004670169e-05
6.217396244407972044e-06
1.436406111471296077e-06
1.248952849964589032e-06
5.662227800215208010e-06
1.337851062719365165e-05
2.206697133059256624e-05
2.894870895919540152e-05
3.205825676524101046e-05
3.108101210986928282e-05
2.677597980623656928e-05
2.018267619758808381e-05
1.284598621722088819e-05
6.712312873923671313e-06
3.100045013435297098e-06
2.590990006443513026e-06
5.027306177647768432e-06
9.217711876617244927e-06
1.353858498548188077e-05
1.709556383191501331e-05
1.995759866997645225e-05
2.205597370348849601e-05
2.284047955706703203e-05
2.211549168711143002e-05
2.029574008961504796e-05
1.818004993049055412e-05
1.675637840837944684e-05
1.689229628919330098e-05
1.896035638536513584e-05
2.244552646996967978e-05
2.588993004655897485e-05
2.750042784321740164e-05
2.595883493278953682e-05
2.125066130205921958e-05
1.501261581777692418e-05
9.507310975580165173e-06
6.439786458502971928e-06
6.670053123226533232e-06
1.009793144490455712e-05
1.549800855329052521e-05
2.097131014516568655e-05
2.482193754444899535e-05
2.637813392616513791e-05
2.578052396736973002e-05
2.315758030147786254e-05
1.879566272642220102e-05
1.365230167874084559e-05
8.900258853031372267e-06
5.464863548894730524e-06
4.013906713433671461e-06
4.793957883185434119e-06
7.460122554245212883e-06
1.097377788114825490e-05
1.386387238263440091e-05
1.497130223985791678e-05
1.392529434859129394e-05
1.095041632062026457e-05
6.716468293645581465e-06
2.584406213403871416e-06
2.029561315452051507e-07
6.192307551676503784e-07
4.066402876590826227e-06
9.961634046053997177e-06
1.680050802966845524e-05
2.272543141550495389e-05
2.612187596837562418e-05
2.597052108092578755e-05
2.251286629020508146e-05
1.728519464639804404e-05
1.206997908558703523e-05
8.219739328716644706e-06
6.802810572856565592e-06
8.429301236443557013e-06
1.287271487915652056e-05
1.902123335746419086e-05
2.538189655796248707e-05
3.100470210642983579e-05
3.539552332623443446e-05
3.776495396237049620e-05
3.750601185398771774e-05
3.482667095262303200e-05
3.066911654493369106e-05
2.674683028400192577e-05
2.548249491923871703e-05
2.965503367749855419e-05
4.170436253264551795e-05
6.323017235771699585e-05
9.493847345250520584e-05
6.524246622867345413e-02
