2.820495969726966815e-05
1.025522268235952152e-04
2.007454188035886274e-04
2.861835868716711270e-04
3.110922166801479002e-04
2.477184335283849734e-04
1.231109961478722302e-04
2.179411051975657320e-05
2.478235005558076208e-05
1.289193694629796501e-04
2.664841169111285563e-04
3.629469559405229789e-04
3.645445788721532942e-04
2.821849486557164756e-04
1.774052357891749143e-04
9.455823647480882197e-05
3.973283792843263190e-05
1.235157557790832876e-05
1.931018121761014509e-05
5.241951881285219751e-05
8.024110458154210901e-05
8.391703339085930806e-05
7.562981336027944110e-05
7.235545583043476636e-05
8.200500926397691305e-05
1.065804697859462955e-04
1.387029573214655501e-04
1.582387934486486334e-04
1.443634265297514597e-04
9.509846134571521429e-05
3.644167225214311822e-05
1.208332278267974293e-05
4.746177337139973542e-05
1.178025003378117174e-04
1.770432442133249560e-04
2.024185088151881154e-04
1.962422103998764315e-04
1.706002430621282855e-04
1.311125537248906611e-04
8.362870892972600544e-05
4.205037030250100287e-05
1.480202170872701969e-05
6.475307761366895031e-06
1.882899715033501306e-05
4.523454261716866652e-05
7.359431107296614673e-05
8.874131794261010207e-05
7.503557740353395073e-05
3.615009508873789326e-05
4.704849455196085349e-06
6.716085722438480622e-06
4.121320958561545744e-05
8.839047671794964705e-05
1.262241178797888868e-04
1.413541038567753413e-04
1.302123243037800037e-04
1.063041102385262109e-04
9.178978439325440844e-05
1.003279721875416689e-04
1.339876159280955711e-04
1.895808279752912316e-04
2.637764057458371193e-04
3.491588278659288791e-04
4.331755834032690526e-04
5.113999342729023696e-04
5.839702540127313752e-04
6.295177713684983831e-04
6.106049300980743479e-04
5.342453226600248160e-04
4.617853459516078939e-04
4.442384904780427406e-04
4.889216811218505612e-04
6.186229596069033661e-04
8.382558095737397416e-04
1.096722967715786472e-03
1.309428800321356130e-03
1.364279616227463080e-03
1.228487407655640259e-03
1.022664982162080566e-03
8.387875056357692750e-04
6.552186760075802635e-04
4.808303516829714975e-04
4.446520350867695604e-04
6.830238844138414745e-04
1.210580228701230209e-03
1.868980126520484964e-03
2.443734857656751965e-03
2.852191009408774989e-03
3.085360662688467568e-03
3.109397018313928354e-03
2.909863535203412351e-03
2.634626786024300057e-03
2.498538620625374677e-03
2.385347362304680082e-03
1.799520545233616918e-03
7.966237237304609701e-04
2.953121962877871794e-04
7.186389957391855089e-04
1.752463078077591812e-03
2.568134306936380087e-03
2.421540085915864504e-03
1.663166913730479077e-03
1.009075670615451744e-03
7.989765092912924768e-04
1.138931956082040288e-03
1.983724494565530534e-03
2.812104207448503420e-03
2.919870433951679469e-03
2.273007975922576758e-03
1.282601512124897144e-03
3.870408187214597218e-04
2.724610136720962318e-06
3.126927045688807712e-04
1.258590436608493252e-03
2.743730362155890994e-03
4.603767609761906694e-03
6.483665139707866371e-03
8.083876501359596456e-03
9.467809210610198326e-03
1.080111010499962103e-02
1.175693693859264366e-02
1.144728711930047445e-02
9.488887686266399279e-03
6.282280110288693438e-03
2.833701999527576260e-03
5.976321246682861788e-04
2.725757452637612380e-04
1.811376995827474259e-03
4.876831900195333080e-03
8.552532895971375060e-03
1.122605591699134958e-02
1.157662182230787158e-02
9.895641654155759234e-03
7.927226721898338740e-03
7.129035404820527506e-03
7.995536021336600158e-03
1.038738850371230538e-02
1.345841747318526210e-02
1.567906345212768948e-02
1.526005146265902238e-02
1.137063774470240506e-02
5.762680895443436473e-03
1.428282913931237016e-03
6.845085960523197648e-05
1.981527517256752476e-03
6.833173879541304049e-03
1.380616086498039942e-02
2.215784848327115655e-02
3.060024010817748857e-02
3.558569953611243064e-02
3.328408946164446852e-02
2.514682264792963279e-02
1.594120204054927728e-02
8.372541242350057394e-03
3.097135598040799600e-03
3.392504492965014583e-04
3.948382623071561423e-04
3.140202662635143728e-03
7.027008407490338733e-03
9.685575093993363527e-03
9.782818034573112151e-03
7.936527311143129135e-03
5.940595860783087941e-03
4.845391665691129064e-03
4.509796168996832097e-03
4.332400213423439651e-03
3.963803898611971410e-03
3.521313516758758921e-03
3.193115278121387741e-03
2.949037802167001933e-03
2.605165817780649186e-03
2.098145929056104662e-03
1.567834867149644129e-03
1.088913889752701585e-03
6.433970572499861981e-04
2.828280119306955231e-04
1.077972109889283395e-04
1.961799073271706375e-04
5.002470754795864446e-04
8.072976180535937699e-04
9.090488425773801283e-04
7.687016801816582822e-04
4.820991632820613676e-04
1.735003322771999656e-04
2.972960594040993163e-05
1.478927614103202099e-04
4.847445931750368731e-04
1.028117193757105245e-03
1.898414933928691071e-03
3.224743822146175325e-03
4.777389577518375945e-03
6.471186279018425851e-03
7.789736216456405113e-03
8.126159277262881911e-03
7.414366017012893190e-03
5.949421650973084341e-03
4.211871807768736292e-03
2.690657970075747540e-03
1.500890955639950803e-03
5.538012042180682701e-04
4.218591902918222039e-05
3.083402536507939915e-04
1.168932385027510873e-03
2.114751201892440050e-03
2.738503987187014630e-03
2.694182209987461274e-03
2.083336805090044413e-03
1.380888935117952727e-03
8.723039299008578671e-04
6.506900945665199717e-04
7.668217996936862665e-04
1.325518605172053234e-03
2.583597349841228446e-03
4.944350826166654320e-03
8.519016296979863359e-03
1.256448195186184690e-02
1.593907334223552269e-02
1.788497476174273626e-02
1.768674006374384294e-02
1.487861310834915490e-02
1.051378276821764504e-02
6.314167668515209206e-03
3.125623544591765897e-03
1.097880873500825137e-03
4.786643747198928204e-04
1.552135803595630636e-03
4.546586127407478695e-03
8.756368026309378771e-03
1.130046031201449412e-02
1.000540936430998305e-02
6.311000809955139186e-03
3.080899494058857418e-03
1.272576010091437107e-03
4.398992468944974655e-04
2.359892356100201346e-04
5.475693994814476249e-04
1.263607321755180583e-03
2.182361933645203967e-03
2.966465249165176499e-03
3.133705494332934480e-03
2.310478522211628898e-03
8.548400379069627736e-04
8.702858327660207400e-06
6.393986675591895735e-04
2.040402385559907973e-03
2.676491102412095757e-03
2.057218414317130064e-03
9.694907706288013755e-04
2.406990517372763357e-04
2.796272297769566420e-04
9.829767407269335549e-04
1.659974931700421499e-03
1.735511494769442775e-03
1.325649127971683088e-03
9.750582204304834378e-04
1.068496034459655774e-03
1.683023620546068811e-03
2.643862861895494507e-03
3.694258077767256353e-03
4.649745446690160822e-03
5.242063174679216335e-03
5.276745798675325748e-03
4.727319999673807935e-03
3.447067996725489743e-03
1.603859778654645333e-03
1.981834623292173055e-04
2.172708295083751137e-04
1.689048313449256853e-03
3.831075632386807608e-03
5.220627886083368391e-03
4.656755799993392980e-03
2.765238746560550083e-03
1.064900515530155158e-03
3.532540499897875944e-04
8.627938818906814031e-04
2.282172268205619452e-03
3.761559414968638267e-03
4.428436548500523651e-03
3.844146947996919354e-03
2.497430581650478786e-03
1.438606176666577243e-03
1.358943006061696544e-03
2.398338276082079366e-03
4.131398579893353490e-03
5.816763627168204491e-03
6.773188105841163389e-03
6.456966301553687150e-03
5.085987142425498625e-03
3.575099175357984195e-03
2.443473739710310191e-03
1.741473295445139817e-03
1.566704150781515672e-03
2.126622617229623202e-03
3.567221810974497819e-03
5.664800352955263324e-03
7.364830160580250647e-03
7.195464937661461870e-03
5.126907731890098865e-03
2.570457511343771963e-03
6.850905604945820232e-04
