2.315652788865929252e-03
1.547121506001999675e-03
9.597423083013893828e-04
5.344640065256416918e-04
2.552147607156843735e-04
1.084736599807061566e-04
8.290277053322441111e-05
1.690381900835499643e-04
3.590361686640841329e-04
6.464674487586582335e-04
1.026149879980897467e-03
1.494006507021597863e-03
2.046934233023208621e-03
2.682667300914910735e-03
3.399620528855794993e-03
4.196699560873433550e-03
5.073069172693445844e-03
6.027875518020683887e-03
7.059923606334802745e-03
8.167316755916507326e-03
9.347069839068763639e-03
1.059471254379300634e-02
1.190390246627596148e-02
1.326607054962248775e-02
1.467012312046907588e-02
1.610222539071105505e-02
1.754569051892816353e-02
1.898099582167748697e-02
2.038594317580696980e-02
2.173597393102322251e-02
2.300463996851243031e-02
2.416422254753159554e-02
2.518648036215842892e-02
2.604349916327567890e-02
2.670860879437854385e-02
2.715733064171653444e-02
2.736831976364516306e-02
2.732427091904064340e-02
2.701276501527290902e-02
2.642704005773778217e-02
2.556667608464300440e-02
2.443818461093507505e-02
2.305548838964021144e-02
2.144026672397141356e-02
1.962212657000378738e-02
1.763854318675571464e-02
1.553450015941122524e-02
1.336175175695170948e-02
1.117763498901897141e-02
9.043377489781618053e-03
7.021881784628814828e-03
5.175015649975831661e-03
3.560498783648616966e-03
2.228542145837976267e-03
1.218460415958868680e-03
5.555310132737921718e-04
2.484056082321577184e-04
2.873833393301386909e-04
6.438225580133824120e-04
1.270897029351991539e-03
2.105795285611289543e-03
3.073326236703165671e-03
4.090743913373229464e-03
5.073457640178058101e-03
5.941171448139100780e-03
6.623917402899835022e-03
7.067426141456130580e-03
7.237320624864497162e-03
7.121722397633138690e-03
6.732010287151887415e-03
6.101648965589772516e-03
5.283185442404291290e-03
4.343673366036136449e-03
3.358911999673302486e-03
2.406971402015753957e-03
1.561518602678838279e-03
8.854681105237699728e-04
4.254621310136957554e-04
2.076466636220003124e-04
2.351486169161603470e-04
4.875696177520965811e-04
9.226846571658549410e-04
1.480360798535294321e-03
2.088494040044270618e-03
2.670515523314361938e-03
3.153770915746151836e-03
3.477870361257003138e-03
3.601987377245516580e-03
3.510095076266003030e-03
3.213293041440109469e-03
2.748699250605207006e-03
2.174829901326674406e-03
1.563907684431410433e-03
9.920450950290087434e-04
5.286525803321498549e-04
2.266368700116516189e-04
1.149223547703608973e-04
1.945280573366601508e-04
4.388953788844344788e-04
7.984693188864801575e-04
1.208810131446553127e-03
1.600892909429104533e-03
1.911866765088971040e-03
2.094477825092174676e-03
2.123630170333642205e-03
1.999111216363454527e-03
1.744224733980789506e-03
1.400802567976877589e-03
1.021655303308622795e-03
6.618638404066894999e-04
3.703656161628168363e-04
1.830800819760137479e-04
1.184323191001467989e-04
1.756795310079766674e-04
3.360198313215407499e-04
5.661267011031343365e-04
8.235213260421130315e-04
1.063050415185110963e-03
1.243650134307485930e-03
1.334532133303325012e-03
1.319936973383791391e-03
1.201698313113452876e-03
9.990860385954841716e-04
7.457626723965102896e-04
4.841645736176005028e-04
2.581272701424430598e-04
1.049974019213282753e-04
4.869338118639927491e-05
9.510797307004277828e-05
2.308675537133017151e-04
4.258306808632440201e-04
6.389469611598354694e-04
8.263710616872885304e-04
9.502036421593799747e-04
9.860413882707124572e-04
9.277234457199577764e-04
7.882355340773903631e-04
5.965629185260089675e-04
3.911884633639914864e-04
2.117005782738553372e-04
9.041494594051330280e-05
4.590074585127631356e-05
7.982440606917179100e-05
1.776940209337610687e-04
3.131206925789349681e-04
4.543708876807205977e-04
5.714973453350470373e-04
6.423315761527998401e-04
6.560774020989391334e-04
6.139993317314881459e-04
5.275029159246844099e-04
4.145089254928860053e-04
2.952689844885848444e-04
1.886358914262705399e-04
1.094016229939002879e-04
6.684397790662530256e-05
6.426842338435307766e-05
9.920340962829187674e-05
1.639963304028049893e-04
2.467546774224490440e-04
3.327349657180501269e-04
4.062884152264817621e-04
4.533039670976124480e-04
4.638207404365010536e-04
4.342482013626343916e-04
3.685626062581550191e-04
2.780059187858596823e-04
1.791662407828293561e-04
9.075361548556244913e-05
2.975603438871293071e-05
7.847801527475770561e-06
2.887466633389754197e-05
8.798437776785710614e-05
1.725915766521141223e-04
2.649652998417788828e-04
3.458934272481007256e-04
3.986662310128464334e-04
4.125552163815127474e-04
3.850487347771115818e-04
3.223355546811100536e-04
2.378790812208564061e-04
1.493479805269832346e-04
7.457813362671757737e-05
2.752526574076634495e-05
1.522277419064034160e-05
3.653145575337313059e-05
8.299060433714673527e-05
1.414813719980647267e-04
1.978825955174802454e-04
2.406208843876403609e-04
2.630966361211513490e-04
2.643845228706883104e-04
2.482125475306690122e-04
2.207958460364266285e-04
1.884305469276316934e-04
1.557263365226801304e-04
1.250028641020841096e-04
9.685185425980166198e-05
7.139201113671844311e-05
4.950539565749580162e-05
3.342302532939530084e-05
2.636931287782320942e-05
3.141879807813887000e-05
5.007085703093250924e-05
8.116609417385168852e-05
1.206176691319209472e-04
1.620933730487638714e-04
1.984140858349825150e-04
2.231866408649172870e-04
2.321534563765114225e-04
2.239078479678726459e-04
1.998972096193660957e-04
1.638855181822449771e-04
1.211683984352764196e-04
7.779710744094584353e-05
3.992138312516514432e-05
1.320396270371789858e-05
2.187391424709086252e-06
9.550076447162793861e-06
3.534297465986820276e-05
7.646157761449644708e-05
1.266764021487502725e-04
1.774538097367075052e-04
2.195567861438969251e-04
2.451078602563953575e-04
2.495520258763882704e-04
2.328926233760179930e-04
1.997392681777840362e-04
1.580640776129742578e-04
1.169898282033466432e-04
8.427458415426666567e-05
6.428031325259037218e-05
5.706434653408137250e-05
5.885904893305533457e-05
6.373785401390927633e-05
6.587148536845475815e-05
6.159657452922285962e-05
5.061133785614231460e-05
3.594072793738785603e-05
2.275369815393639991e-05
1.650784898305613464e-05
2.110381609836850763e-05
3.768699038764426865e-05
6.446454655251786865e-05
9.751856930366312789e-05
1.322369649836827900e-04
1.647825746466719443e-04
1.930447242649300024e-04
2.167488849530121347e-04
2.367461263036059200e-04
2.538321380159382556e-04
2.676330012090033603e-04
2.760727881324604805e-04
2.757153154373908873e-04
2.629310267930585424e-04
2.355050050743908883e-04
1.940966172336410086e-04
1.429631536799083917e-04
8.957464024322153717e-05
4.310623087823168414e-05
1.217893912998318369e-05
2.499170917908276813e-06
1.512575924950158577e-05
4.593825176366580251e-05
8.653601745518940658e-05
1.263698847640289504e-04
1.555299185614060639e-04
1.674034960693119808e-04
1.604440079132493310e-04
1.385464407360383749e-04
1.099350896936917204e-04
8.490694929700877500e-05
7.310915490702997357e-05
8.115883000773917231e-05
1.112995010358194613e-04
1.614642633582678084e-04
2.266797603996751134e-04
3.013283820685651662e-04
3.815152353430370188e-04
4.667448847463168474e-04
5.603163426007093514e-04
6.682362159580460459e-04
7.969155280218108818e-04
9.503177980933183227e-04
1.127442640487192347e-03
1.320990091148921929e-03
1.517758493165990812e-03
1.700858939645906410e-03
1.853311157545813916e-03
1.962166176663482017e-03
2.022103417815358621e-03
2.037538095471943048e-03
2.022634368824818493e-03
1.999158826062039530e-03
1.992682444325322155e-03
2.028087444607849267e-03
2.125528605090536063e-03
2.297874089253414218e-03
2.550233592246422751e-03
2.881580447392685304e-03
1.262184976495611122e-01
