1.855758151157585467e-03
6.568243708492313079e-03
1.199686873175865101e-02
1.574499146834459212e-02
1.627637597481820450e-02
1.358787911881567320e-02
9.135810581314652082e-03
5.077839220953019560e-03
3.215727964106404775e-03
4.153872300347947327e-03
7.068530982513607751e-03
1.017731581729212909e-02
1.165914136799700920e-02
1.056493701959489682e-02
7.276416987999086150e-03
3.300345467656768880e-03
5.131601308959842910e-04
2.353246494633951446e-04
2.589791642420050458e-03
6.451920487443773590e-03
1.000466427909123442e-02
1.161811606123078038e-02
1.062005046084426099e-02
7.585801848335347805e-03
4.017935378298947979e-03
1.587160786127083572e-03
1.317108891286267874e-03
3.114442819384916072e-03
5.866043894318462640e-03
8.038802058784133217e-03
8.468742095472759496e-03
6.938449674805755724e-03
4.256781128671382856e-03
1.812161167160872884e-03
8.387084421314068648e-04
1.776974564656094626e-03
4.056895694773325275e-03
6.409065074388192035e-03
7.536567268548409297e-03
6.794725957295497804e-03
4.525200198630438542e-03
1.873459601346396351e-03
1.890298658167705557e-04
3.247029868070182160e-04
2.200996336756086327e-03
4.859923689454726317e-03
6.973247655736017694e-03
7.531997604704895877e-03
6.352304910481680958e-03
4.135454838358214660e-03
2.061365366684148222e-03
1.144173007870163787e-03
1.701809447168857155e-03
3.222648012778166378e-03
4.690387815931274657e-03
5.175896377621501052e-03
4.360888090473162212e-03
2.701996457906965729e-03
1.149664811016409740e-03
5.884067003080503504e-04
1.321378577287496024e-03
2.894619125634582350e-03
4.360514680531444795e-03
4.827606719343834410e-03
3.979180478648388850e-03
2.260968591050106780e-03
6.290287402958487199e-04
2.834984493518978289e-06
7.390288141124832372e-04
2.429003721554742062e-03
4.135317346564320110e-03
4.927342045482977113e-03
4.404311798933430860e-03
2.904694125831962671e-03
1.287570876286390706e-03
4.234071051573154660e-04
6.988896051086585567e-04
1.824877743829654477e-03
3.049286343008170488e-03
3.632330690706701056e-03
3.288178791257663665e-03
2.326474282989732592e-03
1.418852410699207242e-03
1.149395583707136332e-03
1.638697134385160058e-03
2.478565041425791031e-03
3.013174639177288762e-03
2.780675514899666988e-03
1.827572108115177365e-03
6.910383005327032629e-04
5.866377735355707084e-05
3.238054397862943305e-04
1.323700467819070511e-03
2.431809268801578706e-03
2.949009270690466835e-03
2.545705808477569283e-03
1.472766763925492011e-03
4.059888790897800588e-04
2.253964295414108171e-05
5.782409504471009527e-04
1.752299214695160002e-03
2.853493223726029371e-03
3.251256073233953735e-03
2.755499532816691605e-03
1.708911522606536629e-03
7.456814328766776367e-04
3.847607000941069772e-04
7.242463875934016058e-04
1.425436581582642265e-03
1.977229712969515510e-03
2.048274957132227743e-03
1.686807936216756700e-03
1.243535614274673268e-03
1.087996442491886593e-03
1.328378525180418752e-03
1.734693426237970092e-03
1.915988684345185317e-03
1.620298299923066251e-03
9.388869599915745110e-04
2.643233315051844246e-04
2.662943772940877589e-05
3.903695347405730588e-04
1.126590727884322490e-03
1.754550943316348114e-03
1.861344560669377047e-03
1.382531502684621353e-03
6.507862846561239620e-04
1.765466563124789461e-04
3.069495654427380335e-04
9.920650700317897031e-04
1.814542022637421603e-03
2.261086634930077090e-03
2.053397664275001533e-03
1.320574833330115123e-03
5.057502988526207249e-04
7.820876259674388480e-05
2.464034607119454465e-04
8.558836164857047072e-04
1.523096197725702823e-03
1.897217006875990750e-03
1.866501188969370111e-03
1.579556276374981033e-03
1.290167184756538677e-03
1.155600932623722724e-03
1.138835406605726887e-03
1.076574709002121183e-03
8.469678465084870154e-04
4.984730760168249245e-04
2.352907023115421796e-04
2.670397427501101169e-04
6.361164347510185439e-04
1.156881696347881712e-03
1.521091238271969452e-03
1.501979944129938583e-03
1.114090767963571947e-03
6.126173307903101618e-04
3.267832326552901935e-04
4.385282664064297804e-04
8.580221397947631733e-04
1.282678306577831467e-03
1.401351500719857836e-03
1.106661288654741922e-03
5.732358917327068371e-04
1.503258842825308886e-04
1.406843066629551175e-04
6.103272658303502719e-04
1.349089434297645954e-03
2.000105645339750673e-03
2.268269276218395220e-03
2.074563124070707455e-03
1.568780148018501623e-03
1.010878324094518794e-03
6.124377877883958963e-04
4.423063322902543977e-04
4.429601957575423927e-04
5.225457066515418799e-04
6.405716497917473629e-04
8.222877599509337753e-04
1.099862905956482421e-03
1.437940551524882152e-03
1.713024932370147291e-03
1.773325894737976059e-03
1.541442056196630755e-03
1.084898884574857746e-03
5.972410456161899531e-04
2.932704718120893866e-04
2.832105403161460397e-04
5.086685273859941313e-04
7.847616633696707488e-04
9.232011601429275776e-04
8.572427286129592761e-04
6.872576579357423830e-04
6.165812809902404589e-04
8.176346101974676667e-04
1.312451904551927354e-03
1.942099867561865312e-03
2.443694511203622997e-03
2.588345016198447673e-03
2.299197739956643054e-03
1.684910915606522858e-03
9.770909943451963620e-04
4.153802379611011520e-04
1.476646762040206352e-04
1.943154605971979948e-04
4.807245489540082546e-04
9.022959926745994282e-04
1.374792915435621519e-03
1.843637187131675573e-03
2.260508728666624917e-03
2.559182758982566155e-03
2.659741968151028285e-03
2.505178357690412277e-03
2.106222568217131809e-03
1.559553135142130757e-03
1.019202152228845500e-03
6.312838904170314010e-04
4.677889365055393645e-04
4.987889540939314734e-04
6.209631260428482343e-04
7.269293733398690758e-04
7.750680813577213004e-04
8.185760330751617542e-04
9.759350787786924856e-04
1.358748002826122700e-03
1.997153724049700180e-03
2.804133359648335738e-03
3.598183113960016360e-03
4.172315125201592374e-03
4.374074615081302228e-03
4.158319250096692218e-03
3.591759077421073816e-03
2.814432670796060149e-03
1.983325691879127533e-03
1.227183827410869600e-03
6.293666465831003389e-04
2.364734099185582825e-04
7.638787199994322608e-05
1.678794217044843036e-04
5.141655532400976353e-04
1.087049982849347569e-03
1.816846237882488880e-03
2.600897214932809415e-03
3.331881963063485375e-03
3.933736808631909873e-03
4.386343991819326334e-03
4.724488584332840573e-03
5.009736127849417561e-03
5.288503733859180843e-03
5.557523922841658102e-03
5.754735973800023663e-03
5.781074579784824946e-03
5.543331549836310462e-03
4.998146639862068030e-03
4.177154530939265406e-03
3.182897627046911426e-03
2.158999048683223239e-03
1.249176075082748458e-03
5.628191901017232015e-04
1.593386096392301822e-04
5.296622112360807225e-05
2.300062068803223280e-04
6.664223163997209411e-04
1.336507471786645574e-03
2.210789589132310107e-03
3.248701488231462743e-03
4.394740494396282005e-03
5.584340307108646810e-03
6.759201930589033187e-03
7.885237328328234194e-03
8.963371940707440255e-03
1.002594662763651480e-02
1.111814287856119701e-02
1.227130234233368353e-02
1.347941469820757368e-02
1.468916812130625568e-02
1.580820956167308666e-02
1.672843135734260536e-02
1.735489158806849397e-02
1.762918082204696646e-02
1.753924675775895073e-02
1.711408544023603623e-02
1.640812773499290139e-02
1.548363833210742585e-02
1.439866663534356342e-02
1.320385855773022893e-02
1.194617607689401652e-02
1.067401540193699781e-02
9.438053641718879491e-03
8.285252602715250866e-03
7.248009773176066275e-03
6.333985885873532826e-03
5.522754985304642941e-03
4.772735868473675092e-03
4.037168634236211126e-03
3.283497504525167109e-03
2.508571721857554004e-03
1.743551137194987444e-03
1.046632916656967810e-03
4.867397374506928810e-04
1.248330121040605947e-04
