1.663139317758578241e-05
9.557930641314912705e-04
3.063713536936947188e-03
4.859644395047783318e-03
4.777593130451235869e-03
2.664597330229161176e-03
4.239640068888352953e-04
3.803165039168734073e-04
2.464682657180932226e-03
4.238558742640844562e-03
4.096447143641678001e-03
2.404478566032893123e-03
7.743911592810936648e-04
6.242929531986927526e-04
1.936548802585166037e-03
3.862702012599865571e-03
5.413346538801060495e-03
5.224200035841277887e-03
2.910854904176955575e-03
8.969518831150288026e-04
1.623700477317761327e-03
3.937049429167845116e-03
5.529439125567063400e-03
5.647706245696972917e-03
4.434078131199189685e-03
2.746105795678745101e-03
1.956636245742471390e-03
2.564175953077582268e-03
3.309146844030491988e-03
2.793281148005633246e-03
1.577350572490290566e-03
1.505908498133391770e-03
2.800351379901631389e-03
3.474034934846020883e-03
2.506757309009179872e-03
1.085589516217613012e-03
8.208864819123611999e-04
2.236829969138903751e-03
4.516684447889764316e-03
6.040830155065637919e-03
5.874925648306367383e-03
4.110737598512281127e-03
1.602084152163556208e-03
1.420562222896300047e-04
8.664840821430560766e-04
3.169525913362231627e-03
5.250744432826337169e-03
5.125205447122508154e-03
2.686514026608232200e-03
6.366954267644693057e-04
1.176696227186544829e-03
3.895615438356227461e-03
6.624163844061303243e-03
7.379448688387455803e-03
5.606636595636964142e-03
2.464794423611502833e-03
5.101935559880197693e-04
1.542178102889775644e-03
5.162194967093182603e-03
9.357249648661171426e-03
1.198441815449968403e-02
1.189516058384110404e-02
9.056195811443051163e-03
4.756049882905230737e-03
1.255565383335761290e-03
2.677752776422083676e-04
2.078228384751603080e-03
5.252745613995807826e-03
7.551758108625594192e-03
8.197366793539238861e-03
7.907772245552745216e-03
7.151099260409259431e-03
6.473076246347685657e-03
5.952441007018948946e-03
5.306845289208799409e-03
4.330553211141500991e-03
2.966349109400001280e-03
1.817425230132172550e-03
1.855623315393626618e-03
3.244809528838150763e-03
4.777034779381613382e-03
4.682021972093572057e-03
2.875539559603177038e-03
1.144342428167088171e-03
1.081473418716060635e-03
2.829788334420985877e-03
5.124568532652010525e-03
6.564778207693305542e-03
6.456451915700011680e-03
4.841372997293224602e-03
2.505248250621364657e-03
6.784261019317681333e-04
1.533452049386996806e-04
1.082339929117396389e-03
2.675937770258423644e-03
2.904137324682761357e-03
1.477913435708833132e-03
2.233424800202452227e-04
3.205081846048524565e-04
1.596531327413589938e-03
2.654753647122737922e-03
2.635669483781756181e-03
1.956333631671306611e-03
1.213817577167798645e-03
6.427472987611398958e-04
2.818221642417760358e-04
2.305598073017573716e-04
4.791215622289401034e-04
7.812858598907386357e-04
8.822891069961568029e-04
6.812326523259895975e-04
3.405937089434304737e-04
1.633999885610638717e-04
2.957773899364726485e-04
6.598107126877899003e-04
1.024634932535278993e-03
1.125012476699832273e-03
8.855644956292504574e-04
4.854874144021966353e-04
1.693863475659474795e-04
1.031514775001370619e-04
3.104185485679886365e-04
6.224212938337750833e-04
7.773303266379312342e-04
6.265672320456665018e-04
3.155774909106810744e-04
1.007288050330783143e-04
1.050999680595527850e-04
3.090450283009816548e-04
5.645765952242683215e-04
6.618112368800779409e-04
5.120912121233801677e-04
2.540918066727168145e-04
9.933807311836382464e-05
1.327336997980404023e-04
3.192400100908237789e-04
5.487467767964696172e-04
6.604263151925872898e-04
5.549129604516402732e-04
3.056482868299218456e-04
1.259888186534505856e-04
1.672479372599541977e-04
3.614365299962975816e-04
5.464081190834798023e-04
6.129708838665625216e-04
5.290365007233479655e-04
3.667632441752508043e-04
2.361391393059060137e-04
1.892745816486671282e-04
2.141694326379310978e-04
2.697402153801396968e-04
3.303709464319014603e-04
3.901423006649948604e-04
4.259203906730039176e-04
3.943261523463314783e-04
2.752538039550190283e-04
1.178536166330856417e-04
4.120692667215835822e-05
1.290409856686351698e-04
2.931197549546464835e-04
3.563862188097660275e-04
2.618560134594582469e-04
1.126584697830893195e-04
1.427150146663472805e-05
1.375906056047647910e-05
1.042477618348015356e-04
1.983975330831079346e-04
2.168279205461244108e-04
1.639940776522926251e-04
8.525323023591298147e-05
2.607348541522664615e-05
1.765290118068979446e-05
6.232097772193200740e-05
1.409127645670036027e-04
2.160362547796603849e-04
2.422006246213819392e-04
1.931620533500531399e-04
8.658992596950095271e-05
1.145079121524451524e-05
4.904515261059887681e-05
1.624669847352459005e-04
2.362395644402471315e-04
1.968151079757776570e-04
7.076686080207405009e-05
7.082184347829494077e-07
7.690901391209608966e-05
2.297863416840228165e-04
3.522718154365720822e-04
3.877233629284511547e-04
3.097816560937512891e-04
1.432735150537985699e-04
2.690920955508701044e-05
5.222669535352680414e-05
1.768727065980032359e-04
2.601497388751356009e-04
2.194232126448358790e-04
1.082630610051069211e-04
4.115840835430994895e-05
7.426925412147862408e-05
1.661625846754707166e-04
1.871323721169777039e-04
8.514705460732560898e-05
8.685166563860945697e-06
7.024508634997610862e-05
2.067655679854377658e-04
2.688910414708060620e-04
1.974832296538345027e-04
8.103179100521166599e-05
1.659521951497077536e-05
4.029018293387215415e-05
1.350815907516742800e-04
2.643196445687805672e-04
3.912898909254388519e-04
4.758495903282548975e-04
4.656653753379939018e-04
3.538448501447697628e-04
2.222756330055983731e-04
1.580378769668399719e-04
1.813113555510604082e-04
2.650275499932126843e-04
3.753027471032897074e-04
4.806095751220169649e-04
5.299107051459917006e-04
4.526615029201527156e-04
2.620905422133430513e-04
1.069968280306951341e-04
1.215268323024359709e-04
3.102078172342190516e-04
4.506792294924494573e-04
3.334949308215481921e-04
1.068878724441228408e-04
4.670328666719999100e-05
2.436172337554441821e-04
6.581421610782223902e-04
1.095376879145233077e-03
1.262928335526626198e-03
1.018057307468825520e-03
4.997903879530068072e-04
7.781277164056441301e-05
9.156430012911733873e-05
4.866628761288495472e-04
7.199056679383785025e-04
4.206943643841703465e-04
4.413447569335609232e-05
1.884637956539243254e-04
6.129804279687578201e-04
6.769653650486878596e-04
3.400689600222411304e-04
3.640957086417955966e-05
1.140776729036117502e-04
4.565681620902232118e-04
5.589162906175219230e-04
2.766531639986415667e-04
1.394625991065710046e-05
1.071655526564357734e-04
4.815507991688640832e-04
8.340358856250547435e-04
8.760246477465021475e-04
6.204816776674185836e-04
3.272888831092112070e-04
2.214707777436087787e-04
3.475927733216029091e-04
5.635333750909657336e-04
6.574094789706271241e-04
5.356311194635618271e-04
3.812323235363966330e-04
4.114516528165164627e-04
5.706421558282374689e-04
6.439038874686914488e-04
5.306989858936410516e-04
4.214012037653733483e-04
5.455291502588159157e-04
8.292413085337334852e-04
9.960767781250596479e-04
8.037833367994977676e-04
4.202981082471358575e-04
3.418064216414277187e-04
7.190325263946076816e-04
1.110984252004187890e-03
1.035094583346696977e-03
6.147514415738889685e-04
3.354042880500577401e-04
5.143655240477533518e-04
1.007277010900428562e-03
1.312145332657965431e-03
1.099061628960320159e-03
5.444089994765502656e-04
2.360980841748391520e-04
5.519396917837974441e-04
1.381885880964148650e-03
2.241412930126255448e-03
2.503949404892572266e-03
1.909719618557583452e-03
8.192831622069100903e-04
1.015150294765668101e-04
4.587780257060824628e-04
1.436026911181197737e-03
1.785089396889513128e-03
1.183832944113198107e-03
3.814296786980548659e-04
5.597707868313757107e-01
