2.247029993236298543e-03
8.082406770237419297e-03
1.555472439089923727e-02
2.166424903552943357e-02
2.282754187150711281e-02
1.741229927080976958e-02
8.174623035312158364e-03
1.827639874798968550e-03
3.881619091323187075e-03
1.311829785651310101e-02
2.409451132719136329e-02
3.129070394074714989e-02
3.085284435111760107e-02
2.394239638198248504e-02
1.548132262884302154e-02
8.833534774406213291e-03
4.190917152907125062e-03
1.172440278768187424e-03
5.253608937567304064e-04
2.710937214114372135e-03
6.092023371209608421e-03
8.566752477288296086e-03
1.009885130439048054e-02
1.165399957776022850e-02
1.331832299080835946e-02
1.417413129349869363e-02
1.295208257529300092e-02
9.302491888219749025e-03
4.719619184240219853e-03
1.563822088624926060e-03
1.366779575417232349e-03
3.837664779028396658e-03
6.927167229924051720e-03
8.578151250108950049e-03
8.578573945898839218e-03
7.782226776758474976e-03
6.861526208304109808e-03
6.077108178275440753e-03
5.239076203677173714e-03
4.137116210855180248e-03
2.964898211574983327e-03
1.862484830066387341e-03
8.936602867346285593e-04
3.430557081781894176e-04
4.454670386133312374e-04
1.141804359795984842e-03
2.069954741882235050e-03
2.540631181155261591e-03
2.000217357505195900e-03
9.027331804194274091e-04
2.370381101491340523e-04
5.412534482005903601e-04
1.737798437919091431e-03
3.323482806827874475e-03
4.653721181943982869e-03
5.083023777286914402e-03
4.456038492660139086e-03
3.250690588307274080e-03
2.040769362187152235e-03
1.170435668317443539e-03
7.554816967875984442e-04
7.633221710443225663e-04
1.097691630578953234e-03
1.642443582454284614e-03
2.311200329094784643e-03
3.053594269067162834e-03
3.720854893914597727e-03
4.038046865190780127e-03
3.967231769726040601e-03
3.892680688684892892e-03
4.260217751340931482e-03
5.227962307575937002e-03
7.071835548284946364e-03
9.706728705863011675e-03
1.209839509283575955e-02
1.270379657129774506e-02
1.025940409230938211e-02
5.681126216600545543e-03
1.966268944763365379e-03
1.166282515155663826e-03
3.250232424333673702e-03
6.239971385464565187e-03
7.901743700828538566e-03
7.829712880921192719e-03
6.838710499029919399e-03
5.795229519688453561e-03
5.348103394666666420e-03
5.678914481617327800e-03
6.482767034459793916e-03
7.226285386243974998e-03
7.452768708289027495e-03
7.240282290006550686e-03
7.031248937439985372e-03
6.404812232331703534e-03
4.054618862746705958e-03
9.050001251673477206e-04
1.480636770943993558e-04
2.632528416394770091e-03
6.862709482530025308e-03
9.670186446498068439e-03
8.532022790256412609e-03
5.143593221412367730e-03
2.194222367333393316e-03
6.401339293981361204e-04
4.437709684305707228e-04
1.423836183324801025e-03
2.807212552890004081e-03
3.266330159146656371e-03
2.476646768676185086e-03
1.182249075038767101e-03
3.318472024889719562e-04
5.285068290666497352e-04
1.618331791766410227e-03
3.018490460308019541e-03
4.173215158820440390e-03
4.595389258699836797e-03
4.021902166903984499e-03
2.772984357088112591e-03
1.536191972407141906e-03
8.220112368258634863e-04
8.119975573444142844e-04
1.373689454560791338e-03
2.069306011290852291e-03
2.369234254122299169e-03
1.981884828960119027e-03
1.218342889035054855e-03
6.266460044996803765e-04
4.954321142071792727e-04
8.816230052787915085e-04
1.610477903120654782e-03
2.241707441766682598e-03
2.321254160490264767e-03
1.803152128466118309e-03
1.074140200363612541e-03
4.810661388467889297e-04
1.448694592862928066e-04
1.096453543994687675e-04
3.795256128043335590e-04
8.284736468973641615e-04
1.173023264139537534e-03
1.124194223201405510e-03
6.987001328768762927e-04
2.269567596129160795e-04
8.274280697957072997e-06
1.500828122033535678e-04
6.089796873038604702e-04
1.224907306226007998e-03
1.826305514517216448e-03
2.237860615986382497e-03
2.221593518626791258e-03
1.698479636426219585e-03
9.947072926422841598e-04
4.843992016790040584e-04
2.841329044386197919e-04
3.568131592488255391e-04
6.216214984564982348e-04
9.632689258972887240e-04
1.204748081142537411e-03
1.201525114362224497e-03
9.988812405846961198e-04
7.495241337633934842e-04
5.794141233792779238e-04
5.454436296465943598e-04
6.398933973309812616e-04
7.818291237065072216e-04
8.194962265886808310e-04
7.071098187844749357e-04
5.875506683507322313e-04
6.075647788123510890e-04
8.071442823354484054e-04
1.124565240922335363e-03
1.458521687955936091e-03
1.792956708109232989e-03
2.141099421770448034e-03
2.400571165549282397e-03
2.463144758992895020e-03
2.282596381851023475e-03
1.833779706379032749e-03
1.313771299694088592e-03
1.087208584382022038e-03
1.279076036930010783e-03
1.691479215331207799e-03
2.000387149180635465e-03
1.844011319607486528e-03
1.297059496213658200e-03
1.078747199058637321e-03
1.725231789816434290e-03
3.450262239557733840e-03
6.565917524198918755e-03
1.119515213154618008e-02
1.600785076267695339e-02
2.020041941110105321e-02
2.198090110225217608e-02
2.016369683024342441e-02
1.574255158722246209e-02
1.052017854203261479e-02
6.062103543107185202e-03
3.188662031574731638e-03
1.747738646408705625e-03
1.295088066186250936e-03
1.536816060189837799e-03
2.200765872776498135e-03
3.017936421812513013e-03
3.862201652607002295e-03
4.485070389724376758e-03
4.365955689422197639e-03
3.488842066782191133e-03
2.411487964952725282e-03
1.490679049455095146e-03
8.365211632038149466e-04
4.664920101245630720e-04
3.570561873534437041e-04
5.185676348766885988e-04
1.017314235898986391e-03
1.867060408612519502e-03
2.858724495940666993e-03
3.651055997208507882e-03
4.005732721496687611e-03
3.763913187646530933e-03
2.914379650307051192e-03
1.813519523072509767e-03
8.871633961128851716e-04
3.003850784109530418e-04
5.561222188229958418e-05
1.475367193556420889e-04
5.749579521831181235e-04
1.370325518632022673e-03
2.339451558464075969e-03
2.825043859659310923e-03
2.430047574780570645e-03
1.554497434892802930e-03
8.315378106485304304e-04
4.428277273115565965e-04
2.618429702995145954e-04
1.822666208949064723e-04
1.646601963462099739e-04
1.905956466400725974e-04
2.398712985849051809e-04
2.836368459989090356e-04
2.821948782151006735e-04
2.056804631104279589e-04
8.464808726794034450e-05
2.169767120823794549e-05
8.766707297350580458e-05
2.205609122470578035e-04
2.843106501084197006e-04
2.300968743093094676e-04
1.222609042404489686e-04
3.272588349458435870e-05
6.146777349546584491e-06
6.007866645196295531e-05
1.541636247764008294e-04
2.183322128336037508e-04
2.200816400633293329e-04
1.831754785470592593e-04
1.407064544503779276e-04
1.025301436091781340e-04
6.948825681470252949e-05
4.546826276216678071e-05
3.167980809202921124e-05
2.524804833704099029e-05
2.312469285083054881e-05
2.288852638980797140e-05
2.169658377732885615e-05
1.761608796649800324e-05
1.280321559967128719e-05
1.185138806349493675e-05
1.670214673255438756e-05
2.483820038575384627e-05
2.945550810569140372e-05
2.468081215137656693e-05
1.385530025646650531e-05
4.549461818767292848e-06
6.450358926758710260e-07
3.427488581236788678e-06
1.142752250059750567e-05
2.008434944401050779e-05
2.440989757008038696e-05
2.148532513674076806e-05
1.344177553143572736e-05
5.818278755806271989e-06
2.417296554570246846e-06
4.567068785529991505e-06
1.153252712178476812e-05
2.062268284234914205e-05
2.865913414333559069e-05
3.245083766760948062e-05
3.158043216398097167e-05
2.971123526991208355e-05
2.998390258940590597e-05
3.290033719075926883e-05
3.861010193387479105e-05
4.801650161472016800e-05
6.114384784852857453e-05
7.470218592658333745e-05
7.968613522292402674e-05
6.749546561083323126e-05
4.338859221921764065e-05
2.025084074482245262e-05
5.170600736052913527e-06
