2.139993057325096683e-03
8.202640802140819670e-03
1.719178131602949397e-02
2.766513859522942015e-02
3.799456411711576304e-02
4.664393477582630398e-02
5.241530056137674864e-02
5.462282563828711052e-02
5.316934333568117121e-02
4.851888550227867469e-02
4.157695744156715556e-02
3.350547482444882208e-02
2.550878097591766092e-02
1.862974993330376861e-02
1.359063215039659975e-02
1.070317866523532065e-02
9.858773375737003505e-03
1.059442404944739222e-02
1.221717879242801078e-02
1.396011020273259240e-02
1.513893081767511695e-02
1.528005027085681082e-02
1.419788011085561415e-02
1.200993873293498132e-02
9.090680834552706743e-03
5.976618599632079615e-03
3.244064758079482930e-03
1.385154526556930422e-03
7.070104497240061858e-04
1.273304922406077360e-03
2.898270633205050125e-03
5.192304491929380927e-03
7.647903055564606901e-03
9.746824855986191069e-03
1.106562730733217856e-02
1.135776036436202119e-02
1.059592190940370979e-02
8.967174747214194663e-03
6.823502568306609624e-03
4.599871881007663692e-03
2.718474877767158675e-03
1.500264756970340861e-03
1.102679502558132118e-03
1.496123456230607140e-03
2.482790081566063276e-03
3.751810696092737658e-03
4.956686662254514326e-03
5.796329515232046502e-03
6.080830619340523921e-03
5.767306673749061571e-03
4.958767813358353968e-03
3.868070055622100170e-03
2.757415098068633115e-03
1.869494765381676631e-03
1.367878152503529659e-03
1.301277766082999761e-03
1.599711064663527325e-03
2.102040044220771474e-03
2.606166117930045975e-03
2.927437423963690725e-03
2.949088487329332587e-03
2.651206065452303001e-03
2.111029740427808853e-03
1.475579639068021025e-03
9.153627353212505802e-04
5.730642086636196682e-04
5.222350093268714319e-04
7.477504863757089559e-04
1.153200854963603878e-03
1.592334057184713499e-03
1.914583199162374610e-03
2.010677783402184046e-03
1.844556268560561827e-03
1.462183398777543034e-03
9.750768476117058258e-04
5.241440020185566965e-04
2.354111755631337869e-04
1.815435836457848795e-04
3.610002266175589124e-04
7.009171647767043368e-04
1.082213840834216978e-03
1.378407985924731509e-03
1.495448664772304178e-03
1.399852861564364814e-03
1.126518023649690677e-03
7.643919651838214369e-04
4.254347261860701862e-04
2.075991200348270105e-04
1.641632388296316290e-04
2.892054272084696159e-04
5.232677094435575060e-04
7.763309391273209284e-04
9.595161274015564200e-04
1.014358037889465363e-03
9.298632528540289044e-04
7.422642953241931265e-04
5.186530888789126891e-04
3.312489380389698748e-04
2.319707365005828684e-04
2.362984041652385419e-04
3.215186825890525759e-04
4.389090236280639374e-04
5.343304597780639984e-04
5.689424155195590971e-04
5.322484699425122359e-04
4.430985440775256053e-04
3.391761140011312955e-04
2.599361837418557144e-04
2.302287850100998847e-04
2.511477150632056006e-04
3.013819620776686504e-04
3.479181945679113820e-04
3.611675417556672570e-04
3.279710292669371619e-04
2.570632921089992359e-04
1.749009082527351968e-04
1.138625574905237988e-04
9.799224549560158273e-05
1.323956399800935461e-04
2.007684631586163988e-04
2.720588947307593609e-04
3.134187364453751008e-04
3.039857547702739474e-04
2.437304570006445744e-04
1.536921579006198576e-04
6.752309226710744429e-05
1.784864466032333905e-05
2.305460587163643018e-05
7.988412949494696103e-05
1.647979804768597782e-04
2.434546061715844346e-04
2.843931976173714408e-04
2.713801924805287966e-04
2.095289823201026513e-04
1.229033889467769927e-04
4.476297564567655604e-05
4.488475071716727287e-06
1.640179358900690137e-05
7.475991022780486563e-05
1.566144397733232416e-04
2.310911555852571890e-04
2.712271416976771076e-04
2.637252206804911606e-04
2.130594223495498453e-04
1.387549723502343397e-04
6.734640162931143474e-05
2.241771716139906898e-05
1.656667659278385438e-05
4.806154926793746113e-05
1.029268120701790019e-04
1.610878477475444161e-04
2.038532995224051300e-04
2.198629128639469803e-04
2.075976517343612062e-04
1.741172611888439905e-04
1.311579685088173528e-04
9.051726522962740560e-05
6.055143819267266170e-05
4.479387837491201346e-05
4.262425913068632039e-05
5.108409210936864933e-05
6.666952067769362303e-05
8.626430402455207433e-05
1.070549039249548068e-04
1.259136020875789976e-04
1.390215544534310530e-04
1.423140442518084823e-04
1.327928768113641948e-04
1.101623353968680951e-04
7.791937400556296709e-05
4.314572442654708459e-05
1.477238785315799546e-05
7.818949335137145998e-07
5.360242636210123483e-06
2.714814610813499516e-05
5.938731082340831789e-05
9.204366755112635518e-05
1.152055549551976192e-04
1.225243747453113555e-04
1.134099892974134915e-04
9.314191093702034940e-05
7.083653065948041221e-05
5.601699731372476873e-05
5.505559364167659500e-05
6.880259623229988348e-05
9.227127352018029858e-05
1.164904114300192492e-04
1.318493716247570540e-04
1.317322884346206347e-04
1.151488917560232212e-04
8.743569389572709730e-05
5.877729310155864527e-05
4.103742852165099132e-05
4.393954180042041298e-05
7.182364189031830283e-05
1.219900497886276911e-04
1.851165473428550751e-04
2.475909266283061018e-04
2.950452233200390748e-04
3.160725728047286492e-04
3.051204209385417060e-04
2.638485995816864499e-04
2.007017902936499270e-04
1.289238390332559845e-04
6.360308153454099426e-05
1.850317424615708999e-05
3.390367486089435433e-06
2.236225788186287094e-05
7.339582308721760272e-05
1.490495039818965826e-04
2.380404873432127866e-04
3.273059811148512112e-04
4.041446061890686123e-04
4.580960556614514269e-04
4.823196142162610649e-04
4.743440515838793364e-04
4.361625395081363292e-04
3.737280641422755130e-04
2.959668945836815921e-04
2.134722913873082219e-04
1.370684235150787023e-04
7.644289640296537600e-05
3.903122050159892650e-05
2.929546049142431276e-05
4.847459409468989647e-05
9.480462530636941010e-05
1.641265618665708819e-04
2.507364841110859555e-04
3.482983029915420986e-04
4.506441815613474898e-04
5.523288474902081531e-04
6.488721934214045344e-04
7.367033459673090652e-04
8.128902971693191320e-04
8.747861703196792684e-04
9.197363911778364248e-04
9.449688833740009248e-04
9.477385129584836847e-04
9.257301305832055325e-04
8.776572993747903690e-04
8.039409134415968338e-04
7.073241766397771928e-04
5.932826324792043072e-04
4.701184736553660690e-04
3.486800468375444518e-04
2.417095688558013847e-04
1.628827267162274409e-04
1.256524393195376126e-04
1.420380916660624743e-04
2.215075913438672842e-04
3.700834461807107597e-04
5.897700977705769938e-04
8.783547284301515112e-04
1.229585405696487308e-03
1.633686035178993478e-03
2.078132936782885534e-03
2.548596515940089458e-03
3.029944616840236134e-03
3.507210625903963395e-03
3.966446412806886972e-03
4.395403876587011295e-03
4.784015014288300546e-03
5.124665206045730427e-03
5.412274824846109722e-03
5.644218498066204057e-03
5.820118777434550757e-03
5.941552148013813130e-03
6.011701622766117692e-03
6.034983531620503536e-03
6.016668546460212340e-03
5.962510271207520710e-03
5.878390136277783160e-03
5.769985451358608519e-03
5.642468148943431683e-03
5.500244216836605582e-03
5.346746851385111160e-03
5.184298564989467915e-03
5.014057561888673326e-03
4.836060744781500893e-03
4.649369404830076130e-03
4.452314341849894497e-03
4.242825899480192134e-03
4.018822764342126069e-03
3.778623256972560903e-03
3.521336123002617551e-03
3.247186072078759190e-03
2.957733434859542189e-03
2.655957390481647907e-03
2.346187387287100405e-03
2.033885872744873799e-03
1.725304807026765714e-03
1.427055843412066956e-03
1.145646766619289698e-03
8.870425502168312933e-04
6.563069102752466192e-04
4.573693935123275458e-04
2.929450819126520845e-04
1.646114131423806579e-04
7.302285094581798008e-05
1.822309997897239868e-05
