3.579174434400052025e-03
4.776166664599140570e-03
6.097650159211980003e-03
7.523769310324579865e-03
9.034392899292868068e-03
1.060892007339266085e-02
1.222599007092691967e-02
1.386317541115830720e-02
1.549674167333897276e-02
1.710154575534483454e-02
1.865112299816907432e-02
2.011798721442523488e-02
2.147414088632250764e-02
2.269176810367058011e-02
2.374406130421579525e-02
2.460611566852673182e-02
2.525581441758091919e-02
2.567462778255619194e-02
2.584826133461729306e-02
2.576711638054809961e-02
2.542656246002045553e-02
2.482706108457620811e-02
2.397420942395835780e-02
2.287878227890363658e-02
2.155683488134013323e-02
2.002988975177416586e-02
1.832517724739619880e-02
1.647584530697307828e-02
1.452101321137650759e-02
1.250552707795522973e-02
1.047928539503491935e-02
8.496039415688865643e-03
6.611629976382569357e-03
4.881691950322546852e-03
3.358932395975797094e-03
2.090160320614728104e-03
1.113305282469460779e-03
4.546977626151819420e-04
1.268856961744372193e-04
1.272223627760487533e-04
4.373832144474718345e-04
1.023866375354965655e-03
1.839425927522617740e-03
2.825304013761686939e-03
3.914086328748234145e-03
5.033010455931291073e-03
6.107594844628395046e-03
7.065501266739240144e-03
7.840564712396302927e-03
8.376899713482587398e-03
8.632917019319178570e-03
8.584976520199665700e-03
8.230294705517759643e-03
7.588656890989553885e-03
6.702489086560289161e-03
5.634940052614216544e-03
4.465810686274953277e-03
3.285427580037142935e-03
2.186857867217500018e-03
1.257159315673266270e-03
5.686012102966194869e-04
1.709241339109824601e-04
8.568496974701476042e-05
3.035345288696354206e-04
7.849126123329108534e-04
1.464174767399451871e-03
2.256676537526637778e-03
3.067936035557495156e-03
3.803755384229545559e-03
4.380139335275279669e-03
4.731980104103796977e-03
4.819710662979646495e-03
4.633381151786967328e-03
4.193826387200861108e-03
3.550758138389711795e-03
2.777774159191337845e-03
1.964488825031032119e-03
1.206300511446507968e-03
5.927082459806291533e-04
1.955004076906602655e-04
5.844165923338994146e-05
1.901555710895828076e-04
5.616528964551263268e-04
1.109373290938195930e-03
1.743757172155729418e-03
2.362382009595881925e-03
2.865769204322524393e-03
3.173295109831415252e-03
3.236401210434202910e-03
3.046606427177273903e-03
2.636682502256011522e-03
2.074628395417295063e-03
1.451508756733224268e-03
8.654663987495776929e-04
4.049610204603060442e-04
1.343351356160032029e-04
8.417249208090389016e-05
2.478050305947022036e-04
5.840745304533139426e-04
1.025390637372478302e-03
1.489447818784638911e-03
1.892690827188710581e-03
2.163631255579134306e-03
2.254259191569137066e-03
2.147977573761621680e-03
1.862747839363650734e-03
1.448593154380782870e-03
9.793611603239459496e-04
5.396790971801915682e-04
2.091487124122153583e-04
4.671146019664305465e-05
7.844379836145472587e-05
2.916185920434507758e-04
6.367005064305431439e-04
1.037256463041678206e-03
1.405939110634730040e-03
1.663183454699627712e-03
1.754442045418599157e-03
1.661933933607497287e-03
1.408046294774382241e-03
1.049494238916700434e-03
6.636489216088772933e-04
3.304585930526745142e-04
1.145002168993487605e-04
5.153767810271362012e-05
1.425624491214785817e-04
3.561223997389721782e-04
6.375411375228512206e-04
9.221035164083178724e-04
1.148823918414737695e-03
1.271956104012355671e-03
1.268508986036126669e-03
1.141154446709675020e-03
9.166830963935257079e-04
6.405440483822041117e-04
3.682249931228144578e-04
1.545617651535975993e-04
4.259416995975080783e-05
5.410751603367803712e-05
1.841454192435005178e-04
4.012432657568546402e-04
6.538887669362233347e-04
8.820833879731633390e-04
1.031387756938935288e-03
1.065998148483209311e-03
9.775060150780407603e-04
7.870144328370074979e-04
5.399401280575051761e-04
2.946920692376430069e-04
1.080327442241796500e-04
2.088750758245412750e-05
4.837173432298030629e-05
1.767519225250743461e-04
3.681355173433593529e-04
5.714145410427659425e-04
7.361112515045603556e-04
8.249875658997856982e-04
8.219145036691094357e-04
7.333125388845415519e-04
5.837174195982722334e-04
4.077731543402729301e-04
2.415539190727851720e-04
1.155087577102176005e-04
5.003004161853998814e-05
5.344795286468923646e-05
1.217297688212042094e-04
2.393884034344277842e-04
3.816637094130081770e-04
5.183443801503632379e-04
6.192919839210078237e-04
6.609194473696492931e-04
6.320555060723365625e-04
5.373447478540311273e-04
3.968506764040540479e-04
2.416662104315572975e-04
1.065953784558486961e-04
2.183576367326592435e-05
5.794337965259938443e-06
6.076345514290695918e-05
1.724211612368089738e-04
3.132530027687812886e-04
4.491592155894846058e-04
5.477718298192897368e-04
5.864630452984626388e-04
5.578857429118774585e-04
4.713723314363124357e-04
3.496708099175773994e-04
2.220213240506624505e-04
1.158811767613930496e-04
5.007208822840432318e-05
3.146078584170323403e-05
5.575113218459874515e-05
1.112842182434250956e-04
1.837256565870431515e-04
2.596231856640478881e-04
3.278855918333095556e-04
3.795942688992424161e-04
4.074251579111778910e-04
4.058889737880350991e-04
3.727324451687199971e-04
3.107880462983525147e-04
2.289923417570288375e-04
1.415510021443968432e-04
6.512800393333727526e-05
1.492181765158921537e-05
1.000290254444579841e-06
2.606865414119407425e-05
8.514683677168230014e-05
1.668940284791801737e-04
2.559353292082724540e-04
3.356037239975881914e-04
3.907797548043425708e-04
4.106559180024349780e-04
3.911062373861399393e-04
3.360401843518818110e-04
2.570048872579917625e-04
1.706510463605700762e-04
9.447357657321700140e-05
4.210688838569880610e-05
1.987764823757229318e-05
2.595402098414497977e-05
5.236216371366617686e-05
8.887086270763329876e-05
1.269326535352928421e-04
1.619548971269114566e-04
1.931174155629688844e-04
2.212465448004349378e-04
2.462052532577331900e-04
2.653750210324082770e-04
2.740694513320645980e-04
2.675815536055365469e-04
2.436735771112488952e-04
2.041434284818521047e-04
1.546874038896664809e-04
1.032377987560137114e-04
5.771610517397849542e-05
2.429489491131225866e-05
6.777556266927395711e-06
6.936205381948584267e-06
2.509253936788711801e-05
6.022103905872148565e-05
1.093746797076402698e-04
1.669192403424260747e-04
2.244436096581619590e-04
2.720035961574528757e-04
3.006338489165004293e-04
3.052331966664724645e-04
2.864950219845967608e-04
2.508191226575029681e-04
2.080229378275898731e-04
1.677317768894075255e-04
1.360108561301507887e-04
1.137295444945760222e-04
9.733438677540011907e-05
8.155608869322449376e-05
6.266917231555702505e-05
4.071615477447753045e-05
1.969097170476031189e-05
5.732257155199797982e-06
4.354487682981245721e-06
1.814934101234574375e-05
4.603904901452718243e-05
8.427507590216124010e-05
1.284402560791280193e-04
1.752301885663984859e-04
2.230042240171576425e-04
2.708721837653369499e-04
3.169831940735770982e-04
3.572061044375472554e-04
3.852389145603846588e-04
3.944226633752976859e-04
3.805598751813749482e-04
3.443709692896371991e-04
2.922388508499930036e-04
2.346209909414209065e-04
1.826099136428508546e-04
1.440549452099600927e-04
1.209469610390411301e-04
1.092489473360181112e-04
1.012600302604780184e-04
8.944785590729866192e-05
7.002688537491433057e-05
4.471432841846129601e-05
1.998396377386421776e-05
4.327280569401690321e-06
4.942726850732753708e-06
2.546755997003735179e-05
6.575792666749230705e-05
1.236237660719839303e-04
1.973926367280750876e-04
2.877369125768659873e-04
3.975853825775330715e-04
5.299726194955870721e-04
6.848450043752740213e-04
8.565442650613890605e-04
1.033542127235039920e-03
1.201027328634953146e-03
1.345585394387214780e-03
1.460111391531781653e-03
1.546807908466632520e-03
1.696076686805637335e-01
