1.343558349511582179e-04
8.023370827699908116e-04
1.448650427570202879e-03
1.434566944708494992e-03
7.165614421625513637e-04
5.213596857643056185e-05
2.263745577853018857e-04
9.970110690740983418e-04
1.292286875836652898e-03
7.529669429242233890e-04
1.106672579962153096e-04
9.355696353890962638e-05
7.139865931671339049e-04
1.351117171299195518e-03
1.536433182912269775e-03
1.314196718649618444e-03
8.678039269990043582e-04
3.811477470552072748e-04
1.627530250959544945e-04
3.517666270123544648e-04
6.396249744490597328e-04
7.258003210112367676e-04
6.869151396606337171e-04
6.708017743168347754e-04
6.602659607596093969e-04
5.413829807827392863e-04
2.928448374522762574e-04
1.187376328220845139e-04
2.389651212389871113e-04
5.232887594384998337e-04
5.737944830612697793e-04
2.676557282188378223e-04
2.324933857008117821e-05
2.162044666653032484e-04
6.089516118046414987e-04
7.601286286060073049e-04
5.507940594928946183e-04
2.014109490550089357e-04
9.431110373025665568e-06
1.368404817501706777e-04
4.798454936045090571e-04
7.597350913661350246e-04
6.917544923278069312e-04
3.139968204660700097e-04
2.966126279362923040e-05
1.434664395754745698e-04
5.458990019323766481e-04
7.610508558231734912e-04
4.670839574387599747e-04
5.777129373141316119e-05
8.523325926974047162e-05
5.362583051047196611e-04
9.269793377637124826e-04
8.733662930150085102e-04
4.493170115293921001e-04
7.012337285493421652e-05
1.023390609123131815e-04
4.981216594811976482e-04
9.264156599545365347e-04
1.116023976488813262e-03
1.029680014287152673e-03
7.962213061388134696e-04
5.525785534621612677e-04
3.814365061707970881e-04
3.059602335600351136e-04
3.040045722702590381e-04
3.453593577528181989e-04
4.170334710738782865e-04
5.288077959099255930e-04
7.019685237855438804e-04
9.487477880295652147e-04
1.206024751270152627e-03
1.394732603220783526e-03
1.357658395772658221e-03
9.644103260158853668e-04
4.117959455841354709e-04
1.456994882469669743e-04
3.941028621211844075e-04
8.286104649746834543e-04
9.687229395208327544e-04
6.867257190697116610e-04
3.847888607116088677e-04
4.933489411880806041e-04
8.649560140049636966e-04
1.033802231635890054e-03
8.073829556970292618e-04
5.227471282312381833e-04
6.218444928480851286e-04
1.160291186704757050e-03
1.776157035837990558e-03
1.986366211873301282e-03
1.650193283121343096e-03
1.019855070768933749e-03
3.592371795101086444e-04
7.774568219822488050e-05
5.041463240113047868e-04
1.083284556598923965e-03
1.173402772463222549e-03
7.148766165738337959e-04
1.243217108270035047e-04
8.476327246053299127e-05
6.933538043675491983e-04
1.536439847858614600e-03
2.324407695325222001e-03
2.860260574683652982e-03
2.605033048806167963e-03
1.290100168463798654e-03
1.289395256378897479e-04
4.083640249829691799e-04
1.843489690046765193e-03
3.016226078817041325e-03
2.774598502182039090e-03
1.464760269693575262e-03
2.882561348086506514e-04
1.053511382275779042e-04
1.037549804306287611e-03
2.414780799859659027e-03
3.225857297621525892e-03
2.980290879391878783e-03
1.914360188773564855e-03
6.725166231670680339e-04
7.278873491147855074e-05
5.587313606732493242e-04
1.656188442772305860e-03
2.325928633744565183e-03
2.091050727187104916e-03
1.422903144703147786e-03
8.962945702997323055e-04
7.653935142505170156e-04
9.461416479543362972e-04
1.158421648786373340e-03
1.248271561742843880e-03
1.349059515924443033e-03
1.654806567490848786e-03
2.141524178774774616e-03
2.505975308212876791e-03
2.300873300790666834e-03
1.394735359812336421e-03
4.388652430367516195e-04
4.187505432240161852e-04
1.467824972290979885e-03
2.444479230180365489e-03
2.317010794522694588e-03
1.291957966360179205e-03
2.865779755927512149e-04
1.562291781712731433e-04
1.081305697591819232e-03
2.393598617008767249e-03
3.072202534999748935e-03
2.397414836130916729e-03
8.665929090245951937e-04
5.932164133217169877e-06
6.292472841994768739e-04
2.352336965300017881e-03
4.176225137929898829e-03
4.980909678313004234e-03
4.039257361541388064e-03
1.752023036749836369e-03
7.808122109638501534e-05
7.104003889827764651e-04
3.039204794216688720e-03
5.040459729096649980e-03
5.685049927260700693e-03
5.185545863302380709e-03
3.588359013362461478e-03
1.360840468251159948e-03
2.040983218553746510e-04
1.147825768910301853e-03
3.533601562610290316e-03
5.987656157022932038e-03
7.123542912326466178e-03
6.432512941635719524e-03
4.789449568247674052e-03
3.168340229227330218e-03
2.041967189609796181e-03
1.699010333888647997e-03
2.148804081770817800e-03
2.984463251344385976e-03
3.545657683156845132e-03
3.454170320608783776e-03
2.831917078462290252e-03
2.165171335832770903e-03
1.988529866063239518e-03
2.515503432824600476e-03
3.428560999890777148e-03
4.184932190653888225e-03
4.461481853654339705e-03
4.159341128546935676e-03
3.439035145159701976e-03
2.481482934122744132e-03
1.795302698880451913e-03
2.359449672141782344e-03
4.024737356055995904e-03
5.294456257266074231e-03
4.823654480220075647e-03
2.856492412658946049e-03
1.081692468500732550e-03
1.129647902982601568e-03
3.371590587735482942e-03
6.406382816874934411e-03
6.840531845027605570e-03
3.434955714479294257e-03
4.264877090020395035e-04
1.527059399819933987e-03
6.030957175124636131e-03
1.010706113925721392e-02
1.056817836854948706e-02
8.029670423655089345e-03
4.535021367943271528e-03
1.714113413669262004e-03
4.700465600513276934e-04
1.056857590448733331e-03
3.447685553826069886e-03
7.211663353191967961e-03
1.065274348438267210e-02
1.110429617019417434e-02
7.876635123186530307e-03
3.442910312940476898e-03
1.154796136278719246e-03
2.694035989307616737e-03
6.752408244007130148e-03
1.073149242238746921e-02
1.288322745306505826e-02
1.218077666051067993e-02
8.979279634419880946e-03
5.543790820744593645e-03
3.473938030745776350e-03
3.197497490305525446e-03
4.588595061884140174e-03
6.564921015200622482e-03
7.878502823355277088e-03
8.615499986574428476e-03
9.564947927745398593e-03
1.024993776472094519e-02
9.092314976155488684e-03
5.875532476585116140e-03
2.517242298071120134e-03
1.625353917058575083e-03
4.381360380588523312e-03
8.765290420443869190e-03
1.004130168739912794e-02
5.696059228039486444e-03
6.732166643998219700e-04
2.019462266673943858e-03
8.077753769098253850e-03
1.036597119413222752e-02
6.235657705902524287e-03
1.176210499750431591e-03
4.051194775114455950e-04
4.636157603186407197e-03
9.164543953007519075e-03
8.365869772170197310e-03
3.362880433611840827e-03
6.704280463984013552e-05
1.884249940784206130e-03
7.778196243815478465e-03
1.449371639084319312e-02
1.789805959757304749e-02
1.620953101168917665e-02
1.089058723927712607e-02
4.631839740920603091e-03
6.492201248300315600e-04
9.871546093591747340e-04
5.282360387565906285e-03
9.989938611665832857e-03
1.056279605228549467e-02
6.793226254410434858e-03
2.614848868860717660e-03
1.443644790789072900e-03
3.811426984160423866e-03
7.096820202915877021e-03
8.604546847428963183e-03
8.531622070687795018e-03
7.804813562638552790e-03
6.345717706043222869e-03
4.358072657965795724e-03
3.141295590150181005e-03
3.935584890667970584e-03
6.643406317932242303e-03
9.612765243726079795e-03
1.120452959775487464e-02
1.066685547599775449e-02
7.612920039302807987e-03
3.454157944911339512e-03
1.580430708315082224e-03
4.022979793524568415e-03
9.548291491767980921e-03
1.469713135531776002e-02
1.755634702978254094e-02
1.803825892110512072e-02
1.561638453244931779e-02
1.050285894339345050e-02
4.613224980480036541e-03
5.974528576937716351e-04
6.989580412842011673e-04
4.754651035247798967e-03
8.786880791825227299e-03
8.804987148133533448e-03
5.390740543494727290e-03
1.610001650579423460e-03
4.564448018600153478e-02
