3.764586194042577466e-03
4.531872922609359727e-03
5.105286260376486543e-03
5.468832889192951768e-03
5.340757468517220476e-03
4.396759444109558240e-03
2.693264954677442903e-03
1.097268977645243174e-03
9.398657860153186022e-04
2.715001422983053837e-03
5.665538384683017556e-03
8.324568583330109114e-03
9.110244174995488567e-03
7.714974549514128088e-03
5.351069451571481561e-03
3.198687053635278915e-03
1.530537090297364637e-03
3.946999800809126231e-04
1.613524303012850783e-04
8.912806831404397698e-04
1.767669554481726300e-03
2.011116172446274566e-03
1.727854305601438057e-03
1.299727208517243490e-03
9.034332286486960410e-04
6.509460587128120760e-04
6.405931203957444375e-04
8.311692512402752038e-04
9.851110924970893010e-04
8.585948804753986037e-04
4.683306840377882011e-04
1.496816548853110247e-04
2.522159369458281297e-04
7.175980962521449902e-04
1.177630227198847883e-03
1.385346020325637847e-03
1.329365896428770944e-03
1.121059712935812804e-03
8.457111517428362538e-04
5.773781047500597821e-04
4.056819845643030997e-04
3.462486728724734606e-04
3.449259514161105494e-04
3.444146690616218327e-04
3.393565675157269256e-04
3.708761581121759309e-04
4.729508853882250061e-04
5.993919549735922912e-04
6.165754800167930899e-04
4.708147951719726014e-04
2.719205448737027284e-04
1.670408668763197235e-04
2.621957605848304748e-04
5.643022850411685441e-04
9.516137057510882374e-04
1.196186168714123959e-03
1.133424704127596137e-03
8.131412220135051001e-04
4.123873149653565920e-04
1.054733049110270348e-04
9.696573995701850493e-07
1.295265103584275902e-04
4.634683044461280588e-04
9.217121061575008541e-04
1.405262361079690891e-03
1.828692139085751848e-03
2.057960460287809341e-03
1.939190878792149651e-03
1.533992221565543988e-03
1.111453544577977641e-03
8.554056944184902124e-04
7.869854814559796045e-04
9.490020943473682479e-04
1.364192561959174689e-03
1.943311756344461537e-03
2.445045854265519292e-03
2.481280520943890226e-03
1.875214135521836856e-03
9.780470598396292462e-04
2.744547123820534514e-04
9.917238450796010425e-05
5.255345537774080717e-04
1.245226860230584133e-03
1.856221168459762112e-03
2.106196471556337664e-03
1.901607879598781218e-03
1.399112308786167307e-03
8.720047017111523004e-04
4.769735323477034645e-04
2.562283504860304439e-04
2.041555657171446241e-04
2.998092932628835432e-04
5.332708154509993364e-04
8.600554893174139305e-04
1.013155454847528307e-03
7.312742546174060086e-04
3.297584348895858056e-04
2.243662570547184259e-04
4.503607508691570712e-04
7.441783385710353188e-04
7.892198543995245126e-04
6.286687297992976870e-04
5.074971217139875044e-04
5.887555871402809981e-04
9.445628573527136990e-04
1.468298589671389667e-03
1.703832593475001524e-03
1.319985187936136787e-03
6.170515073722693863e-04
9.180886188780683767e-05
6.296620054461463990e-05
5.497190291421110873e-04
1.299745150868054748e-03
2.063157938654818294e-03
2.682866140652986550e-03
2.982026351869418619e-03
2.793054483918720309e-03
2.175212948570714316e-03
1.392647624176947870e-03
6.766001338440654628e-04
1.693480538597225008e-04
8.253578027046654651e-06
2.629475163648882139e-04
8.069041543034601981e-04
1.323076240703672558e-03
1.559625722692492902e-03
1.542309636250972435e-03
1.359939779576388582e-03
1.046149523709891116e-03
6.514824802287288476e-04
3.042488603665844185e-04
1.548090935169894281e-04
2.463469738315112421e-04
5.044346958214284728e-04
8.548314246824705205e-04
1.246135464033040719e-03
1.569386819231919803e-03
1.650270786182335718e-03
1.398030273079373326e-03
9.248011835713066450e-04
5.221624622016639381e-04
4.508121787035167531e-04
6.906491394503077403e-04
1.032133863534715704e-03
1.266993672785316069e-03
1.255167732890995029e-03
1.049495127768149908e-03
8.574790701104522414e-04
8.359539835632313594e-04
9.718798194720593663e-04
1.085113247939407033e-03
1.029545610627501454e-03
8.307325356636954079e-04
5.763444394419954975e-04
3.463243875565942521e-04
2.218999208440145768e-04
2.707322045697161295e-04
4.812262340687391803e-04
7.047922100941668737e-04
7.600520508297995640e-04
5.956485736010668722e-04
3.275152502168278456e-04
1.149019588389390227e-04
2.215309552666030178e-05
5.870679248287602404e-05
2.094358544075234675e-04
3.930014455957663673e-04
5.293064031791343965e-04
6.063894737440675593e-04
6.347920998707268312e-04
6.064396184913261462e-04
5.284443371918450677e-04
4.427297597582815656e-04
3.676550821971903411e-04
2.862431145336529511e-04
1.909230247996550475e-04
9.213349997353922070e-05
1.707184874657811881e-05
7.477461184408637277e-06
7.117800174845230986e-05
1.598607523249241506e-04
2.126644817164652151e-04
1.980120746980749155e-04
1.145166917161351077e-04
2.509148984699250835e-05
1.110551261012579754e-05
8.181155947777127410e-05
2.068126601010357197e-04
3.615589237477997661e-04
5.050754190040146561e-04
5.406543259647236420e-04
4.554008672582675983e-04
2.781198125138544409e-04
1.143436474481453484e-04
7.506111718590617989e-05
1.773083321335677635e-04
3.488258923904948147e-04
5.067548301332118390e-04
5.901754715718958650e-04
5.100329183558142444e-04
2.392524919741473126e-04
1.312797709487588337e-05
8.715210839895811247e-05
4.043531862702682894e-04
7.337601893240322222e-04
8.366896311426145691e-04
6.817298960803498458e-04
4.582322311628659077e-04
3.246802117451160039e-04
3.535949951715893305e-04
5.770916972887560944e-04
1.024338852809304583e-03
1.722567160527514176e-03
2.602558749271813906e-03
3.267005266089955100e-03
3.122304221187071488e-03
2.087478351221345660e-03
8.014599178809607167e-04
9.415873614139544238e-05
4.329007928804032117e-04
1.536314648152215271e-03
2.706782333424865433e-03
3.392449068369446895e-03
3.214864951124232328e-03
2.210564289574246891e-03
1.018999255871505874e-03
1.824534658105395372e-04
5.320495086075375569e-05
6.837245223376277152e-04
1.407951325774610581e-03
1.586774795759208091e-03
1.367696184293089529e-03
1.170380943485257530e-03
1.140418207450458318e-03
1.282573546026641179e-03
1.626237622751459336e-03
2.185234313852884962e-03
2.857129056328883750e-03
3.363486526035730333e-03
3.249754047010548329e-03
2.195820946900237276e-03
6.772315830224165129e-04
8.577072086298933356e-06
8.987356658819461606e-04
2.323625325579173600e-03
2.640539289077847504e-03
1.651339838838616989e-03
4.840594103075973142e-04
6.848446778114897064e-05
6.367498443738140715e-04
1.581022986389258103e-03
1.845907746319482706e-03
1.189224683864149998e-03
3.676826204122554589e-04
1.606740545039707542e-04
7.341890868222022059e-04
1.812268231121336171e-03
2.829013942695640313e-03
3.313596922563779960e-03
3.169269539051187100e-03
2.486947774736127884e-03
1.597539393866718570e-03
9.272504088976831968e-04
7.363918132311102508e-04
1.018666234133707533e-03
1.411809165284650530e-03
1.531413768553513063e-03
1.379868205935365572e-03
1.218522754063325114e-03
1.271793191359011765e-03
1.550700584944475144e-03
1.866816828819325763e-03
2.085913780964732123e-03
2.098458537378593974e-03
1.748810869350759731e-03
1.216678590970292351e-03
1.039800381919453324e-03
1.514495029496644527e-03
2.337255335921601621e-03
2.869767083357524073e-03
2.821921675156532482e-03
2.317505014502388959e-03
1.556527808407998570e-03
9.639841173315353076e-04
1.073457771550409817e-03
2.000433187900576854e-03
3.277213802468325037e-03
4.244937080514443913e-03
4.775876603055962885e-03
5.030704169335905966e-03
4.863875591521380631e-03
4.113111597521179261e-03
2.909528924765059435e-03
1.594999925693443930e-03
7.066510535799551233e-04
7.623127933990069905e-04
1.671051256295367094e-03
2.590145087967136907e-03
2.879171744699965136e-03
2.543141026588920800e-03
6.112095385591034269e-01
