2.032293584444120629e-07
7.647190820526745833e-07
1.558747728071960447e-06
2.390567102128605774e-06
3.018106621146247586e-06
3.223641722988477158e-06
2.902069003289765341e-06
2.135518487680893752e-06
1.213936110524792233e-06
5.258532756924042592e-07
3.565605468913862723e-07
7.966972277094102433e-07
1.745460343277685657e-06
2.963628916831227902e-06
4.211908180571746276e-06
5.344965277799092368e-06
6.195985091935332608e-06
6.430059278115528884e-06
5.729716070606454013e-06
4.182166174031286715e-06
2.402953309315134843e-06
1.206023134330618170e-06
1.136194141504236224e-06
2.343581092865180538e-06
4.664966531472090476e-06
7.578633360319303946e-06
1.019053522395555276e-05
1.149143911224671550e-05
1.086537873120777063e-05
8.449243677358218992e-06
5.130138990699193935e-06
2.273845922946150704e-06
1.211999293362578465e-06
2.597447637091481477e-06
6.110396923936532921e-06
1.079449396428497774e-05
1.553395359449466370e-05
1.935918038337704715e-05
2.139165017165329394e-05
2.102642172221198672e-05
1.848756961574874518e-05
1.439811818314417924e-05
9.539718655833733603e-06
5.262130129580984460e-06
3.074860770901352092e-06
3.934762786736841060e-06
7.896417554555732650e-06
1.384017018142325411e-05
1.950806967590868577e-05
2.268923263704508426e-05
2.247665464737545900e-05
1.905704543887917500e-05
1.349214083162728672e-05
7.658015615491369518e-06
3.517806530688198373e-06
2.611048855183888682e-06
5.637929752024138938e-06
1.220953089347224786e-05
2.108327344433577914e-05
3.058752454138601810e-05
3.908863986410092927e-05
4.526253605315016637e-05
4.797548231212216694e-05
4.652639553789136156e-05
4.120453075204678472e-05
3.299255839192912252e-05
2.305351805488924067e-05
1.299492878801502860e-05
4.976829809222487146e-06
7.744763108913840082e-07
1.148575472034730539e-06
6.153372019025178545e-06
1.535140525926226068e-05
2.747990821337378901e-05
3.984454996532543021e-05
4.888747773573830625e-05
5.130640067184018824e-05
4.621984291322257755e-05
3.663752675178357117e-05
2.749033040358121315e-05
2.332251633139305119e-05
2.707734411129162451e-05
3.883759711696381246e-05
5.573330459898205385e-05
7.283117826304346754e-05
8.440168702008222937e-05
8.668917701450996622e-05
7.947965167192664259e-05
6.475108932843908600e-05
4.565560962600335380e-05
2.640881652534761895e-05
1.176320687176045043e-05
5.418628473292640078e-06
9.321025154689183034e-06
2.301749879144941092e-05
4.149206196776175469e-05
5.754343122150679335e-05
6.689756443471381840e-05
6.726690461104564700e-05
5.677992944637684351e-05
3.806595788209304377e-05
1.863467698691464547e-05
5.162391980695365803e-06
1.032768077019367847e-06
7.253246102496181753e-06
2.275759023517729147e-05
4.260052222447855070e-05
5.892575149334270204e-05
6.595720333068019303e-05
6.191903656280649466e-05
4.831362497233397890e-05
3.026661506282877752e-05
1.508183894189712296e-05
8.774419943605901549e-06
1.422404208786614920e-05
3.088023569787337797e-05
5.470113851483119363e-05
7.936233220359471450e-05
9.879420597989156650e-05
1.084829077359772414e-04
1.051622127854575284e-04
8.792415472490426923e-05
6.108801524048095087e-05
3.311900079323221901e-05
1.365474639883927567e-05
1.038152293133262974e-05
2.589436384773583153e-05
5.775713331370838267e-05
9.897185048417243868e-05
1.382028256774958869e-04
1.623818037140603544e-04
1.624987443282348049e-04
1.390220051286675490e-04
1.019760517861783601e-04
6.394475321879341753e-05
3.486729120987819579e-05
2.235778677482345593e-05
3.153385609977540514e-05
6.239870193050285239e-05
1.073676474836699689e-04
1.516704453613274234e-04
1.796132257149505988e-04
1.829638097822583280e-04
1.628884597282245403e-04
1.252883315228404135e-04
7.869362585600455414e-05
3.526512399365756758e-05
6.973158568527912490e-06
1.534986535497205891e-06
2.063464595670734623e-05
5.809938475056261424e-05
1.018351367083938355e-04
1.404230893619539604e-04
1.662120424203822301e-04
1.748851760148270118e-04
1.658987035222909772e-04
1.432274278749067864e-04
1.157992910169880214e-04
9.761566611389938355e-05
1.025323063826415204e-04
1.363240331337095936e-04
1.948695813479448479e-04
2.701119436375246357e-04
3.533977824772127217e-04
4.251556285903343836e-04
4.528715044456903325e-04
4.176100957945683037e-04
3.315793853488314892e-04
2.233860569063960777e-04
1.200215592220059641e-04
4.327852678417001104e-05
9.866691905713309823e-06
2.683733946261940544e-05
9.072113715802519989e-05
1.885962025740062567e-04
2.994024689411637231e-04
3.986394772918588165e-04
4.608198311041631994e-04
4.725093581491037701e-04
4.481265519569411701e-04
4.232266702679840357e-04
4.361256155547846508e-04
5.077527442832773571e-04
6.217841474698742113e-04
7.316112545902878289e-04
8.028658759336074853e-04
8.264709704108156620e-04
8.033485746746440873e-04
7.391017671364346004e-04
6.288647899211373187e-04
4.676287626179857857e-04
2.874498543680000721e-04
1.253022752887443156e-04
2.256164104591178082e-05
8.165525195788435231e-06
8.528347603886849738e-05
2.324281543478415465e-04
4.156684472962741354e-04
5.977398661171722492e-04
7.276327526998683376e-04
7.445140971390382893e-04
6.325144598321856028e-04
4.586953860318106419e-04
3.237114675008637230e-04
2.981539668570959618e-04
4.057017952216745993e-04
6.281249448447720615e-04
9.253580058283100967e-04
1.250280807482443421e-03
1.557122131514799461e-03
1.816285058252836530e-03
2.006166169768181917e-03
2.099351337178824092e-03
2.053732820781889890e-03
1.814732281218150219e-03
1.380426555587674310e-03
8.509316184207058953e-04
3.861529477470351064e-04
1.346031253447416511e-04
1.866781380967125225e-04
5.399854467756979139e-04
1.107267189449594137e-03
1.756836604533777539e-03
2.325100142270618547e-03
2.658171118723295489e-03
2.713153659690267089e-03
2.508917587499754839e-03
2.046802876594898575e-03
1.446856327484353708e-03
9.956577431953026608e-04
9.698638836033162281e-04
1.506971743720055771e-03
2.642511016740096887e-03
4.326581616003289527e-03
6.323224441980047732e-03
8.261777249677313209e-03
9.755423888784500036e-03
1.044948005413704438e-02
1.008555904706453198e-02
8.561841805363202065e-03
6.069843353540294376e-03
3.241166366531920886e-03
1.059831202152395962e-03
4.027484613076735658e-04
1.525699060336208187e-03
3.910964617575308881e-03
6.606002080392448482e-03
8.806317511639863427e-03
1.004426249189208260e-02
1.001686031984646078e-02
8.726816866522551716e-03
6.863202081883313169e-03
5.503749677271916121e-03
5.477240354914175713e-03
7.071544278305636269e-03
1.006122804806945659e-02
1.375365323843795451e-02
1.710069508360860177e-02
1.921586024670863049e-02
1.961905200346394582e-02
1.806748647544772005e-02
1.479659746319974926e-02
1.051907631036232485e-02
6.117145355662970477e-03
2.731380074441376506e-03
1.578137001897722503e-03
3.283940087649856506e-03
7.550959059589597462e-03
1.326931379317575557e-02
1.856199617856069822e-02
2.137162107010493264e-02
2.087629498271882655e-02
1.779563308660492282e-02
1.319812312872699345e-02
8.107494467414842754e-03
3.981758990314002850e-03
2.346849655098186445e-03
4.019188246915128028e-03
8.743905477514912761e-03
1.526963755418848413e-02
2.202317301263199620e-02
2.760299526762591965e-02
3.046136366419244929e-02
2.934940532628797782e-02
2.452205043404441162e-02
1.739989225121011535e-02
9.943055068469206989e-03
4.428274163284639554e-03
2.645376249237799734e-03
5.400881483678244763e-03
1.265403123363404055e-02
2.346237979400952328e-02
3.603073157849446401e-02
4.773403135567041988e-02
5.522600144388754850e-02
5.509273874690044648e-02
4.600285590019866783e-02
3.093020604014252994e-02
1.537722206089602202e-02
4.097279689885539866e-03
