1.572284451165039320e-03
2.103678897619324674e-03
2.497735269468165722e-03
2.692609822425280977e-03
2.668175226890187254e-03
2.446515912012663975e-03
2.083529563886643739e-03
1.654203639978229839e-03
1.235325140386141739e-03
8.896309451294698908e-04
6.547321427912126566e-04
5.387759476723055557e-04
5.231115996037539496e-04
5.706166188131024577e-04
6.371785451199353740e-04
6.833442531578128639e-04
6.833987044282881533e-04
6.299983622441690089e-04
5.337095938892282097e-04
4.180734467590915609e-04
3.118338603091712542e-04
2.405087405933998743e-04
2.194622647243648457e-04
2.501012760848775308e-04
3.199347815332529528e-04
4.062389680768777847e-04
4.822055995514790833e-04
5.239150791457126760e-04
5.163716015802937787e-04
4.571621742934086968e-04
3.569489248384798315e-04
2.368012571585623464e-04
1.231238770710801444e-04
4.146553778349300708e-05
1.069155809998979949e-05
3.884500808272835963e-05
1.215657347864884826e-04
2.433070485502102456e-04
3.809428365917273164e-04
5.088427923608423217e-04
6.042196445353581599e-04
6.515662538496933432e-04
6.452796160205801542e-04
5.900314937911823980e-04
4.989738017312165663e-04
3.903366653472105114e-04
2.832863969754662774e-04
1.940017336691444408e-04
1.327959055303438020e-04
1.028066414520093928e-04
1.003794471787870644e-04
1.168790670853322338e-04
1.413683862949292370e-04
1.634527209402937846e-04
1.756197614753060555e-04
1.745890852108046717e-04
1.614647052170591719e-04
1.407864430272903126e-04
1.188285311247690921e-04
1.016417452533784299e-04
9.335240833756251722e-05
9.512441443646552552e-05
1.049942860488638810e-04
1.185577235477664300e-04
1.302769653332624337e-04
1.350398080278569107e-04
1.295613912077944459e-04
1.132815551806355290e-04
8.855229594990568368e-05
6.009270223515685819e-05
3.386679643036559706e-05
1.567110133161170733e-05
9.775359746609384219e-06
1.793279925700807118e-05
3.897689484810016106e-05
6.907710111099940457e-05
1.025725695077376199e-04
1.331762731637881254e-04
1.552695801456259635e-04
1.650022753683379716e-04
1.609721902063001491e-04
1.443643860848038999e-04
1.185552803259064822e-04
8.830265377259515196e-05
5.872295156516299411e-05
3.428727561015198881e-05
1.804413413451387213e-05
1.120979477256995312e-05
1.317460076235688891e-05
2.187870072455851990e-05
3.443484090900327405e-05
4.783457635800386100e-05
5.957371858591343626e-05
6.806945369683554123e-05
7.280352968187839659e-05
7.419660739938182788e-05
7.328110586691619099e-05
7.127991751717561867e-05
6.920885866290249163e-05
6.760185378444275419e-05
6.641673148718401211e-05
6.512791934120204453e-05
6.296358710956055313e-05
5.921050152124536080e-05
5.349728365006978790e-05
4.597743162796467660e-05
3.736323544671563276e-05
2.880211901907164668e-05
2.162754887508048547e-05
1.704760498741937833e-05
1.584866220205387075e-05
1.818676663478078223e-05
2.351727718126756780e-05
3.068015141935163709e-05
3.812213546438608560e-05
4.420653882667778496e-05
4.754296196943773469e-05
4.726683810779342993e-05
4.321170260245359705e-05
3.594197228029268819e-05
2.664454685048068096e-05
1.690671452739521554e-05
8.429406392502102101e-06
2.734668754694803546e-06
9.230637909712308923e-07
3.522262391542146595e-06
1.044638871375184813e-05
2.106198930311223012e-05
3.433607407187568581e-05
4.902855722294110715e-05
6.388766446926878522e-05
7.781224932034867467e-05
8.995724908038646309e-05
9.977417264637577620e-05
1.069936308274685330e-04
1.115681351227522475e-04
1.135986181023998487e-04
1.132669172580378313e-04
1.107899421853380758e-04
1.064016970958457826e-04
1.003595422088949624e-04
9.296361613146049180e-05
8.457495154249683542e-05
7.561906162285842283e-05
6.656699033149289057e-05
5.789336670276110238e-05
5.001873768182080117e-05
4.324928582730100141e-05
3.772944221098135161e-05
3.342126392200949511e-05
3.011915793825158580e-05
2.750087301309155730e-05
2.520746144381986570e-05
2.293803955640166169e-05
2.054120656530386877e-05
1.808478449075233584e-05
1.588913149473735674e-05
1.451585330583542407e-05
1.471188472068650767e-05
1.731695863540613149e-05
2.314884899659426184e-05
3.288431801952667303e-05
4.695390409384517439e-05
6.546573569308784118e-05
8.816822939502130265e-05
1.144549969215678521e-04
1.434088329505049360e-04
1.738764139713958458e-04
2.045620762497600705e-04
2.341280513898749455e-04
2.612896423945468435e-04
2.848964722385612211e-04
3.039943777441117914e-04
3.178659848370889076e-04
3.260508662833054355e-04
3.283480846623742328e-04
3.248047856854217679e-04
3.156945048612204191e-04
3.014883180311409027e-04
2.828212806463127702e-04
2.604560729600863787e-04
2.352455671580131824e-04
2.080961556799888735e-04
1.799339764830752665e-04
1.516764020344674060e-04
1.242110797430168710e-04
9.838425101767382208e-05
7.499899296071766688e-05
5.482253067485328823e-05
3.860010158117659247e-05
2.707133874152075346e-05
2.098410910199287620e-05
2.110045977267150486e-05
2.818992943859657582e-05
4.300695175989941609e-05
6.625123285850290610e-05
9.851251815501860156e-05
1.402036960374558204e-04
1.914883343547953631e-04
2.522101891390374391e-04
3.218327541462358884e-04
3.993964662152955317e-04
4.834998196096956238e-04
5.723085688078923851e-04
6.635946929865320799e-04
7.548041711106527520e-04
8.431501757677633841e-04
9.257262856321969106e-04
9.996329102624024274e-04
1.062109395577262453e-03
1.110664225125977244e-03
1.143196269936217662e-03
1.158101036768879964e-03
1.154357164006229340e-03
1.131589856966249384e-03
1.090109397648972907e-03
1.030924194657111079e-03
9.557289798494328012e-04
8.668696679198725514e-04
7.672870644911632381e-04
6.604420537121161519e-04
5.502251509914221628e-04
4.408534122081534637e-04
3.367576903840365345e-04
2.424631623519438455e-04
1.624659404955946357e-04
1.011084565742218248e-04
6.245616409198572654e-05
5.017795279250315658e-05
6.743249981141084706e-05
1.167625938181060606e-04
1.999992639350990035e-04
3.181773369424722954e-04
4.714638585973021786e-04
6.591006828491676470e-04
8.793624973463755237e-04
1.129531653613671024e-03
1.405891430787255519e-03
1.703739781850975143e-03
2.017426152380964732e-03
2.340414540234519308e-03
2.665376451010894113e-03
2.984317631749749088e-03
3.288742248699078573e-03
3.569857337485527436e-03
3.818818761879577955e-03
4.027017514678465568e-03
4.186402032854040327e-03
4.289828456389880619e-03
4.331426739175656647e-03
4.306966628639657436e-03
4.214204239052639703e-03
4.053187726560087030e-03
3.826499844126940789e-03
3.539416195837307398e-03
3.199960926698242406e-03
2.818846272316757537e-03
2.409288541648337174e-03
1.986700229732156139e-03
1.568265453799005428e-03
1.172413131773640147e-03
8.182086704991182059e-04
5.246899012987983483e-04
3.101762456843382230e-04
1.915814414209065760e-04
1.837596043078960418e-04
2.989120807950960100e-04
5.460787019977066808e-04
9.307319904712685506e-04
1.454486951091348316e-03
2.114932685603310592e-03
2.905585635100343869e-03
3.815958250888358636e-03
4.831731841505779688e-03
5.935018780562286052e-03
7.104697685939754745e-03
8.316805966120322663e-03
9.544977405133941648e-03
1.076091800825473670e-02
1.193492051881941615e-02
1.303642577170945581e-02
1.403464594180712718e-02
1.489926915720484260e-02
1.560126531934269076e-02
1.611380810689169718e-02
1.641331749066721885e-02
1.648061098647661538e-02
1.630213163915518459e-02
1.587119860705373670e-02
1.518920513546602978e-02
1.426667190555492432e-02
1.312405427305034580e-02
1.179220212991438990e-02
1.031238227414214143e-02
8.735795107305889193e-03
7.122548596575930396e-03
5.540089866953657946e-03
4.061134775559830865e-03
2.761174252959418089e-03
1.715669186215597808e-03
5.470707854491897448e-01
