7.380104478126545424e-05
2.954757096267333644e-04
6.650447327544753125e-04
1.180865750125775207e-03
1.838271660939998307e-03
2.628511081291223361e-03
3.538197342769519669e-03
4.549391007171185372e-03
5.640338742322626928e-03
6.786786892124250722e-03
7.963698622715153705e-03
9.147142998083104479e-03
1.031610103375366246e-02
1.145394950524205799e-02
1.254943354199380794e-02
1.359701416836911481e-02
1.459656408043437902e-02
1.555247025320594632e-02
1.647227298661081349e-02
1.736501850276501654e-02
1.823952148284723254e-02
1.910272517265134903e-02
1.995831456359945660e-02
2.080569065290703568e-02
2.163936053136450779e-02
2.244874846490354375e-02
2.321839474597548955e-02
2.392848625069782242e-02
2.455565594996590370e-02
2.507399509329122367e-02
2.545623569078630383e-02
2.567507521168426246e-02
2.570462337690963134e-02
2.552194774394733051e-02
2.510867877098386935e-02
2.445260817484331758e-02
2.354918207750861595e-02
2.240276054466070269e-02
2.102749641895795829e-02
1.944768661263572909e-02
1.769747321795974229e-02
1.581982071372233650e-02
1.386476518073585448e-02
1.188701326712798129e-02
9.943050847568050618e-03
8.087990743503961286e-03
6.372433378747018387e-03
4.839625042469467356e-03
3.523171894353865560e-03
2.445506466764005987e-03
1.617215650691575246e-03
1.037238128411667156e-03
6.938405366205277827e-04
5.662006321055904111e-04
6.263746644933022509e-04
8.414120107658546116e-04
1.175403266468803398e-03
1.591302122887139651e-03
2.052434719396471329e-03
2.523687747242877536e-03
2.972433030293609654e-03
3.369288820555661843e-03
3.688828820794153897e-03
3.910327646911098375e-03
4.018581419866289542e-03
4.004775421825758699e-03
3.867301795952397814e-03
3.612374453074393334e-03
3.254258972922668535e-03
2.814941182485662923e-03
2.323102011583727099e-03
1.812344301963755453e-03
1.318719557653596358e-03
8.777146776826857174e-04
5.209635671114517044e-04
2.730291905361402960e-04
1.486434180428735990e-04
1.507845330910784134e-04
2.699109878818757450e-04
4.845571791963557682e-04
7.633421114931155998e-04
1.068261085391108934e-03
1.358946019411700745e-03
1.597417493039222144e-03
1.752737793564021008e-03
1.804932981826484675e-03
1.747599870393716807e-03
1.588755927799974724e-03
1.349716702072413163e-03
1.062070332130669349e-03
7.631212419938203416e-04
4.904445034842432657e-04
2.763762855917882262e-04
1.433207254773240518e-04
1.006553142541424339e-04
1.437691240703865858e-04
2.554058314147612005e-04
4.090694939355229856e-04
5.738659945524256668e-04
7.198788241446752150e-04
8.230785585397977283e-04
8.688703116979867511e-04
8.536767434690166467e-04
7.843748728928885130e-04
6.758587182725254343e-04
5.473808576994065953e-04
4.185437860563673567e-04
3.058156614820423439e-04
2.202389660166546501e-04
1.666446971544064141e-04
1.442792116874433233e-04
1.484084486642167199e-04
1.722773756771546992e-04
2.088155484039640034e-04
2.516753339860160134e-04
2.954939139164306774e-04
3.355770893832369121e-04
3.674075290232933126e-04
3.864145759569940293e-04
3.882991447253038341e-04
3.699407111423914192e-04
3.306234752281696915e-04
2.731149367404865852e-04
2.040931282036256118e-04
1.335714538176092773e-04
7.326826809111628650e-05
3.421519273761691954e-05
2.417751203820800589e-05
4.557627670034260952e-05
9.451269672648070046e-05
1.612254655667348245e-04
2.319420845404881722e-04
2.917251736899995063e-04
3.276645787257963151e-04
3.316869121553045583e-04
3.023535776162895395e-04
2.452558002867097809e-04
1.719223353991912201e-04
9.746092911422600460e-05
3.740260647767298512e-05
4.375195133138423900e-06
5.283638554346708795e-06
3.961283063769850877e-05
9.929126415744493660e-05
1.702672362460235184e-04
2.355822161631385722e-04
2.793407170317570949e-04
2.906685850701795897e-04
2.666311045554547099e-04
2.132325383602497388e-04
1.440549029645920545e-04
7.673415700718610251e-05
2.814271199889202356e-05
9.627467637963018824e-06
2.375001148502961363e-05
6.360551747847257361e-05
1.150327309747588370e-04
1.610962458765012378e-04
1.874380563593745005e-04
1.867493649454059505e-04
1.608607777493719867e-04
1.197361108309057256e-04
7.772407593932412749e-05
4.839442456140191542e-05
3.979906097049342074e-05
5.184965047548850014e-05
7.673031993555253015e-05
1.021446223644748057e-04
1.161467591018881958e-04
1.117262952918107862e-04
8.942729244291195085e-05
5.704597781500276167e-05
2.657213307682338739e-05
9.584816448753707348e-06
1.287941901569870470e-05
3.597644737373713867e-05
7.140269297105630224e-05
1.075509603069051069e-04
1.329469988661813068e-04
1.402626198078975718e-04
1.285901406654874914e-04
1.032422534803752379e-04
7.334239679428749420e-05
4.831105321143903117e-05
3.469980941442582533e-05
3.455908368723455680e-05
4.578732726668564178e-05
6.403290353519791307e-05
8.508649966184995907e-05
1.065780797770433648e-04
1.282162923229980360e-04
1.505761131193448133e-04
1.731965758559327897e-04
1.931426458966565684e-04
2.050203084815061124e-04
2.027653823799865484e-04
1.826379407772810626e-04
1.461422999991441902e-04
1.013987702056582784e-04
6.195331588922112025e-05
4.298578394285844644e-05
5.599634831958850154e-05
1.038540171693144444e-04
1.782165336967088452e-04
2.606630728996298086e-04
3.276146698249505487e-04
3.576967373745609455e-04
3.391568894097816804e-04
2.747109848980562900e-04
1.818944368076414256e-04
8.844406068391605824e-05
2.394450559297175516e-05
1.034313071554238130e-05
5.446668228023931465e-05
1.451421062962462332e-04
2.560787837659016502e-04
3.537797929949500078e-04
4.080495870826183688e-04
4.017362263324744404e-04
3.365164626933856416e-04
2.327627379137704440e-04
1.234275072291486121e-04
4.382258509091373536e-05
2.052168931664006909e-05
6.292848325740093836e-05
1.602243494350011333e-04
2.847054196895564427e-04
4.004849792763991168e-04
4.748262798738219501e-04
4.885263733504541543e-04
4.420592727951793127e-04
3.555125568740828646e-04
2.622962601207480451e-04
1.985575554335671715e-04
1.915922392602050232e-04
2.508862554903364844e-04
3.646435358016420392e-04
5.029976337627431677e-04
6.270661195259577244e-04
7.012014308726545421e-04
7.047601665602812142e-04
6.397643149325809046e-04
5.319542957891120177e-04
4.246150462263655490e-04
3.666566323935699454e-04
3.981523620918017248e-04
5.373893561315502354e-04
7.732203361366594410e-04
1.065180166486794392e-03
1.351794124810987412e-03
1.565296683559513772e-03
1.649186053206932751e-03
1.574139142629906157e-03
1.348051014980985486e-03
1.017297120733918862e-03
6.584224632097840932e-04
3.618222989354201793e-04
2.110130986986423246e-04
2.622985804184710997e-04
5.297117959829890322e-04
9.790286157996303147e-04
1.532643281818336228e-03
2.084630753131811766e-03
2.522957982415913961e-03
2.754088322897357746e-03
2.724545733638295171e-03
2.434531449585141012e-03
1.940311872418962929e-03
1.344477605068904007e-03
7.757999225643887921e-04
3.627183537112753766e-04
2.059830402763651114e-04
3.563199190602310377e-04
8.020950899587699903e-04
1.469992303925293830e-03
2.239071346991971644e-03
2.965775778568698583e-03
3.515074167594165085e-03
3.791442814196538218e-03
3.763150644422401554e-03
3.474372816416673292e-03
3.041867689951386136e-03
2.635905572837390388e-03
2.448286648204843572e-03
2.653026534223936524e-03
3.367076937139532305e-03
4.618903336283850317e-03
6.331715586868869386e-03
8.325764989699283719e-03
1.034076339075180179e-02
1.207572338404355565e-02
1.324004084870051244e-02
1.360710154669232327e-02
1.306061564836036998e-02
1.162455461691402556e-02
9.469970529961039760e-03
6.895790568465232084e-03
4.285295512020954878e-03
2.044621090274145736e-03
5.334169572653933537e-04
