1.273474769309040205e-07
4.682015266559503616e-07
9.338915715361688790e-07
1.368548102973609851e-06
1.548328555580303749e-06
1.313550619427657328e-06
7.398325276136119847e-07
1.911900462312105485e-07
8.123924513408246252e-08
4.724862922959112383e-07
1.093158238131694238e-06
1.604894341320630549e-06
1.746735287174158801e-06
1.542583018573984123e-06
1.272426773314280259e-06
1.185669296071755274e-06
1.341944598310364321e-06
1.581597201152143355e-06
1.550819393257420070e-06
1.042029099964284682e-06
3.714228639934361164e-07
7.224019515826749372e-08
3.550945135395153573e-07
1.230482779225112360e-06
2.680302159212515785e-06
4.394670784744658364e-06
5.543891931152936071e-06
5.186954849429589345e-06
3.280164766997980825e-06
1.011436126833699946e-06
1.272404374981359505e-09
1.032258899780973413e-06
3.138358273418746019e-06
4.434203746401352663e-06
4.183389039615677957e-06
2.969116068713706075e-06
1.613626257054502711e-06
6.265781348121719800e-07
1.793736121943428133e-07
2.978994303602901072e-07
8.983640081262282770e-07
1.817490820451955513e-06
2.689494399874828704e-06
3.080801633984167264e-06
2.921416575756190974e-06
2.431214088158933004e-06
1.816163084407611308e-06
1.206516628222387842e-06
7.868230192877675789e-07
7.315693258959840587e-07
1.031762511838373596e-06
1.537003388551589622e-06
2.058631146036819867e-06
2.493575281884030235e-06
2.752067217919870861e-06
2.678664395532486403e-06
2.259171048212863101e-06
1.677332425251750270e-06
1.124865176058819567e-06
7.162383274366948564e-07
5.090114589490126152e-07
5.275653104764851355e-07
7.854400386148718074e-07
1.300621170555211057e-06
2.126181639319427203e-06
3.362429041948854760e-06
5.018178172667056756e-06
6.860333486786941797e-06
8.823573854072588098e-06
1.175561622001821938e-05
1.760639429759127523e-05
2.877534829140156007e-05
4.955705330691075869e-05
8.302179012250251729e-05
1.230617817174872296e-04
1.524132862507753135e-04
1.465819346187893822e-04
9.968431249193112471e-05
4.122804292456851421e-05
5.628562133867965201e-06
1.132579442014996774e-05
5.086506473493352054e-05
9.275271262908580999e-05
1.119921574270950766e-04
1.030260369053516038e-04
7.406567146501919613e-05
4.383659907146977743e-05
2.753824654856383840e-05
2.806876556974027844e-05
4.019483100722497581e-05
5.572631613219876227e-05
6.975165496650260002e-05
8.353592392504445520e-05
9.148027813606009369e-05
7.280929470800314590e-05
3.258660839672488849e-05
1.653575645297482072e-05
4.243280469103174752e-05
8.776896227478249793e-05
1.072203184595245726e-04
7.689706865689397808e-05
3.215119670939481686e-05
1.186025227842218036e-05
2.876299326274214238e-05
8.443435275612186451e-05
1.611640628064356341e-04
1.955288341334170035e-04
1.460417079355774217e-04
6.197271323881037460e-05
1.331433345537739518e-05
3.127766380371917128e-05
9.814429206357871277e-05
1.733103964474202270e-04
2.352763400942507505e-04
2.816168399751964356e-04
3.071260323778488965e-04
2.996121577083054439e-04
2.577293066072191587e-04
1.955290955403211287e-04
1.281214799076363646e-04
6.865958221781621627e-05
3.958475401681463572e-05
6.544471188431596012e-05
1.421849493234648423e-04
2.231923510958501607e-04
2.592994940677357239e-04
2.446323783687251300e-04
1.904426467795068548e-04
1.100675897068497327e-04
3.275420887251545994e-05
1.901013588568298167e-06
4.031474975216185156e-05
1.224928944674740254e-04
2.045717799605570948e-04
2.652428873656585522e-04
2.926890952219255077e-04
2.663305144282494081e-04
1.772452888419355597e-04
6.403775219252736415e-05
1.843738344092932213e-06
4.036412357199909779e-05
1.424970685964087737e-04
2.210555585287467208e-04
2.281989770228644537e-04
1.677653503400310510e-04
7.582636031648854835e-05
1.230550541966921578e-05
1.849274144548066016e-05
8.959533720040165994e-05
1.721831390369729219e-04
1.938203755906841349e-04
1.439684172392462062e-04
7.871976607781811463e-05
4.951350238278247453e-05
7.513429042912973647e-05
1.412772651000881855e-04
2.019532787901264783e-04
1.970765786377293334e-04
1.177127095971353783e-04
4.121226750831444784e-05
4.764172427803390345e-05
1.404821740418265652e-04
2.725413817542774461e-04
4.079934478184364622e-04
4.828570276274794077e-04
3.994268869022328961e-04
1.978884084931421578e-04
5.776121774064730825e-05
9.257748049964567853e-05
2.914186964662390041e-04
5.520681480611220248e-04
7.409617157895325140e-04
8.089641310954852858e-04
7.676834492629592069e-04
6.244776857493718018e-04
4.463115281118529851e-04
3.409267516602309872e-04
3.639053718681797291e-04
4.541144003892372098e-04
4.790613431119933796e-04
3.954899783083405413e-04
3.128178596178671873e-04
3.660734955730055550e-04
5.449548874063573278e-04
6.602237808788391678e-04
6.038054118451259382e-04
4.586684421824667153e-04
3.494800021059556497e-04
3.794930761912925941e-04
6.058724152945482375e-04
9.793751140312356197e-04
1.400533389690153873e-03
1.619485048255621873e-03
1.421909403803219224e-03
8.881366943121647099e-04
3.162258965297231835e-04
2.101644339016358083e-05
1.579702094319334726e-04
7.081353908606701462e-04
1.428297145607139440e-03
1.676410453144288075e-03
1.058764518087259091e-03
2.437224025106203562e-04
5.439245182973569831e-05
6.322462738173680215e-04
1.527516378830261461e-03
2.121806448410375624e-03
2.248901388515382391e-03
2.054073140500399085e-03
1.725663019005511034e-03
1.444126457182640707e-03
1.312832894464975499e-03
1.382123272932119472e-03
1.667037304324668233e-03
2.064885138502602861e-03
2.348126067000743788e-03
2.348206898587217473e-03
2.059495398779977518e-03
1.539152125158137555e-03
9.217944701728538609e-04
4.560400003067058370e-04
3.207273521180854293e-04
5.499746715400931222e-04
1.085949890827683003e-03
1.799401356825521122e-03
2.657005213972053227e-03
3.630753242738487315e-03
4.081305664199904627e-03
3.191125791517390644e-03
1.458951275573077159e-03
2.656712657872813826e-04
3.174929882193526509e-04
1.684348232161634760e-03
4.695964665369225383e-03
9.565549462370738498e-03
1.593905938892464791e-02
2.306999782894359960e-02
2.962223731063912818e-02
3.346113118897348776e-02
3.158790381615343007e-02
2.219539482476301506e-02
9.108431404809682469e-03
1.993802671439676242e-03
6.627306540682942337e-03
1.711863464656171452e-02
2.236298754189727095e-02
1.920237174593001153e-02
1.314673136269299200e-02
9.081111300519102009e-03
7.946393622546850388e-03
8.106394223596068149e-03
7.860385522599646832e-03
7.576215180096713443e-03
8.881515869721721274e-03
1.287828593140122324e-02
1.957642396186199535e-02
2.739377186293312158e-02
3.318018224330604449e-02
3.545464930067501741e-02
3.496472727433522221e-02
3.214120488395119657e-02
2.799653128628029619e-02
2.375658169992694163e-02
1.876709373344574022e-02
1.210491282818354497e-02
5.674963447887112697e-03
3.312402654158363643e-03
7.319936800263304386e-03
1.703893489742543121e-02
2.742068530950570945e-02
3.052694892305193863e-02
2.473198029520407015e-02
1.542337780810416718e-02
6.679380136874584969e-03
1.050234372462675652e-03
1.384241210405819968e-03
7.822036654002250886e-03
1.654616842833729964e-02
2.165174333261878428e-02
1.987374401325066320e-02
1.356985962331528489e-02
6.704090236727738329e-03
1.922382826856880531e-03
1.196423977476971170e-03
4.619109858449529926e-03
9.954206056062380598e-03
1.383082022461421846e-02
1.424838573863554739e-02
1.233333918582057986e-02
9.684061945643323080e-03
6.711415904159757570e-03
3.838030455467050014e-03
1.826645815777114268e-03
1.339621343408618423e-03
2.575487488411676122e-03
4.655466066343890916e-03
5.655585151008836811e-03
4.614483115086961615e-03
2.510544765352063380e-03
6.981905666068172461e-04
