2.880350132846864640e-04
4.842603607536164617e-04
7.333975133971631054e-04
9.734204749324480927e-04
1.134243053940323619e-03
1.157882597856333502e-03
1.019496207340867943e-03
7.447591947020824757e-04
4.157597486119305038e-04
1.425980593316255424e-04
7.571034882280143575e-06
4.454960375769745232e-05
2.459492853426620143e-04
5.721196393763973691e-04
9.799877617149264659e-04
1.450308254015193624e-03
1.961011013943897603e-03
2.421566522577290465e-03
2.675333911627767857e-03
2.600211341756456310e-03
2.213661391091776599e-03
1.677996863834214404e-03
1.181073800269932285e-03
8.165598810544456680e-04
5.934371838317013164e-04
4.913063082847249526e-04
4.769882524159365896e-04
5.065199289736162193e-04
5.343240135374047878e-04
5.267083891976810000e-04
4.715357682045607591e-04
3.819381603109807052e-04
2.925720432967173976e-04
2.460386117666096654e-04
2.705417373038819669e-04
3.686664797101780718e-04
5.239263543386354438e-04
7.115315308119007833e-04
8.983450537820562203e-04
1.047583772873844936e-03
1.143116314952384929e-03
1.176478997789582844e-03
1.129435755532060340e-03
1.009232393387141319e-03
8.629497388184405706e-04
7.509599941012790958e-04
7.239304557180596591e-04
8.105539363145850993e-04
1.011090576345059864e-03
1.305796312382395252e-03
1.670555072629954785e-03
2.063602211846608716e-03
2.423430180445972255e-03
2.705133165452889860e-03
2.868739195202908016e-03
2.868048881893400098e-03
2.697626943812104269e-03
2.404767861860255835e-03
2.049566943672300086e-03
1.681304794082655752e-03
1.337030239680494538e-03
1.037679483184960260e-03
7.863762920842477192e-04
5.805897968285294360e-04
4.196957920503717812e-04
2.998945496598561357e-04
2.125842626822977983e-04
1.494672652434555333e-04
1.059966682712658185e-04
7.935011592025754165e-05
6.586590780560203301e-05
6.085169790266865700e-05
6.109251423678460104e-05
6.359132056480277899e-05
6.544895387960174467e-05
6.500371674926890540e-05
6.175386851504523190e-05
5.694332756495295905e-05
5.344235893371449106e-05
5.338516626575532553e-05
5.642974937431884867e-05
6.032739629872798520e-05
6.268335636557198975e-05
6.197359753480960725e-05
5.719932958783376965e-05
4.804486141721559683e-05
3.586542492702472914e-05
2.311600316507611501e-05
1.201679562226395355e-05
4.242784542627916850e-06
9.630061953220125518e-07
2.695746773917810626e-06
9.319802509399299594e-06
2.002794021171154282e-05
3.191752081804266389e-05
4.000282660500778417e-05
4.144858473332888878e-05
3.730942203592507196e-05
2.935159217072149979e-05
1.898856923171353850e-05
8.977659790046388258e-06
2.580882785240845193e-06
1.628012473588156334e-06
6.753675435314071519e-06
1.826054047005590118e-05
3.548472100756584063e-05
5.502733876002950891e-05
7.206898906580561754e-05
8.386015776091937271e-05
8.962121390879059782e-05
8.879004941364070915e-05
8.187213515668909525e-05
7.132347313295383053e-05
5.993813205940046445e-05
4.921880579076451888e-05
3.944084252747582755e-05
3.050629615087027156e-05
2.256074872484927163e-05
1.584477236814837395e-05
1.038096927808092632e-05
6.021716360408684433e-06
2.732388283594948997e-06
6.986110803669645641e-07
1.340236674850315194e-07
1.136839758718484345e-06
3.620587181770755607e-06
7.430000577557916768e-06
1.242570972878510978e-05
1.833525696889412734e-05
2.461244955002258485e-05
3.051072480760311779e-05
3.546952381090105543e-05
3.964970676133203469e-05
4.433152152040947179e-05
5.146458414837672455e-05
6.270005493160698521e-05
7.879363203600547134e-05
9.932010639613077468e-05
1.227850575419191031e-04
1.463593526229279673e-04
1.659995161995683679e-04
1.791229492509361124e-04
1.866820306436786474e-04
1.918009333809239832e-04
1.959695698724266122e-04
1.977782321157555605e-04
1.964600572555704827e-04
1.926317563284527944e-04
1.853963686409920795e-04
1.715728857814886746e-04
1.492723489596621273e-04
1.215891821676004666e-04
9.377102856191953334e-05
6.892050192719477789e-05
4.791565385312946768e-05
3.088124784617835906e-05
1.798336214702058339e-05
9.817772925480892986e-06
7.485553391359077565e-06
1.194395966042209950e-05
2.353062021175256105e-05
4.231282143656060816e-05
6.946775581049079000e-05
1.080062270023302723e-04
1.592371866784388545e-04
2.183425477840842375e-04
2.783981938605505102e-04
3.385262676560309831e-04
4.042012546249474573e-04
4.807643840370019132e-04
5.687577459261906367e-04
6.696550704106330647e-04
7.955676177711306458e-04
9.597465412044702731e-04
1.160951240107837602e-03
1.391270367206331755e-03
1.634986370016377078e-03
1.846125473830813020e-03
1.966345211021458105e-03
1.969154523732651735e-03
1.864930126587008991e-03
1.689105177472904635e-03
1.471793725980926736e-03
1.206570885125624829e-03
9.042598998476788228e-04
6.254479650995685164e-04
4.199726563874517263e-04
3.034072076877082896e-04
2.745727715146536498e-04
3.243479314432518501e-04
4.386040535907663636e-04
6.129486579389015893e-04
8.373256249925803505e-04
1.102563380001552558e-03
1.415222104054753580e-03
1.796971577364041847e-03
2.287921105770001750e-03
2.963230852570237356e-03
3.900802276692807644e-03
5.063956435367620093e-03
6.201922298210222478e-03
6.992605039462819125e-03
7.355816360731124055e-03
7.469095419515797349e-03
7.455707853975590549e-03
7.278144500967051109e-03
6.987461399991965263e-03
6.766603374929720457e-03
6.739419094183291339e-03
6.968784963094517768e-03
7.538742347011111872e-03
8.535134866956936572e-03
1.002100132230349626e-02
1.197625724383481922e-02
1.414536832182059466e-02
1.610808372457178672e-02
1.756657658663860963e-02
1.843023615466722956e-02
1.861193381459902429e-02
1.801945588707500739e-02
1.683905851727050818e-02
1.547783874001833204e-02
1.421677526814315792e-02
1.303400855376962188e-02
1.187207601453581056e-02
1.090623284864438575e-02
1.018335001461195127e-02
9.347283895912600685e-03
8.071850738902618116e-03
6.449408442819425449e-03
4.858450145958069684e-03
3.693239432647193315e-03
3.128571816711179284e-03
3.097228467556159201e-03
3.438374392809829053e-03
3.998796789217968529e-03
4.634524528202608497e-03
5.189160880295062492e-03
5.496565995492854947e-03
5.385529420570206276e-03
4.735855730086653212e-03
3.599237985508819872e-03
2.297488791741127395e-03
1.347838062851081618e-03
1.220539151653360745e-03
2.132934768390807537e-03
4.002001446463936823e-03
6.594184912652263988e-03
9.617112001449372449e-03
1.252854432593743066e-02
1.446902698174162838e-02
1.481962679654614742e-02
1.360073607632340288e-02
1.132126778006579612e-02
8.715893698893969338e-03
6.308371788201474692e-03
4.253477655204641709e-03
2.582267904307953242e-03
1.346402571262100573e-03
5.570900403518083688e-04
1.835037779693609239e-04
1.933756533646443132e-04
5.604518173295755523e-04
1.257960597912445924e-03
2.220559331267622696e-03
3.336610638218376855e-03
4.515521313948283808e-03
5.736189643222809262e-03
6.967900746626841911e-03
8.036504138353111823e-03
8.728972904225161533e-03
9.079790420325622308e-03
9.368265533960624600e-03
9.762834440396937416e-03
1.014549646084905027e-02
1.035921671878815321e-02
1.041450965218041272e-02
1.035534338603154997e-02
1.016959941237131557e-02
9.920377667754214090e-03
9.802984881144049048e-03
9.958412631193683945e-03
1.027037135893166253e-02
1.050149148798055869e-02
1.056621117964228612e-02
1.043274843075058661e-02
1.001483720151547657e-02
9.355963825372700868e-03
8.694299000207437317e-03
8.190431205857084604e-03
7.789070544128836107e-03
7.397733738695473800e-03
6.971324279282499134e-03
6.451081524730025926e-03
5.753807294912292175e-03
4.798612832831822446e-03
3.610849376956360400e-03
2.387949830977432152e-03
1.350945611270291859e-03
6.108354109461526515e-04
1.046855086863670015e-01
