3.215076188016437360e-03
2.843241138268356658e-03
2.559501531751585957e-03
2.364822473130234574e-03
2.253450794308027496e-03
2.211132824914294193e-03
2.215625871724013433e-03
2.239499363260350883e-03
2.254561469149016055e-03
2.236788590606273060e-03
2.170497645909136904e-03
2.050711656565638863e-03
1.883159217551493014e-03
1.681975946987297656e-03
1.465766451723975357e-03
1.253080118618253190e-03
1.058452951513626662e-03
8.899543465423003733e-04
7.487215520078768435e-04
6.303993796266359195e-04
5.278881838155491651e-04
4.344800172993361180e-04
3.464145584201304699e-04
2.641168240608471785e-04
1.918128954178557736e-04
1.357267347799717249e-04
1.014915063499997655e-04
9.163841173362198827e-05
1.039910689578565022e-04
1.315083122429592600e-04
1.636708011497517196e-04
1.890320850937562080e-04
1.981951200144928325e-04
1.863381211543750833e-04
1.545396533896461859e-04
1.095035943902169894e-04
6.175408689744527242e-05
2.281718516634851046e-05
2.195204762138415221e-06
4.985675644367823767e-06
3.078791267062274035e-05
7.414354303257731759e-05
1.262974139591227724e-04
1.776852360908648116e-04
2.203705469741216549e-04
2.497188813363614862e-04
2.648836898666714294e-04
2.680875319141973363e-04
2.630757073757253079e-04
2.533672142071894773e-04
2.409500525859290757e-04
2.258627470536019087e-04
2.067485453615984980e-04
1.820924017535409617e-04
1.515901205344940650e-04
1.170492871653490733e-04
8.240224511238666079e-05
5.275747154932223691e-05
3.279993202926153077e-05
2.512881280770146890e-05
2.918355543391723842e-05
4.122456722299795207e-05
5.546301691680792105e-05
6.600678714334050313e-05
6.896468175083038941e-05
6.395387913178306671e-05
5.443171210338556399e-05
4.666771447829017635e-05
4.764847096277617178e-05
6.259515276749241526e-05
9.292951530623529523e-05
1.353885942284542153e-04
1.826071486325289684e-04
2.249956362033347207e-04
2.533153981532304880e-04
2.611412310122725698e-04
2.464726809372141882e-04
2.120717881024356704e-04
1.645406214026997162e-04
1.125432114115566194e-04
6.478683855051124089e-05
2.834937606310404708e-05
7.712024314982669947e-06
4.544794162120762213e-06
1.803245410344837921e-05
4.542095996398145695e-05
8.252991539923142756e-05
1.241538563621515491e-04
1.644533286672469072e-04
1.975115451162449628e-04
2.181580707440907417e-04
2.229738028343940790e-04
2.111933486897501241e-04
1.851293552835698935e-04
1.498316613961398511e-04
1.119497252803397958e-04
7.808951304419315179e-05
5.319967230211290993e-05
3.956118628240184001e-05
3.674808576042525856e-05
4.254336315843872107e-05
5.439114105114615383e-05
7.072271332251251288e-05
9.153104099529206939e-05
1.178886700925294045e-04
1.505840566599549060e-04
1.884880739634806329e-04
2.274597815631526892e-04
2.604553986270851025e-04
2.790562660054227324e-04
2.760508088933057592e-04
2.482252679695241501e-04
1.983378927507147796e-04
1.354546441118392448e-04
7.334397943361880895e-05
2.727460907857220531e-05
1.009901305379202156e-05
2.875006129838488016e-05
8.215663824698129830e-05
1.611580455603631038e-04
2.504249718915907657e-04
3.318647957359456340e-04
3.886481729044073815e-04
4.089066758412602935e-04
3.882966400260287544e-04
3.309253674620696501e-04
2.485007251889207640e-04
1.579185664104552152e-04
7.779479505915588887e-05
2.464811411077894008e-05
9.517875230624749585e-06
3.573323839021477966e-05
9.832418388824603641e-05
1.852066757418316465e-04
2.798568370078920176e-04
3.648244959790615072e-04
4.252407546953237191e-04
4.515192112021089140e-04
4.407265963533429096e-04
3.965091183224018654e-04
3.278555499555256157e-04
2.472149962607221889e-04
1.684946715890722670e-04
1.052724601804556085e-04
6.929100724383972180e-05
6.910677176546834442e-05
1.087581895291198336e-04
1.865017330160503872e-04
2.939433529700534280e-04
4.160990919080357763e-04
5.328980810783692443e-04
6.223295701315825941e-04
6.649010176757505887e-04
6.485005411571670257e-04
5.723752813237320720e-04
4.489322522907682775e-04
3.024996188664032378e-04
1.649571369480800189e-04
6.903009503229589716e-05
4.076619015377326360e-05
9.304790264237156527e-05
2.218230719293508020e-04
4.061053555857960262e-04
6.118794508223156367e-04
7.990927323973730538e-04
9.301726307745424591e-04
9.781559099631626300e-04
9.326213562898216618e-04
8.021352577795640149e-04
6.127105922664728786e-04
4.026549473325506320e-04
2.149420736465582017e-04
8.872766586407726118e-05
5.174985538778700529e-05
1.151017527987246373e-04
2.713124343125974491e-04
4.959617967696368715e-04
7.523494858599946277e-04
9.981909961933436732e-04
1.193026612486331210e-03
1.305029613082993312e-03
1.316144525984320980e-03
1.224878611329400071e-03
1.046499373090272649e-03
8.107680986322921262e-04
5.576188126457141351e-04
3.313748367783611766e-04
1.742116155027335412e-04
1.196558766758779480e-04
1.869651259697410772e-04
3.772322673650388772e-04
6.719593358691907173e-04
1.034596771467792466e-03
1.415138687378768951e-03
1.757342397688644881e-03
2.007598577351206101e-03
2.124045885388771166e-03
2.084325015381776301e-03
1.890481608073940438e-03
1.569961703417201582e-03
1.172323389160504024e-03
7.620760573879058284e-04
4.087871578010414137e-04
1.761115299038924754e-04
1.115963277928182863e-04
2.389633312596656624e-04
5.541129587171679874e-04
1.025433036098689216e-03
1.598265293452925343e-03
2.202720178780507351e-03
2.763546779156463712e-03
3.210526447965002771e-03
3.487882303043270907e-03
3.561450977365528646e-03
3.422781279696492270e-03
3.089821140761945910e-03
2.604342280874857168e-03
2.026658265628251358e-03
1.428467600334183511e-03
8.847803822687033953e-04
4.658739505332824046e-04
2.301003008832075186e-04
2.181771477580085280e-04
4.493770207944901437e-04
9.198177106559753298e-04
1.602872357924899115e-03
2.451564581133866549e-03
3.402689637017213258e-03
4.382299441526947906e-03
5.312102463733365046e-03
6.116260377645541674e-03
6.728020068276262602e-03
7.095614416110308624e-03
7.186909831823512854e-03
6.992378552976174014e-03
6.526125471542486289e-03
5.824888369825946197e-03
4.945133903287898466e-03
3.958562204489924664e-03
2.946484523864834840e-03
1.993631140693354151e-03
1.181970998276786391e-03
5.850813293438079671e-04
2.635060586496569025e-04
2.614041274761722163e-04
6.046344017313102712e-04
1.300273238359338787e-03
2.337431236274556835e-03
3.689138900206263491e-03
5.315012571765453595e-03
7.164392075293428072e-03
9.179655587198628369e-03
1.129945763765010519e-02
1.346169359933245546e-02
1.560605889457980511e-02
1.767613465594627953e-02
1.962098659600103323e-02
2.139630556710131817e-02
2.296514450048599970e-02
2.429831743667736771e-02
2.537452469950131351e-02
2.618025793275348401e-02
2.670952437042004024e-02
2.696341576366218656e-02
2.694953724457502253e-02
2.668130696032839158e-02
2.617713879117629372e-02
2.545952664048644482e-02
2.455405744126073347e-02
2.348838859155117156e-02
2.229123170040650179e-02
2.099138671867514100e-02
1.961686814204018081e-02
1.819415836879937493e-02
1.674761357778754151e-02
1.529903616576002053e-02
1.386741638049990635e-02
1.246883556635517733e-02
1.111651521891049606e-02
9.820990166647801389e-03
8.590380615225256047e-03
7.430736229045239657e-03
6.346425541194547666e-03
5.340545483377659441e-03
4.415328517955426427e-03
3.572528616895263767e-03
2.813772055363143731e-03
2.140864482473429833e-03
1.556051676714528950e-03
1.062237327765996799e-03
6.631665610071829555e-04
3.635881956576302639e-04
1.694114833554322391e-04
8.787410946672411633e-05
1.277376189141120723e-04
2.995244673796247626e-04
6.158080870171877500e-04
1.091564236350005919e-03
1.744588940083842844e-03
2.595985788525264921e-03
1.409165486918920185e-01
