1.322782956643675512e-03
1.202680108540493675e-03
1.041464489876558781e-03
8.576152876481331171e-04
6.747088546350298380e-04
5.125805314131400567e-04
3.812384874041068730e-04
2.798205425963396181e-04
2.004138763024380910e-04
1.343326683868460605e-04
7.750324976458312703e-05
3.232502877607542138e-05
5.334141150396311338e-06
2.191323839658855539e-06
2.286124706134080720e-05
5.970727557850958624e-05
9.969685648856509098e-05
1.297800179326698831e-04
1.428343221561360725e-04
1.411929557768219442e-04
1.358768991284224571e-04
1.416989384387570123e-04
1.703992685412892010e-04
2.249419201713637607e-04
2.975810024706950852e-04
3.725527615750349217e-04
4.321143902595142561e-04
4.631587487315129599e-04
4.614848817196807356e-04
4.320337712874753634e-04
3.853725670563920591e-04
3.324457276955173485e-04
2.802684636496294529e-04
2.305350386260976285e-04
1.814594844091982719e-04
1.314385524968870512e-04
8.222274146692309731e-05
3.965397572628805682e-05
1.145678580728180534e-05
3.276754864216951262e-06
1.522086565721485379e-05
4.098415085248054439e-05
7.031342836813420690e-05
9.375498605879427913e-05
1.073190312692499460e-04
1.145912440816760687e-04
1.250259721370226992e-04
1.490717930135961381e-04
1.924250124737585457e-04
2.522203251527387665e-04
3.170685964492770065e-04
3.709901878082430484e-04
3.994191928345834576e-04
3.945209998419078185e-04
3.575241515766536412e-04
2.973351829420581207e-04
2.265270675946325497e-04
1.569096055329491119e-04
9.676172320491468679e-05
5.059090607059707923e-05
2.073670022117179933e-05
9.159686173477590501e-06
1.789243411807733949e-05
4.773871246726934760e-05
9.616994454435476574e-05
1.561096599922712084e-04
2.169194255573461585e-04
2.675927713607643066e-04
3.007077958279023226e-04
3.149998284118134826e-04
3.149873703537404306e-04
3.076680643462277099e-04
2.980151389728832759e-04
2.858324974126875062e-04
2.659181560052307309e-04
2.317059212136133315e-04
1.805645502401119658e-04
1.178553025353099438e-04
5.732413218186345894e-05
1.721429503066230316e-05
1.366205270810688370e-05
5.431392627729536430e-05
1.349685657698443441e-04
2.405362822735163174e-04
3.495992035373036814e-04
4.404262698981143299e-04
4.961108232031461850e-04
5.074498469609932958e-04
4.735374401311100005e-04
4.009436740961099454e-04
3.023629847276233665e-04
1.949750024643672071e-04
9.814002404864070222e-05
3.005694595063665726e-05
3.727812593657687582e-06
2.348467417479924624e-05
8.368250029928236521e-05
1.704992457170152926e-04
2.663449970197542555e-04
3.549953397966218688e-04
4.251394784546773495e-04
4.709456748727929693e-04
4.900295789096251057e-04
4.807938352287712122e-04
4.414667358055963074e-04
3.719948806571625943e-04
2.778900880439806728e-04
1.734468036871921880e-04
8.153304734434627804e-05
2.867486015405412009e-05
3.663225122209997806e-05
1.137428011871393198e-04
2.498279172276728750e-04
4.171216192910402222e-04
5.771990817185245533e-04
6.915100340775395078e-04
7.319397807834910567e-04
6.881748631683676752e-04
5.700912274060011484e-04
4.050651594093932092e-04
2.313436209455172919e-04
8.919900050766764953e-05
1.174529291945801555e-05
1.728718763876683470e-05
1.049472716768011830e-04
2.548453918580208212e-04
4.330793763280347663e-04
6.003134075518038251e-04
7.214818811807850773e-04
7.736689384591427868e-04
7.499967902606929915e-04
6.590514403886798579e-04
5.211190591035818470e-04
3.633561824540114350e-04
2.155625603353719406e-04
1.068844749852386971e-04
6.254953128295868069e-05
9.955562275128970924e-05
2.213351723590797210e-04
4.131122796278374168e-04
6.407715748833960360e-04
8.556061561329933278e-04
1.005224818684939594e-03
1.048084445702047009e-03
9.669905679036847274e-04
7.766198157776516876e-04
5.219081928809704909e-04
2.672654388342183499e-04
7.969952365072466706e-05
1.085986330297930567e-05
8.316182720001440393e-05
2.837225102081342913e-04
5.675012315013018387e-04
8.685817221678385474e-04
1.116557591926993758e-03
1.253839252522502556e-03
1.249558424852901996e-03
1.106643525711100773e-03
8.604319038022260283e-04
5.694602320644059261e-04
3.011684528870042527e-04
1.164597384743413198e-04
5.696104339019222889e-05
1.375455751299657181e-04
3.448452581664237680e-04
6.409245446685991410e-04
9.705715957041101058e-04
1.270790754680840113e-03
1.481539811379837699e-03
1.556900579777260440e-03
1.475388693666185042e-03
1.247268684636624464e-03
9.162571948220436628e-04
5.535734480835980244e-04
2.441345583387300312e-04
6.727906166837021652e-05
7.669935612343093453e-05
2.852194509931474170e-04
6.591260136063078166e-04
1.124182363940448137e-03
1.582119148967726279e-03
1.933441864582462633e-03
2.100741613996223375e-03
2.046732040202869571e-03
1.782786244886608784e-03
1.366243036506088792e-03
8.874778045051412304e-04
4.500352024987511624e-04
1.485193701098414887e-04
4.918069189482862137e-05
1.772303536471217685e-04
5.131265275731224833e-04
9.979060799520430430e-04
1.545680573897647301e-03
2.060178934917470013e-03
2.451927983547940587e-03
2.653189553411294897e-03
2.628725991564602720e-03
2.381398388079739199e-03
1.952242137278592440e-03
1.415028748855188395e-03
8.656521545148345874e-04
4.072372547500091372e-04
1.327322740430416119e-04
1.076987776980659777e-04
3.566276994264252370e-04
8.559663455454862100e-04
1.535960119637504173e-03
2.291578033364703639e-03
3.000701868754019393e-03
3.546034218441311038e-03
3.836320589792859351e-03
3.822693789998067235e-03
3.507111450478757851e-03
2.941600527781932685e-03
2.218882896299505247e-03
1.456520858376786961e-03
7.777152777215086627e-04
2.921980733998157630e-04
8.031442247985069510e-05
1.825290632676061743e-04
5.954344381475943151e-04
1.274144500306397063e-03
2.139973853216519881e-03
3.091703304605522996e-03
4.018575401446095041e-03
4.813369340581497534e-03
5.384299948874910445e-03
5.664876858880378389e-03
5.621118015966132531e-03
5.255620839145175131e-03
4.608046415748606739e-03
3.751705564869135985e-03
2.786253494258254804e-03
1.827006939114498999e-03
9.919881344079778743e-04
3.882988107472029084e-04
9.966473398251383259e-05
1.768723555115671894e-04
6.323594026393740799e-04
1.439535142755742157e-03
2.536659866469931097e-03
3.834466914928745095e-03
5.226274075961700842e-03
6.599147074824943636e-03
7.844730624711089562e-03
8.868600346023193526e-03
9.597345328705890813e-03
9.982997906124287113e-03
1.000481933525412120e-02
9.668769034832724180e-03
9.005185466856323317e-03
8.065266877425892114e-03
6.916870802442371541e-03
5.639996664503819576e-03
4.322141740509060151e-03
3.053593049525210601e-03
1.922678683289861037e-03
1.011055746513446398e-03
3.892241062566245105e-04
1.125683886776615182e-04
2.182887701614409095e-04
7.235504338205282163e-04
1.625062226794363488e-03
2.900117829854664386e-03
4.508944652824255564e-03
6.398051673551619078e-03
8.504176287019726138e-03
1.075840920593064583e-02
1.309011520011483902e-02
1.543034693871696110e-02
1.771455040076015328e-02
1.988446885173906706e-02
2.188925809972546918e-02
2.368591959481529396e-02
2.523922942368447137e-02
2.652137898406059166e-02
2.751153864666388074e-02
2.819550850718819529e-02
2.856554087929256969e-02
2.862032777871481928e-02
2.836506780322852611e-02
2.781148129413537479e-02
2.697764058017206729e-02
2.588751993553243744e-02
2.457023264600803614e-02
2.305898998269302266e-02
2.138987071625023800e-02
1.960051944010541072e-02
1.772889606404487450e-02
1.581218314080740095e-02
1.388593064078777473e-02
1.198348634151245526e-02
1.013572756837341146e-02
8.371077200760876011e-03
6.715753903013011242e-03
5.194175875098213171e-03
3.829414447593041792e-03
2.643585455434478704e-03
1.658077753983337125e-03
9.373483699060147778e-02
