9.279134675251493906e-05
3.072606527873632362e-04
5.090100123955206522e-04
5.556454975952490865e-04
3.886388199790112466e-04
1.275506883025300268e-04
6.154563817069572584e-06
1.401658475608363852e-04
3.636340535470342604e-04
4.309206274572651286e-04
3.079987031517419926e-04
1.258355637740005779e-04
4.104996577926512010e-05
1.123239137461518104e-04
2.755717719355869118e-04
4.517388057347643672e-04
5.749243878944694606e-04
5.397351415204989416e-04
3.157918460824128974e-04
1.100469826923920421e-04
1.452860136119774352e-04
3.515141821217946782e-04
5.454168583542485290e-04
6.545410155865568052e-04
6.520210654475729495e-04
5.325324051290028851e-04
3.551336069625255854e-04
2.296271628172344285e-04
2.209990238483019575e-04
2.901908816587265064e-04
3.521375926890162262e-04
3.544719365677989837e-04
2.997173311488404625e-04
2.343870131922202830e-04
2.125431540599396249e-04
2.629205430921222552e-04
3.855759847190802915e-04
5.515209143084261753e-04
6.833153603344494387e-04
6.841258400329485291e-04
5.470180518815818483e-04
3.228782544531113804e-04
1.019632046315104663e-04
3.296580468544459353e-05
1.798556144691400988e-04
4.442439495093516598e-04
6.213565871236891762e-04
5.157176446162536681e-04
1.894175721545778858e-04
6.120558483385973603e-07
1.575378497751121407e-04
5.242206196668244096e-04
7.901889717114506063e-04
7.550382877344238288e-04
4.543267755859740930e-04
1.130678034867267038e-04
7.579691016645896562e-06
2.270599420664275213e-04
6.334166094203153539e-04
1.002971297095355766e-03
1.173788179704829838e-03
1.101625681655499364e-03
8.220509772142991231e-04
4.484868937145946276e-04
1.478618068957909056e-04
3.818661376207313724e-05
1.421643896562608330e-04
3.751187213372340532e-04
5.922434784327573884e-04
7.355746550155678421e-04
8.531480035541387247e-04
9.653711149702977378e-04
1.090256266433238053e-03
1.160565071197552965e-03
1.033962899621167523e-03
6.773547230160469014e-04
2.620591715290283190e-04
1.044094227210067948e-04
3.331995685036101334e-04
7.353985110181398676e-04
9.189205778797978784e-04
6.689573242711292344e-04
2.594929424405736625e-04
1.108797238595752330e-04
3.385213226706555419e-04
7.260199163254561078e-04
9.715470572095152423e-04
9.649841521428482354e-04
7.701110839482110939e-04
5.032175205991459626e-04
2.821675452182296649e-04
1.940782651298603753e-04
2.588861792534372899e-04
4.230927922014091481e-04
5.092770933243082792e-04
3.729730071011381131e-04
2.047814224490062947e-04
2.097641796497237330e-04
3.447542262650951607e-04
4.270074129979768815e-04
3.719868053585444873e-04
3.161103418833729919e-04
3.703900696947923189e-04
5.143874421049582672e-04
6.438547685011870771e-04
5.657608089449504178e-04
2.287046727990687742e-04
1.809398615817706533e-05
2.292346264567564048e-04
6.220386708817565030e-04
7.310247474352153229e-04
4.264148692897213287e-04
7.881338610429838723e-05
5.443928811104386406e-05
3.682105818713965516e-04
7.510167753168378244e-04
8.860805691179626364e-04
7.073589512134820581e-04
4.269085140562813062e-04
2.646707177783415364e-04
2.847005695512429550e-04
4.149290702794808817e-04
5.506705639586832041e-04
6.296287070145405781e-04
6.115516484387962561e-04
5.106116738749776366e-04
3.998053668430451833e-04
3.584429854084020609e-04
4.567513873918509432e-04
6.833423880043855425e-04
8.596034950743647665e-04
7.674079599220433355e-04
4.464562067544689287e-04
2.082697045550220387e-04
3.106849060598521821e-04
7.862437331348092091e-04
1.383076613334531827e-03
1.597335149473204938e-03
1.113136041549456830e-03
3.019634417319078156e-04
3.030396966287629047e-05
6.381582923626144760e-04
1.446700519635395676e-03
1.661437050198102386e-03
1.119679265423598191e-03
3.174724841231205109e-04
3.073910894623395665e-05
5.240329812694783382e-04
1.285479707015434224e-03
1.450567812585788416e-03
7.684766716367522153e-04
9.567014278126966052e-05
2.312480077619063308e-04
1.054439598702124016e-03
1.822351276925715914e-03
1.813889892032224081e-03
9.577817277569313208e-04
8.932294791203884330e-05
2.391671624939000450e-04
1.205424692328766444e-03
1.759998320686483909e-03
1.326237889180023524e-03
5.404179266469833886e-04
1.573713781097211401e-04
4.301884940489422412e-04
1.011927100670618682e-03
1.190794903999887328e-03
8.487963845345278865e-04
4.997347236727830988e-04
5.484281027307315835e-04
9.326430030567964963e-04
1.252966175528065279e-03
1.257115521131848017e-03
1.015836506990734113e-03
7.794163057039521763e-04
8.280166158244080645e-04
1.130503044667381706e-03
1.229058818356010448e-03
8.227280589519552975e-04
4.152319935114457024e-04
6.660833753063716322e-04
1.391744067268909724e-03
1.741432989211464701e-03
1.124020086613796527e-03
2.776629755538002030e-04
4.790647769487995874e-04
1.674888682052414141e-03
2.905246845477341567e-03
3.373596238828619181e-03
2.647099210308417362e-03
1.033555054834617770e-03
8.063255056652904990e-05
7.401248547791641069e-04
2.274148664661519541e-03
2.949952474120051422e-03
2.064648744419073784e-03
6.439522498458094503e-04
1.641700877244755196e-04
1.086405237232070716e-03
2.505354579248440013e-03
2.526249878836713848e-03
9.263591088568817050e-04
1.786226738281303629e-04
1.453790372416786589e-03
3.276408910835829687e-03
3.508756787263778501e-03
2.025810912314991198e-03
6.817106963787549845e-04
8.064723771338869716e-04
2.390959794238725362e-03
4.591134903619691413e-03
6.444218557275198031e-03
7.155224731961323976e-03
6.202200945922485900e-03
3.762972030578633654e-03
1.653206307249183724e-03
1.916366631227272351e-03
4.083802656732813188e-03
5.548694463041561539e-03
4.641425919094136973e-03
2.900696502072707544e-03
2.845574377766934941e-03
4.808856069296320659e-03
6.755019730215654564e-03
6.504180391630209196e-03
4.593633016840703055e-03
3.115663242377314686e-03
3.500576786466262375e-03
4.981708316900080452e-03
5.024296016665199746e-03
3.512956492812293816e-03
3.100974940654618699e-03
5.687856756741126174e-03
1.138499778467260554e-02
1.766521428965256782e-02
2.027142412486627673e-02
1.672736451110910447e-02
8.594705613277678000e-03
1.345167857464531214e-03
8.157639287380853005e-04
7.201402248033695989e-03
1.207698386264288368e-02
7.976627303936176597e-03
9.626609466743661246e-04
2.016518723341520491e-03
9.303939931217157858e-03
1.192903515252411069e-02
7.205043112039507397e-03
1.382795027936136725e-03
1.071229138524869458e-03
6.274188682035688330e-03
9.162795325361051957e-03
5.526755684346152178e-03
7.302898218811999928e-04
1.076137545794075313e-03
6.530328810747736482e-03
1.245245173126075661e-02
1.353849846392337145e-02
9.160756330600268449e-03
3.482338564348256248e-03
1.038246738251437460e-03
3.543877105896394483e-03
8.716264856622761917e-03
1.186885430504098365e-02
9.573616395809704527e-03
4.692829047330527442e-03
3.362044783852702161e-03
6.812395153528399798e-03
1.092747102432739190e-02
1.108852967986030495e-02
7.831245057416561656e-03
6.431153403309870092e-03
9.041388343190497751e-03
1.283044379886629296e-02
1.327735739021503047e-02
9.852608896428811935e-03
7.741756878125881716e-03
1.028741712150603969e-02
1.410770578831708338e-02
1.397472349320986323e-02
1.059359582315861324e-02
8.986486469192039514e-03
1.227978250906356684e-02
1.805597043175065017e-02
2.035901681990847159e-02
1.593330931065305503e-02
8.023982631103248470e-03
4.943438924906058511e-03
1.165685843799164727e-02
2.629749383288672651e-02
4.118001594687427380e-02
4.595867156263360592e-02
3.584309338310738557e-02
1.606316546996304148e-02
1.163171709155012227e-03
4.909655886303970068e-03
2.229044331575026627e-02
3.143072623792585174e-02
2.305554831485981740e-02
7.521733815504339470e-03
