3.768441868496202884e-03
4.373873026060842197e-03
5.016887669922938560e-03
5.696565199889604657e-03
6.412054201481887095e-03
7.162496466845603808e-03
7.946947589240051929e-03
8.764293681459889643e-03
9.613164058959006511e-03
1.049184010210628924e-02
1.139816096005424884e-02
1.232942727028079125e-02
1.328230462984000826e-02
1.425272915097969446e-02
1.523581804612368640e-02
1.622578879265426655e-02
1.721589099960454602e-02
1.819835560487250217e-02
1.916436643695259429e-02
2.010405943938015777e-02
2.100655493594189710e-02
2.186002816555237399e-02
2.265182289360528900e-02
2.336861217119670653e-02
2.399660923140062990e-02
2.452183005988561176e-02
2.493040734727408267e-02
2.520895333296786778e-02
2.534496651719062715e-02
2.532727440781098668e-02
2.514650146736652214e-02
2.479554834953916556e-02
2.427006550890026954e-02
2.356890150700838987e-02
2.269450402034895592e-02
2.165324989785010618e-02
2.045567984380677190e-02
1.911661363929964552e-02
1.765512346736228602e-02
1.609434604464663604e-02
1.446111900041173112e-02
1.278543332121999561e-02
1.109970163827472822e-02
9.437851498898565394e-03
7.834263227718825731e-03
6.322583100236503668e-03
4.934453735858204335e-03
3.698214156378118369e-03
2.637631035272132961e-03
1.770729408247566361e-03
1.108794646287688049e-03
6.556169927753755042e-04
4.070447636271871060e-04
3.509019605306324427e-04
4.673104237207905201e-04
7.294360147051394232e-04
1.104653383017286869e-03
1.556095826789669675e-03
2.044527270447406633e-03
2.530444540710263205e-03
2.976292327665994771e-03
3.348653033746929776e-03
3.620261655256461122e-03
3.771694129336625959e-03
3.792587869781879374e-03
3.682276329178914981e-03
3.449755110104580930e-03
3.112943904146499817e-03
2.697263541713821461e-03
2.233606600972769338e-03
1.755838212640627779e-03
1.298015097188187856e-03
8.915495286486465037e-04
5.625653904262236911e-04
3.296915505429445781e-04
2.025111276075530775e-04
1.808340238629524367e-04
2.548873917209030300e-04
4.064303884530509722e-04
6.107041326302528085e-04
8.390355102626147329e-04
1.061835437187048838e-03
1.251678808084371545e-03
1.386133026523960659e-03
1.450019660197792793e-03
1.436849869007606785e-03
1.349264272791266765e-03
1.198422458378563824e-03
1.002412983083037987e-03
7.838756973872538060e-04
5.671283145732904530e-04
3.751541894854562359e-04
2.268281827506520585e-04
1.347281171800774377e-04
1.038033358565089404e-04
1.310586536582132003e-04
2.062765905438360831e-04
3.136617961247223168e-04
4.341685178550482526e-04
5.481823041439467126e-04
6.381836609002740270e-04
6.910302327023934085e-04
6.995537839206197178e-04
6.632699420255987709e-04
5.881274201886678519e-04
4.853605502725202598e-04
3.696347135432676359e-04
2.567708095946791887e-04
1.613888206279986265e-04
9.481463237308131241e-05
6.354856630653329236e-05
6.850564933008748345e-05
1.051196235329826463e-04
1.642724014498913167e-04
2.338872237242878803e-04
3.009254478553197881e-04
3.534685147521363265e-04
3.825573665855652380e-04
3.835033863821423633e-04
3.564719609446343265e-04
3.062589222127169524e-04
2.413126970170007945e-04
1.721794239264367395e-04
1.096435770545473146e-04
6.288596415225817247e-05
3.797492150486458143e-05
3.694518700587768803e-05
5.761236419003919976e-05
9.413778412108531957e-05
1.382230975439559663e-04
1.807013080896000456e-04
2.132225689850940657e-04
2.297220812889627780e-04
2.274059294255476418e-04
2.070889637596798295e-04
1.728471610436210998e-04
1.310794496433370865e-04
8.918421800731122411e-05
5.412191709188430536e-05
3.114505395607996120e-05
2.293019273329388239e-05
2.925497211548433685e-05
4.724740244032749227e-05
7.211997246488695604e-05
9.821121288303810064e-05
1.201096186297959069e-04
1.336364088884558284e-04
1.365105123227013312e-04
1.285978316982620069e-04
1.117378630823560902e-04
8.922377386730986969e-05
6.507053551067489222e-05
4.323034042545420162e-05
2.690455564305786252e-05
1.806380206154090118e-05
1.723432347253912706e-05
2.355300069638113056e-05
3.504662043575201927e-05
4.906052323927592344e-05
6.274968769233460150e-05
7.354947631772261972e-05
7.955885718250955616e-05
7.979046870811064697e-05
7.426490877789586461e-05
6.394830165731477372e-05
5.055128725847030417e-05
3.622365538544647655e-05
2.319140857449272200e-05
1.339095973426947595e-05
8.156776083821005470e-06
8.012469381265907933e-06
1.260050772296907319e-05
2.076357761950895663e-05
3.076439822548983447e-05
4.060532715135406376e-05
4.838977035121138991e-05
5.265872592360199440e-05
5.264013451029061217e-05
4.836558964565236139e-05
4.063503590960372048e-05
3.083991088845871643e-05
2.068251414322570795e-05
1.184858853895287233e-05
5.697418019721025897e-06
3.028032714810541856e-06
3.962953943530801994e-06
7.966169398128590841e-06
1.398494487413736553e-05
2.068116880444791886e-05
2.670187928160753672e-05
3.093340881404220611e-05
3.268990010373746017e-05
3.180311908586241437e-05
2.860281788389368640e-05
2.380042591246655929e-05
1.830842454895629132e-05
1.303919124861952079e-05
8.728104906127174512e-06
5.816481519603895216e-06
4.413092190630548250e-06
4.333023962577473344e-06
5.194551448216920322e-06
6.542898292638907438e-06
7.966866796284510056e-06
9.180416406416025128e-06
1.005406888604098455e-05
1.059651013447486427e-05
1.090045466109138790e-05
1.107506127562161068e-05
1.118809233858402797e-05
1.123501206164943586e-05
1.114173693742383838e-05
1.079634023997668176e-05
1.009621743917926462e-05
8.993493134969335432e-06
7.523480401214038872e-06
5.807633855038920085e-06
4.031172185525594793e-06
2.403439152272203647e-06
1.113698696879619530e-06
2.952456707841099033e-07
6.812409279755799067e-09
2.339080427822190707e-07
9.062416454137528098e-07
1.922903211378218152e-06
3.175814083119404218e-06
4.564201411794297944e-06
5.997429526862441448e-06
7.388638834325189419e-06
8.645426601537103264e-06
9.664939797865753902e-06
1.033890187168260345e-05
1.056997925437921489e-05
1.029600254211706449e-05
9.514641139490138765e-06
8.299607677130665758e-06
6.800965529745155615e-06
5.226265098168412667e-06
3.804809894615062467e-06
2.742643362551057791e-06
2.179199675103473139e-06
2.156887648485103105e-06
2.611979759758803130e-06
3.389811746296479503e-06
4.280943885193289334e-06
5.069371444520671445e-06
5.580665263539371607e-06
5.717986434936916543e-06
5.477258847447341352e-06
4.938505015497335717e-06
4.236907139824325474e-06
3.522769881399772741e-06
2.922704317151622579e-06
2.514145800127047221e-06
2.321762832685758518e-06
2.338286673147711492e-06
2.565319179152768782e-06
3.063549118690517839e-06
3.998130191677510135e-06
5.664771972882245730e-06
8.485561282546945759e-06
1.296997923390628191e-05
1.964460031810920840e-05
2.896274981942025635e-05
4.121116528154426524e-05
5.643308587363199673e-05
7.438553323878809985e-05
9.454306777754746939e-05
1.161520434423797614e-04
1.383299777289326705e-04
1.601959904642415958e-04
1.810120947130697245e-04
2.003126977754036357e-04
2.180014930415529535e-04
2.344006517804113592e-04
2.502457426330911036e-04
2.666294532541884656e-04
2.849060833189437304e-04
3.065751922514835161e-04
3.331654769439180747e-04
3.661384103125337429e-04
4.068257048727763397e-04
4.564063629298568698e-04
5.159195939338996660e-04
5.863011400251740826e-04
6.684243753686949308e-04
7.631253121167299452e-04
8.711930190166947184e-04
9.933137385644470220e-04
1.129967117890782373e-03
1.281284690004482092e-03
1.446891886185333511e-03
1.625763217184650377e-03
1.816123974074814514e-03
2.015429717270898497e-03
2.220446743434156735e-03
2.427443490022461459e-03
2.632486269142434755e-03
2.831815347531432565e-03
3.022262070268804616e-03
1.359278410266734904e-01
