1.472115961515624901e-03
5.575453088695980428e-03
1.145218513579419894e-02
1.790508444238075175e-02
2.366681649885753191e-02
2.766943173933501809e-02
2.925435168914113093e-02
2.828041615816586501e-02
2.511327384348815972e-02
2.050711258342034771e-02
1.541297983012268266e-02
1.076175721448401068e-02
7.271761835742686711e-03
5.321393242366952679e-03
4.909267035947061444e-03
5.702621277341449017e-03
7.154690336688356023e-03
8.657701263334659919e-03
9.692917434276037553e-03
9.943249695313533670e-03
9.345698072180701893e-03
8.076954717879777229e-03
6.481815638264687776e-03
4.966788156486955964e-03
3.887736213911066954e-03
3.459537701619844630e-03
3.708287244783900396e-03
4.474799264421818433e-03
5.465141487913250350e-03
6.332823638146490956e-03
6.770573366638846236e-03
6.588637031145077455e-03
5.761106510241545409e-03
4.430459203682470502e-03
2.870998598111088474e-03
1.421614425322486296e-03
4.050079951740197227e-04
5.285815889316430633e-05
4.540583956315179118e-04
1.536962724641912238e-03
3.088205365928347202e-03
4.802173263013841467e-03
6.348573164932860488e-03
7.442155391731089184e-03
7.899103329512588423e-03
7.668523822046833388e-03
6.833757022766557936e-03
5.585278702233678269e-03
4.173138951694724610e-03
2.850830342736296753e-03
1.823468733583452194e-03
1.211191819177013683e-03
1.034403260900038047e-03
1.222058987073790584e-03
1.638931048606387516e-03
2.123878998134356034e-03
2.529394258680880449e-03
2.753292861473004109e-03
2.756085387728785408e-03
2.561473175529942019e-03
2.241597055265223074e-03
1.892107446969041717e-03
1.604087796597829067e-03
1.440003768794089400e-03
1.419276809629989484e-03
1.516294415081638394e-03
1.670420037183438337e-03
1.804656983658159018e-03
1.847719481211780113e-03
1.753753015350421928e-03
1.514854051403129957e-03
1.163558804769180850e-03
7.650527151960196011e-04
4.013505510212518178e-04
1.515260522060917435e-04
7.283762889773157437e-05
1.871833152990902221e-04
4.758873690320774988e-04
8.837630322310063586e-04
1.331223462337206365e-03
1.731433720718964864e-03
2.008497449585908146e-03
2.112635985758358047e-03
2.029196441029613909e-03
1.779863925181584573e-03
1.416262519961978151e-03
1.007784328177044201e-03
6.266236352771808842e-04
3.333932612228454086e-04
1.663241052707170316e-04
1.360365890910784589e-04
2.264980043445248472e-04
4.013785081525548431e-04
6.139075631789781863e-04
8.177390772739195207e-04
9.763495025440157866e-04
1.069064942624133258e-03
1.092764521010750793e-03
1.059388633984664979e-03
9.903329256539328621e-04
9.094229604839560496e-04
8.363264995822304853e-04
7.819698886391117116e-04
7.468876592898407180e-04
7.226284287452705221e-04
6.955700502575272622e-04
6.519436470889378686e-04
5.826463613960037582e-04
4.865660067525797404e-04
3.715889302834638765e-04
2.530884518426849581e-04
1.503342792381744000e-04
8.176812666014011998e-05
6.034402430617850639e-05
9.008591703910611261e-05
1.646954705927416356e-04
2.685376315158090549e-04
3.797671389539276129e-04
4.748696348949327933e-04
5.335858165846820832e-04
5.431277389438170710e-04
5.007850343425675373e-04
4.144011255442781039e-04
3.006802636846709958e-04
1.817533281257269673e-04
8.078109402395299574e-05
1.753737210449010219e-05
4.866164990538006895e-06
4.667039438092453641e-05
1.377285617180037556e-04
2.652368704148397793e-04
4.116271019710541264e-04
5.579863992046828810e-04
6.873431630066964473e-04
7.871838479593653778e-04
8.507929083885329685e-04
8.773015559516925957e-04
8.706196715372004069e-04
8.376453939596948707e-04
7.862555481914748796e-04
7.235629997758745782e-04
6.547998908513285405e-04
5.829881457634557718e-04
5.093432918187892856e-04
4.341771157227228544e-04
3.579593267944621840e-04
2.821878410803812728e-04
2.097972608578374033e-04
1.449800065459147004e-04
9.246478322589593796e-05
5.644918681504126152e-05
3.948037876344116521e-05
4.159784315687286779e-05
5.999253028020252478e-05
8.931346855340303035e-05
1.225969088447039391e-04
1.526417171647505907e-04
1.735434036481788077e-04
1.820531170853106580e-04
1.784569396067907973e-04
1.667675691127856903e-04
1.541627819792981604e-04
1.497612861222976668e-04
1.629629066874835048e-04
2.016679804532832778e-04
2.707131077783676192e-04
3.708142694891782237e-04
4.982054965348818327e-04
6.450248761739277997e-04
8.003587315240482964e-04
9.517379036060456994e-04
1.086809339570626821e-03
1.194893056355129587e-03
1.268177895343845611e-03
1.302396650236888574e-03
1.296931288773458570e-03
1.254407966318042862e-03
1.179927238830522519e-03
1.080121802115859920e-03
9.622361475591391638e-04
8.333837853357346347e-04
7.000707513531681699e-04
5.679968090977648891e-04
4.420768380814077262e-04
3.265797963396005086e-04
2.252701610233882976e-04
1.414574113617810621e-04
7.790543736671988798e-05
3.661231562981260440e-05
1.852568220301803106e-05
2.329519449663883956e-05
4.917126813295878929e-05
9.313540583669871475e-05
1.512967536065320325e-04
2.195234540478843656e-04
2.942114507589842893e-04
3.730437571947581602e-04
4.555728865490053857e-04
5.434750859311956138e-04
6.403763336326788935e-04
7.512279711409418966e-04
8.812993703299419439e-04
1.034938024767661667e-03
1.214306344478860650e-03
1.418325986426234326e-03
1.642038729573929226e-03
1.876530292829317603e-03
2.109470968961537751e-03
2.326221596359512832e-03
2.511355137272884303e-03
2.650371729476943584e-03
2.731352305567833448e-03
2.746308720282643681e-03
2.692043771290966725e-03
2.570421148118901076e-03
2.388045802899410250e-03
2.155449739456391772e-03
1.885948748610863975e-03
1.594369656374818207e-03
1.295840729633726627e-03
1.004794398244018751e-03
7.342635397742018708e-04
4.954772726030801100e-04
2.976975185923124096e-04
1.481983247881069380e-04
5.228420001677040187e-05
1.327103257156110868e-05
3.240445189303131250e-05
1.087502681118304265e-04
2.391416400146195958e-04
4.182914889707445879e-04
6.391661476336974075e-04
8.936662518926668727e-04
1.173582551517049965e-03
1.471705412843644272e-03
1.782890070294735393e-03
2.104837651695612866e-03
2.438361295611114581e-03
2.786973400618503096e-03
3.155747188648845222e-03
3.549553509199602185e-03
3.970922864619403844e-03
4.417900061130455511e-03
4.882315278391841616e-03
5.348871791692787550e-03
5.795343805785278454e-03
6.194002249970990623e-03
6.514172167551856435e-03
6.725613103228185626e-03
6.802246456947071834e-03
6.725666998853916181e-03
6.487890409627457451e-03
6.092905290962341916e-03
5.556795766534530084e-03
4.906441205488223760e-03
4.177034679365504433e-03
3.408844060213131640e-03
2.643732915907265162e-03
1.921945834285122964e-03
1.279551437289326576e-03
7.467554174095566684e-04
3.470904736862251579e-04
9.731023176944817192e-05
7.703262777998368487e-06
8.252641871733343184e-05
3.203343723607778720e-04
7.141293273800802723e-04
1.251426139432133084e-03
1.914469379945498697e-03
2.680901135998778936e-03
3.525131412933911815e-03
4.420505481818183362e-03
5.342124884756133986e-03
6.269918559770097655e-03
7.191349726074945485e-03
8.103051967889688539e-03
9.010762199390825317e-03
9.927170363898068714e-03
1.086770354630036198e-02
1.184473239747393762e-02
1.286112933042096035e-02
1.390441338888627996e-02
1.494279724484651531e-02
1.592426045444739549e-02
1.677931995503006285e-02
1.742752410267172161e-02
1.778698009143358377e-02
1.778558237647352019e-02
1.737218283724643875e-02
1.652583569414996234e-02
1.526150224045686420e-02
1.363117665340803607e-02
1.172018653256423279e-02
9.639270952102327664e-03
7.513767821002981934e-03
5.471696659561509427e-03
3.632606686367944714e-03
2.098760372870935378e-03
9.496145852672859076e-04
2.397928911169856325e-04
