5.818608886771649670e-04
2.190462876107157099e-03
4.490628855934086609e-03
6.998944135982293133e-03
9.142053432841591373e-03
1.041285978549646996e-02
1.053180891770513078e-02
9.563547815142636049e-03
7.970588815250437276e-03
6.474441829047358592e-03
5.634513135552136204e-03
5.574957023240990038e-03
6.081862479805253199e-03
6.828290358386220754e-03
7.583505476179493339e-03
8.273535506665943839e-03
8.794574693264726323e-03
8.868603658920436519e-03
8.270983653791710855e-03
7.187404100570769262e-03
6.279162188000087311e-03
6.397182207229010382e-03
8.256360338832853182e-03
1.233037329972644369e-02
1.877459259765068555e-02
2.725050129506890323e-02
3.677845933136761336e-02
4.589453168673021666e-02
5.322916761147204745e-02
5.788107342986456572e-02
5.929170760086656389e-02
5.710727151152340808e-02
5.142906420535779677e-02
4.346581150497728224e-02
3.510193176162190037e-02
2.763242991845669960e-02
2.152746441046940115e-02
1.680124905422608617e-02
1.318358549547162320e-02
1.048086766625744466e-02
8.771826331808224922e-03
8.085620777960010608e-03
8.274061952896096320e-03
9.155364038163997173e-03
1.056745756932361488e-02
1.230350895235251575e-02
1.399837771215866472e-02
1.504769899486109626e-02
1.489031282630599168e-02
1.355995498001409151e-02
1.160823206326665538e-02
9.504221196311194927e-03
7.533646816349198923e-03
5.912972979845798963e-03
4.691543803939800424e-03
3.780903534037978724e-03
3.076380310012944222e-03
2.494965321157669065e-03
1.972540270734948406e-03
1.475536515773193851e-03
1.008229664334916965e-03
5.984159545383584394e-04
2.809032564516155219e-04
9.200075578138711325e-05
5.760514153976220526e-05
1.813644973591607939e-04
4.409843223856335474e-04
7.842466697670910170e-04
1.145736343257131116e-03
1.488407952235175011e-03
1.811468915258133711e-03
2.100204345069061479e-03
2.344974287363830318e-03
2.503790695923787876e-03
2.509912381103711950e-03
2.338462864248824769e-03
2.015539264896064938e-03
1.636457430569942346e-03
1.338926861622140221e-03
1.208918792994072549e-03
1.235430052803340945e-03
1.334270262569168261e-03
1.403714756392274035e-03
1.372566648174301102e-03
1.208817521041981964e-03
9.246025395165775266e-04
5.874649024451363043e-04
2.887983910245783261e-04
1.023438091398026241e-04
7.206576357787048380e-05
2.095438608935055948e-04
4.965747830262641146e-04
9.018814931382911548e-04
1.365074971467122433e-03
1.730950296398778114e-03
1.815530144364366910e-03
1.607837134022566464e-03
1.256729276829577756e-03
8.927574766497284667e-04
5.907917886048981958e-04
4.133555609743503755e-04
3.891281666511040818e-04
4.960755829293924833e-04
6.894430443244332083e-04
9.153878577898284623e-04
1.085754667804545142e-03
1.091162240314389820e-03
8.987403256580385989e-04
5.886385593114233997e-04
2.811579574736875527e-04
8.079565207922987454e-05
5.253392806365559514e-05
2.003263177381081150e-04
4.750808365455079529e-04
8.003157902387674459e-04
1.087283633871000479e-03
1.253151144509325170e-03
1.256791474858529175e-03
1.114831553543581787e-03
8.776741873714820992e-04
6.029197613801800864e-04
3.527270443921791680e-04
1.903654565657070729e-04
1.533168646033112757e-04
2.371455089898623499e-04
4.010176327924869612e-04
5.918213302863984619e-04
7.584409343979263115e-04
8.522085333856656286e-04
8.356526347448550805e-04
7.011876564842877552e-04
4.852011029247448905e-04
2.580215023721262003e-04
9.067714735242048010e-05
2.388083196637121074e-05
6.694678480012104089e-05
2.056179671895093429e-04
4.008880713613199170e-04
5.926268723166634158e-04
7.148213406489641476e-04
7.192289208840425569e-04
6.057603216346218230e-04
4.245800073608924172e-04
2.424069393445670516e-04
1.107855099486263801e-04
5.926828303651333034e-05
9.457702143754160120e-05
1.994608687257189020e-04
3.378203968912043241e-04
4.598194946564949470e-04
5.173086870636463882e-04
4.934441597515978016e-04
4.076949735211400075e-04
2.924217029776206788e-04
1.784380786420989651e-04
9.203935842469418503e-05
5.208809619610052375e-05
6.543418573394184140e-05
1.219870515746678859e-04
1.962712540722734791e-04
2.584174293533577065e-04
2.880874875687409369e-04
2.835099087276035678e-04
2.526577192688882548e-04
1.990760629832795782e-04
1.283090724903811913e-04
5.888322005264486661e-05
1.317235735994400328e-05
3.992568609787072815e-06
3.263772893814934951e-05
9.139219266553792406e-05
1.661888825466290953e-04
2.432816284402828082e-04
3.116427110226680929e-04
3.590674602954947768e-04
3.771215243639491899e-04
3.643747993633167414e-04
3.235163340231365535e-04
2.665457816440623857e-04
2.145028316726633143e-04
1.850710512327915862e-04
1.841236817174586734e-04
2.038919019634110946e-04
2.237293868071470887e-04
2.218476702182735718e-04
1.935673530752922411e-04
1.482562840062117077e-04
9.786063059123332542e-05
5.281123012534953497e-05
2.028117461788338976e-05
6.311813769611970866e-06
1.486443333792466145e-05
4.424068153813069670e-05
8.667692578617463141e-05
1.311415760943214547e-04
1.672949545247781893e-04
1.889413501900857298e-04
1.963501349608662153e-04
1.922612047290748062e-04
1.763182082566318440e-04
1.476860540288439617e-04
1.127818509192888370e-04
8.418334292356159383e-05
7.054532798860010229e-05
7.151787855648366666e-05
8.033748057298655681e-05
8.939779899348744530e-05
9.422021193729990642e-05
9.285406122306363559e-05
8.519058249770610533e-05
7.288875683771306284e-05
5.793953621402916091e-05
4.200941625758455742e-05
2.653298814967517929e-05
1.312389114417457253e-05
4.127665576549434646e-06
1.634752527356228870e-06
6.056195802286392373e-06
1.574760264005315900e-05
2.739742178689981547e-05
3.738785176458502436e-05
4.344602366550446930e-05
4.477821153467380778e-05
4.124863426583030932e-05
3.382124876422245809e-05
2.500263522138744207e-05
1.700996937485480686e-05
1.110059746920829567e-05
8.384672723969057998e-06
9.292645164864022430e-06
1.299572411320924049e-05
1.823775716941789139e-05
2.426476476508274342e-05
3.020114039493991708e-05
3.446237752567286969e-05
3.571221885157581800e-05
3.345328102911453670e-05
2.794876149610081307e-05
2.019484077839953578e-05
1.182943340311795434e-05
5.071847542127520983e-06
2.293391415706465522e-06
4.956662976165324597e-06
1.257746084544731007e-05
2.268770868918219607e-05
3.193463328592587936e-05
3.802222146096806323e-05
4.069306109349271681e-05
4.060986893209165503e-05
3.799215566166870648e-05
3.296151220989714171e-05
2.670800058166703444e-05
2.093025506148748916e-05
1.674108369086103909e-05
1.445034837842932574e-05
1.363449605373505736e-05
1.338796527364822595e-05
1.280613614556752078e-05
1.146695703871163629e-05
9.384512023405201705e-06
6.769299025972201431e-06
4.057488997553109457e-06
1.777608097933921560e-06
3.788408914386489015e-07
1.935968473494491439e-07
1.274738853536711482e-06
3.294720455034083932e-06
5.709876336595812170e-06
7.915179733420042902e-06
9.237548878211203988e-06
9.206882635754609479e-06
7.995908151236415782e-06
6.233654483659262135e-06
4.430014919373026909e-06
2.879075762531477654e-06
1.842615278532460040e-06
1.490208314885871128e-06
1.778702264048771065e-06
2.467552137798220357e-06
3.230612435915848803e-06
3.813637633821751805e-06
4.075492916191928683e-06
3.905164092135447428e-06
3.277193544305012776e-06
2.354345825673167740e-06
1.379671891324730723e-06
5.830147748723568870e-07
1.497072777353104702e-07
1.611227817338082856e-07
5.982077609751285042e-07
1.378471120280158550e-06
2.360281629454372444e-06
3.364377062610097865e-06
4.182755428365636693e-06
4.587543756946060022e-06
4.376494170583124766e-06
3.521181082111904953e-06
2.296932202393335534e-06
1.115723558600891609e-06
2.927809734466746598e-07
