1.879821353298547209e-04
6.554452430405409771e-04
1.202878950771185847e-03
1.575570537158812751e-03
1.542411929266853613e-03
1.081267342201952877e-03
4.670357678477207665e-04
1.253988824334458213e-04
2.824716006824334403e-04
7.709859912555020161e-04
1.302513155798807817e-03
1.672905639067704059e-03
1.765762682822625412e-03
1.642785582558804703e-03
1.503027195764123757e-03
1.501728197820839054e-03
1.613447542688865042e-03
1.585207470829196963e-03
1.133060386278787355e-03
4.141140895052642431e-04
3.181281740748433671e-05
3.223258221491078412e-04
1.132028299122193361e-03
2.274851879456165488e-03
3.525596725816541183e-03
4.377261807251010307e-03
4.228781794074903087e-03
3.062339735972209251e-03
1.796731433814615720e-03
1.462540060850297478e-03
2.123419567438607474e-03
2.806515205164984705e-03
2.648930826706132231e-03
2.111159500264770186e-03
2.328577258729154498e-03
3.714467361436025149e-03
5.874059512264145216e-03
8.168724292038789456e-03
9.743248857245635081e-03
9.763563245529086054e-03
8.425499616877798331e-03
6.148167563558190954e-03
3.226748347679907203e-03
7.995202153615835628e-04
9.561718652024937598e-05
1.386465700996757523e-03
3.939309642394544023e-03
6.014728241523045922e-03
5.760272152386992223e-03
3.528084553087903075e-03
1.364521045708406728e-03
6.066570281972553241e-04
1.448579919245622082e-03
3.325385004343440250e-03
5.414662901468004184e-03
6.843706818205477077e-03
7.162684462872692323e-03
6.616123237084450825e-03
5.643716446101717209e-03
4.534052769580220084e-03
3.453033700415050495e-03
2.468118601904208814e-03
1.566694448023754366e-03
7.860895995602761163e-04
2.380758984422888004e-04
6.446256077229520760e-06
1.240520035289658946e-04
5.468827564980171694e-04
1.137517712630924105e-03
1.843804105633788278e-03
2.828994556946524096e-03
4.258005588923225761e-03
6.374231730442979707e-03
9.020473845015244616e-03
1.109439650750327841e-02
1.125425298967605570e-02
8.948072792473234227e-03
5.816471572021003622e-03
4.628179810979320651e-03
6.145255523846704371e-03
8.354673389594014996e-03
8.403461746191267720e-03
6.251256085992302862e-03
4.747155345629957245e-03
6.288610795267708491e-03
1.087702311499350212e-02
1.648040981856496723e-02
2.111669898513693702e-02
2.360186032832019276e-02
2.316517023160750283e-02
1.981236463201830472e-02
1.515628603682980455e-02
1.099587542378506304e-02
7.049385735277378072e-03
2.716636196569448790e-03
3.332795182318589204e-04
2.011648353101560573e-03
6.467234641584224640e-03
1.133888873874420306e-02
1.326134257943318434e-02
1.059562977478620098e-02
6.282102746171800041e-03
3.191993491465513425e-03
1.898183974431975332e-03
2.002165114810125577e-03
2.910701799801520065e-03
3.685428161356259225e-03
3.691565624101922870e-03
3.272693075967588253e-03
2.840654230246897251e-03
2.342429774825514985e-03
1.766922948213995367e-03
1.500023953278715148e-03
1.990447390775155513e-03
3.367823997550387603e-03
5.228444713961684538e-03
6.633431189859625814e-03
6.791079713762106923e-03
5.713559095875540145e-03
3.922191818335302518e-03
2.016451336995232768e-03
7.333940102364891250e-04
7.057329718412001102e-04
1.792882628703855452e-03
3.048800517483233729e-03
3.635644514261601127e-03
3.622006294130026855e-03
3.452797691247243544e-03
3.495656150164814808e-03
3.939647918655367169e-03
4.641675138074458605e-03
5.135669095345251484e-03
5.057270228769717574e-03
4.578415693178113609e-03
4.055560085307928844e-03
3.547888284805295576e-03
2.914836868439873909e-03
2.170972818659796817e-03
1.715820633140965933e-03
2.042312851589018173e-03
3.125400874122289709e-03
4.230158381072409227e-03
4.625128288328051590e-03
4.181044555970092960e-03
3.088942958065911230e-03
1.717848520716843460e-03
7.866877601967246867e-04
9.481028167663517470e-04
2.371892597164251652e-03
4.445392647457947766e-03
5.805984598327196960e-03
5.665250247023167693e-03
4.479105948119947722e-03
2.944376289140273641e-03
1.494258823298066485e-03
4.430782152712454524e-04
8.644752266427489134e-05
5.906847978550520571e-04
1.663307093560995910e-03
2.592281416068611087e-03
2.820590568623011080e-03
2.372235970263529992e-03
1.721701749305247151e-03
1.174249667188168034e-03
6.935386654221336808e-04
2.575265192503514299e-04
3.518632234258822083e-05
1.572157915836555489e-04
6.082397943043232717e-04
1.321258628781264753e-03
2.169146316804280994e-03
3.002511281822627109e-03
3.869279247451097581e-03
4.869514951812003480e-03
5.787107751696857205e-03
6.256073511998165235e-03
5.893962628177808367e-03
4.295561273352288545e-03
1.926564567522449792e-03
2.959653037747497425e-04
5.398132071844381069e-04
2.547107633995054216e-03
5.278655292175572084e-03
6.899071657605469754e-03
5.923704742130595814e-03
3.565766753073004725e-03
1.735807029918280328e-03
1.164192374357426443e-03
1.855675076807571143e-03
3.530580576041594375e-03
5.400806033532842484e-03
6.934771753214993145e-03
7.554628248292758613e-03
7.217804026694017196e-03
6.675342893930095653e-03
6.580409462816576467e-03
7.055519032475955632e-03
7.950179246037459430e-03
8.733203200542213190e-03
7.975075158244908369e-03
4.647037884355334318e-03
1.373285300553248869e-03
2.120934330677464244e-03
7.049213023820138924e-03
1.324664377125384096e-02
1.656211248743939476e-02
1.525589999883936523e-02
1.148871063371971826e-02
7.486629443914148349e-03
4.329760245322151688e-03
2.375740378145372970e-03
1.490941000961783572e-03
1.429993653248496158e-03
1.946955007635630406e-03
2.601326905734827576e-03
2.738273612841722517e-03
2.051088471936220528e-03
9.331048127558061542e-04
1.332782923909795044e-04
2.395695655228277275e-04
1.182363460542678940e-03
2.368998683752043029e-03
3.219145296722395432e-03
3.268335987437388616e-03
2.434057982223207604e-03
1.282882647694740452e-03
3.529092628159432622e-04
3.402603545890604369e-05
5.409337212226408061e-04
1.350940527906522876e-03
1.737554515646127888e-03
1.685801497904749775e-03
1.567050064549741807e-03
1.479267558407891363e-03
1.309088377921315688e-03
1.015316491351200660e-03
6.612641436212496077e-04
3.462474838613923528e-04
1.655214061169732649e-04
1.636181887971260222e-04
2.843274963801451752e-04
3.686675466541144844e-04
3.026694931686352546e-04
1.733695694065599748e-04
1.456997404420269215e-04
2.355220391333708052e-04
3.223691650886007518e-04
3.403817828183655289e-04
3.140157122479143013e-04
2.789841123346867161e-04
2.508553017820682710e-04
2.271008678145654790e-04
1.973747630045912015e-04
1.754700320711405554e-04
2.049602618714856128e-04
3.223886745908558903e-04
5.251825724286969055e-04
7.534177836185314324e-04
9.424125564404432038e-04
1.062375115931441264e-03
1.078637895508824992e-03
9.938190765483962633e-04
8.553541849816926257e-04
6.812392087538512693e-04
4.930136172854722399e-04
3.626492904534176008e-04
3.454849881981904465e-04
4.252140800830703682e-04
5.392254278003144347e-04
6.075076347394496633e-04
6.122676526646581019e-04
6.585786447897767426e-04
8.626938928994623643e-04
1.219341339186819778e-03
1.518249307613970915e-03
1.477265017940026376e-03
1.063247525655874534e-03
4.929011264367339287e-04
9.525681798393863752e-05
1.404452007226518256e-04
6.660753867023269745e-04
1.568483812262757345e-03
2.606002117179935951e-03
3.336151224011569584e-03
3.515725724360725842e-03
3.164710748088726648e-03
2.381358761986347369e-03
1.475351586558678978e-03
7.826773619934575222e-04
3.616113863282768414e-04
1.351907413593051474e-04
5.958804708098228029e-05
1.222692991583498574e-04
3.154173934927703422e-04
5.968944290010293023e-04
8.315521096223378421e-04
8.365556228332575190e-04
6.042977068775433206e-04
3.051310665310736085e-04
8.161934326273531280e-05
