1.239682835773161867e-04
4.835609925271350902e-04
1.040512328209168558e-03
1.735027438841534389e-03
2.499318461401610868e-03
3.275888961075185818e-03
4.033599549513693788e-03
4.774976129417613131e-03
5.531626325962744201e-03
6.349524590741748541e-03
7.270078134225036598e-03
8.314373150524939637e-03
9.476152012613198519e-03
1.072481176255559582e-02
1.201513341623884450e-02
1.329779263624593713e-02
1.452524468916443351e-02
1.565097713864019996e-02
1.662455669603874614e-02
1.738795172273332329e-02
1.787852484150195473e-02
1.804069436523950479e-02
1.784316285132506175e-02
1.729444702172078241e-02
1.644857989525476058e-02
1.539612877997279666e-02
1.424184437464385937e-02
1.307650283759542210e-02
1.195374516113910206e-02
1.088116714351106303e-02
9.829049312166973987e-03
8.752569762113009827e-03
7.617672500771052041e-03
6.419700577187937608e-03
5.187939279008657242e-03
3.976285975268627551e-03
2.846746672200830847e-03
1.855026761259161898e-03
1.044873233646934681e-03
4.515817856291571598e-04
1.088049664709590054e-04
5.022711767419945099e-05
3.005842971937981159e-04
8.575729118948983726e-04
1.673500591254477527e-03
2.648628592307549455e-03
3.644545192053656735e-03
4.516698688091333458e-03
5.154853673577881878e-03
5.514339515663760870e-03
5.623304167487463978e-03
5.561405324576367687e-03
5.418789147628697705e-03
5.254039768421569709e-03
5.070684355321732756e-03
4.822915573238233458e-03
4.446759569089671869e-03
3.900403593259408816e-03
3.193405342136898528e-03
2.391128502336573123e-03
1.594262906600916237e-03
9.061090036929866660e-04
4.052485174909438480e-04
1.356931733822060973e-04
1.142486845357676639e-04
3.435094380607504145e-04
8.159806260280035289e-04
1.502531665952749201e-03
2.332056161723314747e-03
3.179796534592431445e-03
3.881346581704061150e-03
4.276352443973408142e-03
4.267012915677723464e-03
3.863085033045745003e-03
3.186752114352228802e-03
2.428714338608133072e-03
1.772512515399004250e-03
1.322972220253334184e-03
1.074913989792863813e-03
9.381486608777789109e-04
8.045280928016779014e-04
6.194529183014997739e-04
4.176582558602402804e-04
3.035103295713731213e-04
3.880160550393799883e-04
7.195687768269830222e-04
1.248335086257050487e-03
1.843476515970384182e-03
2.350913734747818624e-03
2.656595820445725557e-03
2.720160060358017308e-03
2.565763573817303553e-03
2.245688196229713059e-03
1.808447790888021876e-03
1.295563764245026431e-03
7.653766839001880122e-04
3.169907914499746891e-04
8.215132248607075888e-05
1.737269234381812785e-04
6.138514826963932742e-04
1.288494091820963647e-03
1.968798664308771089e-03
2.402684195498880522e-03
2.434245138758235616e-03
2.083859989247262203e-03
1.538004628196870107e-03
1.048475160716302130e-03
7.961332563901583198e-04
7.987462686810251544e-04
9.180863974861213066e-04
9.612201912363334527e-04
8.121216604336956458e-04
5.104035949158448708e-04
2.276258078010161452e-04
1.573800608081978470e-04
3.905936798130934650e-04
8.559293133949910128e-04
1.361298793554838963e-03
1.705916186411204644e-03
1.787924498114177490e-03
1.640072459314291043e-03
1.378895010086104251e-03
1.113308003425941091e-03
8.833351039437659872e-04
6.714725742623290933e-04
4.693385156511166662e-04
3.360250374804193171e-04
3.882751033515817332e-04
7.159842514476666376e-04
1.281061757638530477e-03
1.883374493569765513e-03
2.239904052150510499e-03
2.143968957859193440e-03
1.605648331935508044e-03
8.729919007486624432e-04
3.043714192409891503e-04
1.616319367850984116e-04
4.534778985667184642e-04
9.336511085952904979e-04
1.260541477593769225e-03
1.217525873870390664e-03
8.500777998536802231e-04
4.287124644018809757e-04
2.626513603946203186e-04
4.896599148076118601e-04
9.834830534756915967e-04
1.439778792376127017e-03
1.579472162601772058e-03
1.329437814833943311e-03
8.591284601574601144e-04
4.543895811115019928e-04
3.232138877125000087e-04
4.720694921842833293e-04
7.352738067707081200e-04
9.254728242392869491e-04
9.846938630804647624e-04
1.018003045116235798e-03
1.183939284186742236e-03
1.529256052056453003e-03
1.904297931323248013e-03
2.039824222872594489e-03
1.743745034829490091e-03
1.076713362984061404e-03
3.660039095995611439e-04
2.429875042808952158e-05
2.816198666800090521e-04
1.012659322043093536e-03
1.789522338291026473e-03
2.140994561962800309e-03
1.854538745625039769e-03
1.119059429073589532e-03
4.067098972486863175e-04
1.661360407343177165e-04
5.291609566433624900e-04
1.227301224034830921e-03
1.774770633402233174e-03
1.794786759755096980e-03
1.269104000767761571e-03
5.437444810928285287e-04
9.079485162861239617e-05
1.920586844575837061e-04
7.610660017715243546e-04
1.421090728874322730e-03
1.777875745105701039e-03
1.691649034257646563e-03
1.357041204185920362e-03
1.138206435195908504e-03
1.281879020077428960e-03
1.719280670969028932e-03
2.105580390929544504e-03
2.075470339474574152e-03
1.534629197072600454e-03
7.726638937522071560e-04
3.012847023877053142e-04
5.132733354552838478e-04
1.390919858414985154e-03
2.471881580047766754e-03
3.114497999502518003e-03
2.902282729248812764e-03
1.925338818146943168e-03
7.470668407155650961e-04
6.541739811550857794e-05
2.785617401019662353e-04
1.232376081010414393e-03
2.314691700742770898e-03
2.839904422057504697e-03
2.480418123794264195e-03
1.470304772689591316e-03
4.522602382880664806e-04
6.750821187151682284e-05
5.522430870823120692e-04
1.598094137168571847e-03
2.562606095904373677e-03
2.890059895142614924e-03
2.468592498922407216e-03
1.692520386584087967e-03
1.190671457835215620e-03
1.398512243674212511e-03
2.254329619467024780e-03
3.221646570861315569e-03
3.630790438929281435e-03
3.125210743579306862e-03
1.925118610499935946e-03
7.302287069625692986e-04
3.080845896784371288e-04
1.014862993311435764e-03
2.545932552213707803e-03
4.080187037585866587e-03
4.744827426057518331e-03
4.129919648502337025e-03
2.545420384258739038e-03
8.614046789852243492e-04
1.765157579167317485e-05
4.855547289796647930e-04
1.996248874117114575e-03
3.695016871681180114e-03
4.633770222720436441e-03
4.316326912330911009e-03
2.980474671948608184e-03
1.453908549468423952e-03
6.685129980404224542e-04
1.115387627615913035e-03
2.557205480618079951e-03
4.165742789241120431e-03
5.006824702345657324e-03
4.593679488485867893e-03
3.188020133550227043e-03
1.669998951021801903e-03
1.043186011215880204e-03
1.850350431399532154e-03
3.831545235263783718e-03
6.025602927333686964e-03
7.271339909222345778e-03
6.840940847870203949e-03
4.859192591839643291e-03
2.272950023007276783e-03
3.762530614333020802e-04
1.375523723760448895e-04
1.685968435787087334e-03
4.233075804662640544e-03
6.477507124860448773e-03
7.283454220758144373e-03
6.277135201950653776e-03
4.045853948723627733e-03
1.831626676675595375e-03
8.768174702287816983e-04
1.763537749733493738e-03
4.094807820156896178e-03
6.689569996809333237e-03
8.196331641970377307e-03
7.809967304204492450e-03
5.717631235572499804e-03
3.034494306216807980e-03
1.250439435172695946e-03
1.462306861785759313e-03
3.782725394659911759e-03
7.234751550920071050e-03
1.020047592801894693e-02
1.121158010322073455e-02
9.691730966795186406e-03
6.276046494911683218e-03
2.536923889250783208e-03
2.389443978198617911e-04
4.830648577194710316e-04
3.162505115140567570e-03
7.005814965145624844e-03
1.019607990728429135e-02
1.126889500931716956e-02
9.847532589957710275e-03
6.845702489924267338e-03
4.025054238757156538e-03
3.112940372977949545e-03
4.909964084380066471e-03
8.833680722575808220e-03
1.314116464138377280e-02
1.574377358309211536e-02
1.523124818651907207e-02
1.160598990345252171e-02
6.354349069223068705e-03
1.795325643795916493e-03
