1.577343038141596366e-03
2.425155639556741353e-03
3.570582196954088117e-03
4.985499935782712611e-03
6.568434807354471203e-03
8.142258418564519290e-03
9.456140553528107062e-03
1.022349652170157636e-02
1.026735314966750572e-02
9.706832388785389606e-03
8.826730258747965407e-03
7.779741447205057447e-03
6.627189939956530489e-03
5.494741336947165516e-03
4.553767501218441982e-03
3.912476423500604178e-03
3.537178910149658094e-03
3.280589275818060219e-03
2.981964382019679487e-03
2.553628442065286348e-03
2.017407869605218271e-03
1.477600967434918554e-03
1.033675882942062521e-03
7.107071798165508474e-04
4.823631673707655517e-04
3.195225522620552408e-04
2.053787407409250710e-04
1.342266888437164819e-04
1.062224115607265663e-04
1.216062046898063923e-04
1.770415127064795002e-04
2.632572588930820793e-04
3.646858956258033479e-04
4.666775946575539157e-04
5.654649032807139040e-04
6.666839000808064911e-04
7.799409019805631730e-04
9.166694132540810763e-04
1.080350444288787288e-03
1.268188855740844242e-03
1.492921186703247399e-03
1.762955898066584067e-03
2.048505935871422837e-03
2.312272003756961521e-03
2.543833202089547905e-03
2.740511620250219837e-03
2.868271980534885419e-03
2.843437031610160544e-03
2.592821183939555355e-03
2.148997595378280244e-03
1.621659982813641356e-03
1.098511634767221790e-03
6.418617668968108932e-04
3.051106920696251704e-04
1.177364701230848695e-04
8.705811490079348887e-05
1.994040246922232319e-04
4.221238489738389802e-04
7.144190919187845329e-04
1.036531607643317214e-03
1.356890131758869793e-03
1.652980723069182511e-03
1.900099315580252614e-03
2.072939088579592217e-03
2.164432173289467399e-03
2.178127279529936278e-03
2.103816504779598001e-03
1.929874504176054464e-03
1.687996610531758814e-03
1.452418093438219643e-03
1.287756293343813143e-03
1.215366537276868020e-03
1.256711909897144158e-03
1.417117203727038133e-03
1.681293595744055369e-03
2.022741914178446260e-03
2.386259075325272011e-03
2.707790166949311864e-03
2.965209895552121944e-03
3.149128394459400643e-03
3.203052791858934829e-03
3.068105579110033156e-03
2.762802270796297244e-03
2.362465429373057299e-03
1.924885414961239726e-03
1.481338415077404318e-03
1.069142277325689028e-03
7.216392264117262208e-04
4.492313441725866662e-04
2.481387759995208413e-04
1.125185205811892223e-04
3.778346566355955216e-05
1.816571831869264695e-05
4.827850110124236999e-05
1.204427193076669473e-04
2.146483919301728953e-04
3.083174771646227650e-04
3.939329489252822595e-04
4.676863454788923822e-04
5.127684184757994035e-04
5.181164134106185613e-04
5.000913494611977520e-04
4.861989497907390819e-04
4.974614768556493002e-04
5.420168190518170198e-04
6.051520372565278010e-04
6.535555451721935215e-04
6.647492250843051046e-04
6.420468999708157107e-04
5.953025457702941113e-04
5.273448905268645010e-04
4.431399093174005115e-04
3.552367163803405586e-04
2.751639481767622383e-04
2.071060520289803050e-04
1.502028731831600778e-04
1.030858488153379158e-04
6.595282599001500040e-05
3.925801493905292021e-05
2.247835532397317695e-05
1.449309826883903469e-05
1.428444132955754194e-05
2.096360368561540845e-05
3.341246336186936606e-05
5.006683899408772339e-05
6.988027474937653124e-05
9.348522328434614851e-05
1.219349421651923416e-04
1.548934742350163241e-04
1.898446681513393439e-04
2.224877699962665625e-04
2.488375729031912665e-04
2.682692276697757347e-04
2.858945115694748484e-04
3.092937338835056505e-04
3.422953991841129039e-04
3.826486559020504186e-04
4.231034147108414913e-04
4.546359213437607249e-04
4.673106641792332825e-04
4.523953676321550458e-04
4.103883691755900293e-04
3.522158315266420993e-04
2.909513360705109518e-04
2.334349157921964725e-04
1.812408264144802980e-04
1.365743164642007213e-04
1.016720930339318207e-04
7.643996816157318719e-05
5.909478264213419960e-05
4.787246493030800315e-05
4.174304551077136335e-05
3.976593023301921808e-05
4.058057755324811383e-05
4.258094032992969415e-05
4.421438676490691943e-05
4.407265494184430953e-05
4.106312197381016489e-05
3.538987947963626274e-05
2.901051710434270159e-05
2.454117604552420159e-05
2.429263924593984329e-05
2.996605642850936753e-05
4.260934709461236796e-05
6.179837986885941114e-05
8.445041457091895503e-05
1.066693871837870710e-04
1.272606965243502659e-04
1.479629474091509586e-04
1.708499906387984945e-04
1.965222739421865076e-04
2.259888301111997956e-04
2.635262778751004632e-04
3.129472089928715629e-04
3.722023824808614613e-04
4.358607819246105002e-04
4.949165947895057096e-04
5.310138901925029291e-04
5.248310250502477006e-04
4.714129776790030148e-04
3.811192625309499089e-04
2.737070978339665550e-04
1.685874921219236331e-04
8.016136631195206494e-05
2.458855359329983870e-05
1.353662386752231650e-05
4.668518347104387686e-05
1.169826508868400438e-04
2.161447900482954033e-04
3.313857111295715288e-04
4.371076960278479345e-04
5.134375485542612026e-04
5.381035614915253206e-04
4.996433047075624859e-04
4.078736307811853712e-04
2.862723641959665291e-04
1.640233032658155207e-04
6.774831499060289877e-05
1.367872937991574676e-05
9.761556438254217891e-06
5.550312311208454631e-05
1.346194661285317351e-04
2.204181442714630787e-04
2.925593583300786782e-04
3.389667989307069171e-04
3.511674866583527161e-04
3.347728845501551269e-04
3.101059976312429967e-04
2.978999940916193670e-04
3.160223655263114800e-04
3.824868594311375001e-04
5.153237048455941481e-04
7.312508070172451516e-04
1.037693849372807019e-03
1.410201830948739537e-03
1.785691447328506543e-03
2.092741211062552377e-03
2.277209559419247995e-03
2.293870938198079058e-03
2.117800892717575621e-03
1.787644182034368824e-03
1.389219613323410636e-03
9.983968993521623227e-04
6.608336286973590318e-04
4.155814928213816760e-04
2.967710985329259947e-04
3.114877264478996049e-04
4.351625816324536313e-04
6.106365871003121724e-04
7.685666772541496121e-04
8.671166253949437550e-04
9.186884993200323396e-04
9.652791839604979700e-04
1.024291886354791736e-03
1.087850567414034826e-03
1.159840822218472216e-03
1.261537454490380301e-03
1.418706275691428934e-03
1.650068789000556707e-03
1.946518000961175530e-03
2.249957388737409362e-03
2.451811830288325427e-03
2.435688443732838323e-03
2.146658644170358621e-03
1.620160747890244356e-03
9.878402496227452461e-04
4.432381116907891999e-04
1.498474842336364958e-04
1.982932736289160685e-04
6.133039190078868729e-04
1.322799976722016137e-03
2.145749800406727623e-03
2.870543155025028978e-03
3.345488209887558049e-03
3.545967315501332654e-03
3.521926345628495318e-03
3.285663930718203760e-03
2.836693702954023490e-03
2.244335979536593410e-03
1.607925865506554296e-03
1.007447833314737383e-03
5.216524877424669106e-04
2.155770230656898199e-04
1.256469545348972057e-04
2.568555129942804707e-04
5.646080813015532437e-04
9.619784398414479290e-04
1.357962086480967671e-03
1.669921531893438574e-03
1.809943141703644967e-03
1.732474129996207281e-03
1.502337497569327177e-03
1.250495911906963692e-03
1.074808389126682929e-03
1.019897547688753368e-03
1.103164034578406772e-03
1.315390566022760395e-03
1.604370582482909273e-03
1.877504077148877890e-03
2.049370004265818612e-03
2.092309026592384207e-03
2.015316638697460007e-03
1.816708075988053301e-03
1.522601017899585189e-03
1.232801603516860568e-03
1.071728577009788564e-03
1.146091450844279568e-03
1.538149009787292878e-03
2.314495064889074329e-03
3.525290183295790372e-03
5.146876110716501820e-03
7.062944586258898018e-03
9.093821088102079647e-03
1.095020909498809272e-02
1.219293473367117318e-02
1.227431570319198993e-02
1.086994979427102249e-02
8.319328563184635178e-03
5.403728093168264773e-03
2.816604373785281269e-03
5.559334065188705765e-01
