3.111253132116634061e-03
1.158363700734554511e-02
2.309469240749233501e-02
3.454303344745673909e-02
4.293049903639275383e-02
4.618402795132069139e-02
4.368587136845797358e-02
3.637437903991669330e-02
2.640611816197695194e-02
1.649515795454804812e-02
9.131474885696350130e-03
5.904936541248558511e-03
7.120214926805640623e-03
1.179617210322613310e-02
1.802938640761724692e-02
2.359906678006805716e-02
2.662824538143996125e-02
2.610962642494703279e-02
2.215288625317963708e-02
1.589703554352012160e-02
9.130006099628922706e-03
3.739219334265633625e-03
1.159092146085907498e-03
1.974144982344929085e-03
5.784119819225471207e-03
1.135742292200494705e-02
1.701550876996196782e-02
2.112758586138053021e-02
2.256930030032591739e-02
2.101634788218710581e-02
1.699724418102255621e-02
1.170178751150315749e-02
6.611526703582301309e-03
3.066016320681251919e-03
1.891359593598290973e-03
3.193579295925907686e-03
6.367349168839538283e-03
1.030676870919796685e-02
1.374795897362832836e-02
1.563917984600911998e-02
1.543151245784969011e-02
1.321112348495745610e-02
9.643243810720743270e-03
5.753202453858170459e-03
2.615110624589352811e-03
1.041672178625914838e-03
1.363679897879731739e-03
3.357812380064130291e-03
6.336147179989607726e-03
9.363996382517003614e-03
1.153768388938762428e-02
1.224011977678578916e-02
1.130237088389671705e-02
9.029744792668131792e-03
6.091568638664944177e-03
3.312748615776200771e-03
1.431331022463644322e-03
8.928245226344159579e-04
1.738083652755174641e-03
3.612083788589424971e-03
5.885104418114626632e-03
7.846205809920925658e-03
8.910249068603064496e-03
8.778746066401454246e-03
7.510938952244417856e-03
5.489263023312233522e-03
3.294253343361185429e-03
1.529044808948954066e-03
6.460180678250147497e-04
8.249467369592985034e-04
1.934884147957009488e-03
3.586557271505016586e-03
5.255886970220422644e-03
6.439918445498397058e-03
6.799103112585590941e-03
6.246027453729830967e-03
4.957916639926548963e-03
3.313091503629320318e-03
1.773233670738162421e-03
7.476914462924944774e-04
4.793972912382531907e-04
9.838577226780372952e-04
2.055994421843822684e-03
3.339540390725424454e-03
4.436118871954441122e-03
5.020944441054634930e-03
4.931826649473929763e-03
4.207411615531462049e-03
3.066258177374358782e-03
1.835631075022373625e-03
8.527948542534392884e-04
3.683115099370426969e-04
4.788201466575287587e-04
1.107016390729121096e-03
2.032217416443533094e-03
2.960307280305976910e-03
3.611180201845503278e-03
3.797888055913654047e-03
3.475334425557933139e-03
2.746132239493402627e-03
1.824065545240360388e-03
9.676616595581471157e-04
4.042849534417952218e-04
2.668592237393720146e-04
5.606348349052285704e-04
1.167992089688337344e-03
1.888034283502317999e-03
2.497966109197169871e-03
2.817684380681410861e-03
2.759009220372901118e-03
2.346279522128772235e-03
1.703855429891964254e-03
1.015724577458912902e-03
4.701044838266066513e-04
2.055737060958970212e-04
2.740118168838631273e-04
6.300818964171171852e-04
1.148942356199367546e-03
1.665745010772303998e-03
2.024584949071291020e-03
2.122483523753205398e-03
1.936114420369934672e-03
1.524509081425573596e-03
1.008158412303050526e-03
5.316341275821002792e-04
2.211973318017488807e-04
1.497227999238215726e-04
3.185721365039953751e-04
6.607419121420724396e-04
1.063335926719518720e-03
1.402000853074062379e-03
1.576920381080225636e-03
1.540034756189124143e-03
1.306165238621070576e-03
9.456720770919572160e-04
5.616537297710447662e-04
2.589501785120617737e-04
1.141876782419160225e-04
1.553468949623212111e-04
3.562020177620271624e-04
6.464763678230057726e-04
9.340409255046335651e-04
1.132234349211177962e-03
1.184268447026837028e-03
1.077913000305808985e-03
8.467611999248653111e-04
5.583830712594596742e-04
2.933932380307556161e-04
1.218462543174725701e-04
8.381413880552698945e-05
1.794680426045155747e-04
3.710142292862580798e-04
5.953419185790679441e-04
7.832476660220348769e-04
8.794350832861878679e-04
8.575578278644033344e-04
7.262714119756081546e-04
5.250206315365943529e-04
3.112748845608707873e-04
1.432721660453500836e-04
6.340746428377596006e-05
8.696053907058615097e-05
1.991031674226950731e-04
3.606223890112330611e-04
5.202942341523838186e-04
6.300538685160138753e-04
6.585061258855137104e-04
5.990165823713556334e-04
4.703541649205528847e-04
3.100771632988619741e-04
1.629088593804563028e-04
6.766077600008503067e-05
4.649513063961180728e-05
9.946151854367349680e-05
2.055949188397132425e-04
3.299315537785220583e-04
4.341492668431817131e-04
4.876248358222704232e-04
4.757446216869034043e-04
4.032459982438716165e-04
2.918919857684145022e-04
1.734272263769830549e-04
8.005597676987414950e-05
3.527281222021350093e-05
4.763240850875027194e-05
1.090781327248501278e-04
1.980717962696066422e-04
2.863911227403233739e-04
3.474779874650201330e-04
3.638885150958352712e-04
3.317765049998453700e-04
2.612897628835530398e-04
1.729763430399548730e-04
9.142495616190705388e-05
3.808554751933599335e-05
2.534839595305962465e-05
5.349594794852818814e-05
1.112435634942752263e-04
1.795306832371301048e-04
2.373199284195477254e-04
2.676568716072301977e-04
2.622600204369231495e-04
2.234169760307135435e-04
1.627896314908501064e-04
9.762752764198065047e-05
4.559646467248010184e-05
1.975846214315331149e-05
2.511588696681209951e-05
5.761575594839443416e-05
1.057669716817081481e-04
1.542759606386514127e-04
1.885665941611159614e-04
1.988600773853417905e-04
1.826849380635521981e-04
1.451908544710083914e-04
9.729390967803930833e-05
5.229204319777446593e-05
2.198750674967127932e-05
1.343697260983134030e-05
2.721280666935202615e-05
5.758519424501669658e-05
9.447088843566322179e-05
1.265044169411011043e-04
1.443058871070090074e-04
1.430142111061562477e-04
1.234120478391568067e-04
9.140204457633622375e-05
5.607127966678251551e-05
2.696523548674488073e-05
1.138100553038827430e-05
1.243956503449643784e-05
2.843607006664625479e-05
5.358043950512039977e-05
7.984371231872645198e-05
9.933097375093303530e-05
1.064860971600681684e-04
9.951951651369334126e-05
8.070219422647674024e-05
5.550674921494489237e-05
3.090070822646449975e-05
1.331697956824019497e-05
6.887183286234127142e-06
1.241663546298280634e-05
2.734515753655103438e-05
4.664852781691972611e-05
6.437541696062689333e-05
7.535499404120592649e-05
7.658975893405287191e-05
6.796411075372039208e-05
5.211126428855068272e-05
3.352452666939102755e-05
1.720396503413404291e-05
7.241360032554673275e-06
5.739547197645504179e-06
1.234587574894942519e-05
2.449255740068125714e-05
3.823534225645061353e-05
4.942296065921443808e-05
5.485454612720356643e-05
5.310642596522082863e-05
4.482034374711038756e-05
3.240635512641402836e-05
1.927764480590356529e-05
8.855951729036186219e-06
3.634434127494274333e-06
4.551117029697258227e-06
1.082508268895478296e-05
2.027137215247109791e-05
2.997879129089690495e-05
3.714323362980108596e-05
3.982011538297201120e-05
3.739681475468614150e-05
3.067500275927170675e-05
2.156573477275591208e-05
1.250480998425041842e-05
5.764384434431810933e-06
2.853088403486281420e-06
4.160175953097472221e-06
8.923135542893284046e-06
1.550598398198484233e-05
2.189308210905078881e-05
2.625215493461651990e-05
2.741173059186153348e-05
2.513161617458212560e-05
2.010836481081029509e-05
1.373193501447338463e-05
7.674412913948885584e-06
3.430367978556821992e-06
1.932869972328348590e-06
3.340797661276230298e-06
7.041729433453571108e-06
1.185556388966655587e-05
1.637305541209733555e-05
1.933324726289767657e-05
1.994053709209526093e-05
1.804455544713541161e-05
1.414641660722532388e-05
9.241502061037246699e-06
4.549434505364353901e-06
1.206545059214519866e-06
