3.277215094671655053e-03
3.076213804626094436e-03
2.865644642641172572e-03
2.648610085720445526e-03
2.428903885887656253e-03
2.210583258280551366e-03
1.997573347236871084e-03
1.793346261989155546e-03
1.600702201646864858e-03
1.421662843183073895e-03
1.257470128909373526e-03
1.108669485281495821e-03
9.752472936934025467e-04
8.567891414134269201e-04
7.526279906182279256e-04
6.619589258877670978e-04
5.839078351971504176e-04
5.175530895379209378e-04
4.619098253385693371e-04
4.158939603055086939e-04
3.782863918580208883e-04
3.477165691001877406e-04
3.226792839667453868e-04
3.015903250262790209e-04
2.828773037731652684e-04
2.650933901089344048e-04
2.470355866759343369e-04
2.278467349113661377e-04
2.070821615146806248e-04
1.847274175599003206e-04
1.611618673056483043e-04
1.370723479633936858e-04
1.133299170959837208e-04
9.084913133038775108e-05
7.045212061471325395e-05
5.275840558806596601e-05
3.811623677246145868e-05
2.658326050263887561e-05
1.795513899832967841e-05
1.183220169217669931e-05
7.707966537455054678e-06
5.060631616857220006e-06
3.429840606816166525e-06
2.465772597613420182e-06
1.944747762718972182e-06
1.753428128970514665e-06
1.850550293429307335e-06
2.219449258599454157e-06
2.825530037960843998e-06
3.590246716824355337e-06
4.387820919041250416e-06
5.064284030765548203e-06
5.472172608754949079e-06
5.509933935389532168e-06
5.153876170950443455e-06
4.472597195033365743e-06
3.618651896363115576e-06
2.798456483023176284e-06
2.227393526001375232e-06
2.081160590522115402e-06
2.455496985586582181e-06
3.344241770248901693e-06
4.640837527167654892e-06
6.162251475608739402e-06
7.688552896044635016e-06
9.007654419848688153e-06
9.954002868734755061e-06
1.043242206565085943e-05
1.042307293188969583e-05
9.969124252776069659e-06
9.153497414934203487e-06
8.073523922105415825e-06
6.821837342375502191e-06
5.478579437196780361e-06
4.115192276297696019e-06
2.805377429501928467e-06
1.635887888699530188e-06
7.097503693963824361e-07
1.373954249981026729e-07
1.605558980763475123e-08
4.029680732274498521e-07
1.291472919523080919e-06
2.599571104777118277e-06
4.177442600478278390e-06
5.834599146183616500e-06
7.380590387406337028e-06
8.667816699039442889e-06
9.623066271126601325e-06
1.025690902015439304e-05
1.064660940236928505e-05
1.089689889988918569e-05
1.109100234330383571e-05
1.124892608550155665e-05
1.130928446546376425e-05
1.114457898341353216e-05
1.060941113691195481e-05
9.609637483239311361e-06
8.171594116365581194e-06
6.487331856763198774e-06
4.915873608611798978e-06
3.931264159510931185e-06
4.022985908303618516e-06
5.569129969869893884e-06
8.713252620462129047e-06
1.327880376005216612e-05
1.874903299884490100e-05
2.432638869575439285e-05
2.906680234683968656e-05
3.206540247660778569e-05
3.265580909093229159e-05
3.057889988739463996e-05
2.608059919515853190e-05
1.991131479916953307e-05
1.321948872154756389e-05
7.354165748532055788e-06
3.611742933815403327e-06
2.975766622827026663e-06
5.902699898546202939e-06
1.219981420308428531e-05
2.102476284061543439e-05
3.101300978045495887e-05
4.051366485888687477e-05
4.789162453397371669e-05
5.183905434795788611e-05
5.163555365846574969e-05
4.730493309368630813e-05
3.963590028337138046e-05
3.006017983807191788e-05
2.040920858232451546e-05
1.259375560365510080e-05
8.264894293344375435e-06
8.517156398005855511e-06
1.368558893701601050e-05
2.327046505870269461e-05
3.600082634163641467e-05
5.002546875720610253e-05
6.320119730574102047e-05
7.343533978536350543e-05
7.903311604457371737e-05
7.899983296437814361e-05
7.325203887778443770e-05
6.270019773227055891e-05
4.917833649329627591e-05
3.521403382481641374e-05
2.365504861556384141e-05
1.719522221824302058e-05
1.786816218467866346e-05
2.659670737281755184e-05
4.289253324850594807e-05
6.478792688733815079e-05
8.904863192904716781e-05
1.116657550796323331e-04
1.285646064266827526e-04
1.364118887096759107e-04
1.333642411134863739e-04
1.195929690623718947e-04
9.744820860692216132e-05
7.118882171482904361e-05
4.629122024658429758e-05
2.844328808283782975e-05
2.240763462115392759e-05
3.098232959646850156e-05
5.428436484943720595e-05
8.952872242176567927e-05
1.313826686193031359e-04
1.728590346712087543e-04
2.065979615066237919e-04
2.262986158836416872e-04
2.280204814476183739e-04
2.110882887655585118e-04
1.784039419171425285e-04
1.360798162782379784e-04
9.243863279520899865e-05
5.654968811260550074e-05
3.656474798558634906e-05
3.816093073829484656e-05
6.338387695641254358e-05
1.101152567887744198e-04
1.722775410878527502e-04
2.407568843542345471e-04
3.048962292194052595e-04
3.543083705641861714e-04
3.807003534878848888e-04
3.793956054084817375e-04
3.502885313079930215e-04
2.980588891707726265e-04
2.315940890168984045e-04
1.626965869375192190e-04
1.042700876856082347e-04
6.826419419350224379e-05
6.369947025446434392e-05
9.508747191822797186e-05
1.615044903138802943e-04
2.564819477552514218e-04
3.687547688545486039e-04
4.837794858515158565e-04
5.858154068868402483e-04
6.602724776613344733e-04
6.959821228855406564e-04
6.870500025172329803e-04
6.340027002501697449e-04
5.440369120848886474e-04
4.303062237331285777e-04
3.103189112805538035e-04
2.036502186127269777e-04
1.292751145806039954e-04
1.028873904643444167e-04
1.345791586919405970e-04
2.272100190969874613e-04
3.757038332023022011e-04
5.673864085511997257e-04
7.833373319197442378e-04
1.000593495366959617e-03
1.194929251265429209e-03
1.343863545989197692e-03
1.429516943416804780e-03
1.440963423525444065e-03
1.375788652070072168e-03
1.240667669777656499e-03
1.050896224029298750e-03
8.289350539868217856e-04
6.021396523802045615e-04
3.999362322291193854e-04
2.507587527626814667e-04
1.790777031328872346e-04
2.028296534476749225e-04
3.315024867850741757e-04
5.650531589662355055e-04
8.937431795226410134e-04
1.298882665587432293e-03
1.754386886358817428e-03
2.228977935896933778e-03
2.688814254536114282e-03
3.100305032599784232e-03
3.432865164684672371e-03
3.661387049710000327e-03
3.768243969911062169e-03
3.744690673018226390e-03
3.591584283369208402e-03
3.319407083356101015e-03
2.947627000833564961e-03
2.503477801804003013e-03
2.020276245549213010e-03
1.535416327461644123e-03
1.088190950582116658e-03
7.175897218637655164e-04
4.602096783584905802e-04
3.483957883747853634e-04
4.087025176523207933e-04
6.607391307329806788e-04
1.116432093901078204e-03
1.779710033334223722e-03
2.646591844388194569e-03
3.705637943349942773e-03
4.938709024383501622e-03
6.321966307401858352e-03
7.827042021910653180e-03
9.422308336005855850e-03
1.107417644506873862e-02
1.274836427075066482e-02
1.441108030981927933e-02
1.603008173877012305e-02
1.757557610642792104e-02
1.902094711521230830e-02
2.034329551051929433e-02
2.152379551403086483e-02
2.254787523839311275e-02
2.340523592781292711e-02
2.408972961986427866e-02
2.459911795536441279e-02
2.493473649087191157e-02
2.510108916429115017e-02
2.510539673708241798e-02
2.495712131415225160e-02
2.466748665542288846e-02
2.424901116299070514e-02
2.371506735778665040e-02
2.307947852769892672e-02
2.235616018399403868e-02
2.155881112242475500e-02
2.070065633662560370e-02
1.979424183200819559e-02
1.885127956960737025e-02
1.788253933947550611e-02
1.689778331163315633e-02
1.590573831394717641e-02
1.491410050477360791e-02
1.392956700130289389e-02
1.295788914657688973e-02
1.200394240302137504e-02
1.107180830376216542e-02
1.016486443396906469e-02
9.285879016214582116e-03
8.437107304121085199e-03
7.620387619705487614e-03
6.837235478331236266e-03
6.088934811325876981e-03
5.376625803707436868e-03
4.701389299576571278e-03
4.064328079702184821e-03
1.471780460725332917e-01
