2.601460256332454278e-03
3.825528143870780655e-03
4.969326567957866973e-03
5.459804578410663509e-03
4.811599931918156964e-03
3.166976901253468722e-03
1.517050580688293062e-03
1.186045044624986153e-03
2.636643515281206305e-03
4.969886243069231158e-03
7.004500886295027262e-03
7.818574758824910903e-03
6.919137901732774071e-03
4.871442557844816480e-03
2.815884766310968075e-03
1.366400284897515771e-03
4.894274210059838337e-04
1.160008909818024573e-04
3.443868703257144028e-04
1.052985510491797477e-03
1.730819522842913039e-03
2.027265444731983328e-03
2.112207206343450633e-03
2.249390464914448936e-03
2.464353625284370145e-03
2.594476660607538364e-03
2.402225242584412213e-03
1.777408355623623717e-03
9.245478296390167300e-04
2.538773623775899668e-04
1.111372680114030588e-04
5.507039440908669415e-04
1.232451675322174993e-03
1.681538554676525847e-03
1.746333803813010380e-03
1.563936854234354839e-03
1.301487742777067760e-03
1.058420550843921929e-03
8.397792657783058551e-04
6.372004848530512470e-04
4.900062465050555958e-04
4.131533337769218795e-04
3.842406217085743729e-04
3.837925025347357628e-04
4.006945540423069831e-04
4.162243842303853876e-04
3.927723394332390027e-04
2.891832374384383083e-04
1.365411418285601599e-04
5.592992839764123446e-05
1.319197017703734563e-04
3.550931188187731900e-04
6.455836082825377586e-04
9.129038783637559266e-04
1.080695753434942046e-03
1.076750798161650938e-03
9.096077436280463951e-04
6.736484208350595072e-04
4.545909754412541873e-04
2.917140195590332049e-04
1.914127980432879907e-04
1.420051908713701211e-04
1.253876521971795336e-04
1.262765478380897615e-04
1.360764115485881530e-04
1.498329378448902329e-04
1.591603112846483542e-04
1.532886807418771884e-04
1.335361541147313833e-04
1.150014077268662454e-04
1.099143038953953849e-04
1.189608898643577912e-04
1.451012905986797687e-04
1.840760088976140679e-04
2.160100045970139997e-04
2.158650592823636123e-04
1.667485800148167034e-04
8.893986877178642757e-05
3.256885773517226670e-05
2.714405628917338512e-05
6.594401397176066944e-05
1.123015662702871252e-04
1.322209429145622980e-04
1.253197109993123065e-04
1.087273079924541361e-04
9.639376603271806272e-05
9.561410074565977637e-05
1.060993429505577247e-04
1.213565890066200159e-04
1.323116658256849522e-04
1.320566956335364754e-04
1.234366282469280204e-04
1.148958553472273492e-04
9.992280175613023287e-05
5.946869367825130163e-05
1.121661360239617711e-05
3.976471939368131448e-06
4.694821609691899651e-05
1.143472959688791467e-04
1.556084204692261192e-04
1.333475192383053154e-04
7.758282332536004075e-05
3.131735733564441687e-05
8.930825823556091822e-06
9.577578327154709982e-06
2.971804403084571386e-05
5.391874311293123038e-05
5.869083251637713416e-05
4.128479714648869002e-05
1.748910882308301633e-05
4.652498396622773810e-06
1.171858200996894320e-05
3.349651509697799604e-05
5.859496096349244346e-05
7.740476119718188528e-05
8.212762121761113315e-05
6.940145664155418156e-05
4.614574703966261887e-05
2.490703837246448449e-05
1.431808641057456173e-05
1.678939643703554767e-05
2.869447527805061253e-05
4.110281069908913889e-05
4.449437659085283978e-05
3.481467340582715620e-05
1.929585090839896225e-05
8.427609211015663394e-06
7.217492987844813728e-06
1.622692153531557938e-05
3.144538273179754316e-05
4.380728685074886542e-05
4.457615482247375826e-05
3.357980002570677903e-05
1.898322316196404403e-05
7.703117751767787623e-06
2.125787902915851401e-06
3.118885204144566942e-06
1.044356720240334998e-05
2.086559712476221098e-05
2.796760308242451308e-05
2.578501673069048681e-05
1.548704792412898269e-05
4.784210986909121852e-06
6.493690030032732601e-08
3.273871655607377146e-06
1.316048016894639720e-05
2.620255714836716300e-05
3.892102676693044412e-05
4.794358868832444495e-05
4.851287604788545116e-05
3.877094141331416226e-05
2.501407155563425253e-05
1.472791835225942811e-05
1.015788136955266978e-05
1.026169802737124785e-05
1.311015473208454487e-05
1.646073495826630607e-05
1.788604471152742330e-05
1.654910387999674758e-05
1.437454490789102755e-05
1.340208605897513144e-05
1.407150514095146564e-05
1.627736087305941856e-05
1.989128933747547707e-05
2.270663573858683738e-05
2.036111791096889868e-05
1.272687992636508845e-05
5.378750074357126047e-06
2.928671410966000272e-06
6.528315079018838851e-06
1.485129887989101118e-05
2.496994631495219852e-05
3.504247690052934898e-05
4.412870693877278143e-05
4.885070599656697490e-05
4.577378719777877439e-05
3.396658889584943622e-05
1.613983386443093739e-05
2.748784807510095412e-06
4.658624735466709442e-06
2.096120439948721898e-05
4.053336570748279009e-05
5.123355710628844462e-05
4.270366410750875961e-05
1.908257188152113364e-05
1.827922254464066425e-06
3.445760447875275877e-06
2.459086602232878017e-05
6.493732647114955803e-05
1.228853314043467412e-04
1.799213892052897289e-04
2.239365327125055014e-04
2.354191817726156264e-04
2.065706731215694925e-04
1.552888733688169995e-04
1.048524758241585627e-04
7.064612882232067736e-05
5.735667624991381197e-05
5.950688480762564129e-05
6.385780355454310434e-05
5.431250466695453864e-05
3.325189784195496884e-05
2.440094182359071168e-05
4.029367329672834313e-05
7.215645607684903506e-05
9.772190262274223704e-05
1.018431204512713873e-04
9.075632628129099008e-05
7.467754533652852869e-05
5.987031013782729270e-05
5.046967551424680814e-05
4.821703918139103772e-05
5.418018941373660749e-05
6.931308760769574790e-05
9.078075800398092109e-05
1.106311402810256788e-04
1.220527404585028110e-04
1.230037597053079950e-04
1.111368088028084878e-04
8.529379792926911107e-05
5.336685792898090611e-05
2.606173424713750659e-05
8.348296140953412819e-06
1.651826284035829132e-06
7.275772325187624737e-06
2.584212087279988179e-05
5.788669053927934360e-05
9.291903802907196632e-05
1.036225865607362257e-04
7.974185739496671859e-05
4.450017603516848164e-05
2.440280085771775581e-05
2.683407137482179136e-05
5.182954154365388181e-05
9.762431009038801788e-05
1.571949711045737483e-04
2.194477327173872266e-04
2.682845717247413697e-04
2.829861776996119059e-04
2.415462325963614772e-04
1.425036375409282133e-04
3.685062165485034655e-05
7.628391474792533026e-06
7.759566775201549784e-05
1.703016607160817621e-04
1.932244189316334481e-04
1.424691305872469020e-04
7.882387514496016242e-05
4.424065380679818046e-05
4.603429747876326163e-05
6.719475750681104228e-05
8.117461062856013224e-05
7.971665272900445309e-05
7.627701398975195841e-05
8.808421467219202923e-05
1.221693107143991311e-04
1.717166607635691659e-04
2.178675375576656777e-04
2.487678298161895567e-04
2.653020389195107640e-04
2.664497932726050847e-04
2.581421430748777335e-04
2.543583683086467575e-04
2.570970917633250423e-04
2.568428728752173286e-04
2.509271549916134206e-04
2.488898262472303245e-04
2.574040192731451228e-04
2.626613716754517798e-04
2.305640600963883118e-04
1.551845558885773537e-04
8.978001338149081863e-05
9.076655168569814670e-05
1.859490769162913475e-04
3.721743563554644153e-04
5.949714843140356188e-04
7.844996538733882939e-04
8.806311727880685673e-04
8.338502253744492672e-04
6.678580950238981618e-04
4.754601762017029998e-04
3.133629565830167089e-04
1.786416664679830145e-04
7.238048248380046584e-05
1.397032261653297746e-05
1.456227172880890825e-05
7.602892964882893077e-05
1.960205754685016106e-04
3.974113592375015831e-04
7.593223533408939704e-04
1.393870110876757606e-03
2.432250396182982638e-03
4.048677711000019802e-03
6.339862361919386749e-03
8.987744349678023284e-03
1.079935978922166515e-02
1.031203888102000775e-02
7.821589604014021410e-03
4.992195559627441229e-03
2.883034612642043464e-03
8.088536789555162976e-01
