1.715669186215652668e-03
2.761174252959732942e-03
4.061134775560472712e-03
5.540089866954774241e-03
7.122548596577652977e-03
8.735795107308279642e-03
1.031238227414531944e-02
1.179220212991837977e-02
1.312405427305501915e-02
1.426667190556028982e-02
1.518920513547183590e-02
1.587119860705995394e-02
1.630213163916174879e-02
1.648061098648339121e-02
1.641331749067405366e-02
1.611380810689835158e-02
1.560126531934908148e-02
1.489926915721082219e-02
1.403464594181273901e-02
1.303642577171471376e-02
1.193492051882424736e-02
1.076091800825916545e-02
9.544977405137961002e-03
8.316805966123842417e-03
7.104697685942844287e-03
5.935018780564961863e-03
4.831731841508060850e-03
3.815958250890283746e-03
2.905585635101992723e-03
2.114932685604719621e-03
1.454486951092486728e-03
9.307319904721217093e-04
5.460787019982675386e-04
2.989120807954019719e-04
1.837596043079827237e-04
1.915814414207900242e-04
3.101762456840536741e-04
5.246899012984056502e-04
8.182086704986804050e-04
1.172413131773211888e-03
1.568265453798642437e-03
1.986700229731885523e-03
2.409288541648170207e-03
2.818846272316677306e-03
3.199960926698283605e-03
3.539416195837451814e-03
3.826499844127163701e-03
4.053187726560378464e-03
4.214204239052939810e-03
4.306966628639928921e-03
4.331426739175839660e-03
4.289828456389959549e-03
4.186402032854001296e-03
4.027017514678299902e-03
3.818818761879293026e-03
3.569857337485148833e-03
3.288742248698591115e-03
2.984317631749181833e-03
2.665376451010276551e-03
2.340414540233871389e-03
2.017426152380335028e-03
1.703739781850357148e-03
1.405891430786712767e-03
1.129531653613209371e-03
8.793624973459882466e-04
6.591006828488398927e-04
4.714638585970480416e-04
3.181773369422823431e-04
1.999992639349565393e-04
1.167625938180123042e-04
6.743249981136441610e-05
5.017795279250550795e-05
6.245616409203856784e-05
1.011084565743218560e-04
1.624659404957303507e-04
2.424631623521093760e-04
3.367576903842214452e-04
4.408534122083587032e-04
5.502251509916366180e-04
6.604420537123349439e-04
7.672870644913732481e-04
8.668696679200527458e-04
9.557289798495674591e-04
1.030924194657188275e-03
1.090109397648994158e-03
1.131589856966226399e-03
1.154357164006153012e-03
1.158101036768754196e-03
1.143196269936060452e-03
1.110664225125791845e-03
1.062109395577053635e-03
9.996329102621632524e-04
9.257262856319517725e-04
8.431501757675116324e-04
7.548041711103989403e-04
6.635946929862883512e-04
5.723085688076500659e-04
4.834998196094632251e-04
3.993964662150769566e-04
3.218327541460404067e-04
2.522101891388574073e-04
1.914883343546371780e-04
1.402036960373169883e-04
9.851251815490134510e-05
6.625123285840790288e-05
4.300695175983094873e-05
2.818992943855321790e-05
2.110045977265558064e-05
2.098410910200200721e-05
2.707133874155251719e-05
3.860010158122883069e-05
5.482253067492188434e-05
7.499899296079888718e-05
9.838425101775412080e-05
1.242110797430876965e-04
1.516764020345265493e-04
1.799339764831167914e-04
2.080961556800096359e-04
2.352455671580065417e-04
2.604560729600510880e-04
2.828212806462510791e-04
3.014883180310550339e-04
3.156945048611136794e-04
3.248047856853001204e-04
3.283480846622358344e-04
3.260508662831496356e-04
3.178659848369251931e-04
3.039943777439424932e-04
2.848964722383864477e-04
2.612896423943716364e-04
2.341280513897023947e-04
2.045620762495972233e-04
1.738764139712298544e-04
1.434088329503482959e-04
1.144549969214178392e-04
8.816822939488076294e-05
6.546573569295777758e-05
4.695390409372828384e-05
3.288431801943045686e-05
2.314884899651911985e-05
1.731695863535220598e-05
1.471188472065467956e-05
1.451585330582501234e-05
1.588913149474639966e-05
1.808478449077899027e-05
2.054120656534713521e-05
2.293803955645754892e-05
2.520746144388652041e-05
2.750087301316638758e-05
3.011915793832984148e-05
3.342126392209039692e-05
3.772944221106386617e-05
4.324928582738333979e-05
5.001873768190173009e-05
5.789336670284018815e-05
6.656699033156920485e-05
7.561906162292823190e-05
8.457495154256004441e-05
9.296361613151440375e-05
1.003595422089426401e-04
1.064016970958912107e-04
1.107899421853785437e-04
1.132669172580693003e-04
1.135986181024189985e-04
1.115681351227604332e-04
1.069936308274687227e-04
9.977417264636814613e-05
8.995724908037636646e-05
7.781224932033664003e-05
6.388766446925443310e-05
4.902855722292336689e-05
3.433607407185726115e-05
2.106198930309902318e-05
1.044638871374329648e-05
3.522262391536417264e-06
9.230637909670988539e-07
2.734668754692504275e-06
8.429406392501604046e-06
1.690671452739803447e-05
2.664454685048872777e-05
3.594197228031022516e-05
4.321170260248137295e-05
4.726683810783263061e-05
4.754296196948373874e-05
4.420653882672946074e-05
3.812213546444274194e-05
3.068015141941109203e-05
2.351727718132402424e-05
1.818676663483029300e-05
1.584866220209011020e-05
1.704760498744082860e-05
2.162754887508779706e-05
2.880211901906667291e-05
3.736323544670145682e-05
4.597743162794613674e-05
5.349728365004637591e-05
5.921050152121756457e-05
6.296358710952478801e-05
6.512791934116051958e-05
6.641673148713121146e-05
6.760185378437238947e-05
6.920885866281618914e-05
7.127991751707032908e-05
7.328110586679458416e-05
7.419660739925764607e-05
7.280352968175741318e-05
6.806945369673121388e-05
5.957371858583474352e-05
4.783457635795522776e-05
3.443484090898177297e-05
2.187870072456383249e-05
1.317460076237976727e-05
1.120979477260072244e-05
1.804413413454267464e-05
3.428727561017147734e-05
5.872295156517389034e-05
8.830265377260114218e-05
1.185552803259166060e-04
1.443643860848284571e-04
1.609721902063456314e-04
1.650022753684144620e-04
1.552695801457339229e-04
1.331762731639259546e-04
1.025725695078946395e-04
6.907710111115674941e-05
3.897689484823823420e-05
1.793279925711117881e-05
9.775359746664312612e-06
1.567110133161320488e-05
3.386679643031709257e-05
6.009270223507185674e-05
8.855229594980580155e-05
1.132815551805431143e-04
1.295613912077284179e-04
1.350398080278265259e-04
1.302769653332630571e-04
1.185577235477897404e-04
1.049942860488917043e-04
9.512441443647662504e-05
9.335240833753432796e-05
1.016417452532925747e-04
1.188285311246239310e-04
1.407864430270939094e-04
1.614647052168316521e-04
1.745890852105707279e-04
1.756197614750951510e-04
1.634527209401252725e-04
1.413683862948119535e-04
1.168790670852588875e-04
1.003794471787401320e-04
1.028066414519611052e-04
1.327959055302518074e-04
1.940017336689825694e-04
2.832863969752263977e-04
3.903366653468906176e-04
4.989738017308454439e-04
5.900314937907902421e-04
6.452796160202104413e-04
6.515662538493971392e-04
6.042196445351788328e-04
5.088427923608035072e-04
3.809428365918187689e-04
2.433070485503919037e-04
1.215657347866934917e-04
3.884500808288274325e-05
1.069155810002486496e-05
4.146553778336381762e-05
1.231238770707688971e-04
2.368012571580938356e-04
3.569489248379095411e-04
4.571621742928078319e-04
5.163716015797340051e-04
5.239150791452459269e-04
4.822055995511547984e-04
4.062389680766832246e-04
3.199347815331423099e-04
2.501012760847712789e-04
2.194622647241649188e-04
2.405087405930335224e-04
3.118338603085874113e-04
4.180734467582830714e-04
5.337095938882360563e-04
6.299983622430848067e-04
6.833987044272133837e-04
6.833442531568516103e-04
6.371785451191310044e-04
5.706166188124236387e-04
5.231115996031187156e-04
5.387759476715533362e-04
6.547321427901566437e-04
8.896309451279346605e-04
1.235325140384021473e-03
1.654203639975488542e-03
2.083529563883383760e-03
2.446515912009109527e-03
2.668175226886645383e-03
2.692609822422093856e-03
2.497735269465614378e-03
2.103678897617635487e-03
1.572284451164192125e-03
5.470707854491246858e-01
